gyro_x (deg/s),gyro_y (deg/s),gyro_z (deg/s)
1.079628122588329429e-02,5.655368069367433526e-02,4.615094709357109304e-02
-9.434456176359257845e-03,7.992579055825196899e-02,2.202458176594823333e-02
-1.177253144617367020e-02,-5.843018324958999116e-03,-3.476620105647054010e-02
9.673647660069699394e-02,4.479779994105943797e-02,-8.447334738270752610e-03
-5.630992538662056568e-02,-1.069355381768084395e-01,-1.235964049809226001e-02
-4.337560439696731135e-03,-6.849812931475801614e-02,6.162313942743507383e-03
3.373901000888982794e-03,2.412611522668977118e-02,3.112197097298980558e-02
-1.565027588937933575e-02,-3.578575779139035740e-02,5.738141111803156391e-02
2.447094722890380547e-02,-2.404286355407214346e-02,6.336514054310386779e-02
5.734491932063022490e-02,1.146526634295901709e-02,2.169079765410093785e-02
1.926381642114423018e-02,-1.286547113824803960e-02,-4.861572549203061616e-02
-4.032974537990428291e-04,1.331689814357926542e-02,1.944225422801904371e-02
-1.028098908388241084e-01,-1.453628324441776434e-02,-5.319324728452582557e-02
3.154109991168519561e-02,5.956770027974663678e-02,-8.183771854892586683e-02
-4.127854634092828490e-02,4.421744859505417902e-02,-2.514846376569056241e-02
7.650697725897896706e-02,1.787040926803515339e-02,5.432178043789366584e-02
3.615493843718237121e-02,-1.166193126821787364e-02,1.081027887660113151e-02
-5.379082652878697940e-02,-4.463818997152742968e-02,8.044782202792242955e-04
8.209619211386193216e-02,7.606300684728423134e-02,2.173463897430104666e-02
2.931656098351160047e-02,-1.658404991566178252e-02,3.382440449040657882e-02
-1.616598105162656354e-02,4.926125158590264480e-02,-1.718868498931103508e-02
1.023495969392508587e-01,-4.716670982495574545e-03,-3.761462035806121401e-02
1.408716836692203156e-02,-6.151296720051110424e-03,1.322778863196055754e-02
-2.378659230902118588e-02,4.937470062282988022e-03,9.233141358941423724e-03
9.621733618847354286e-02,4.978523192003826009e-02,-1.128328200535911631e-02
3.665940027552803699e-03,3.585433357619954766e-03,7.917924949797683354e-02
-7.008983608104268903e-02,1.078545228480297519e-01,9.652126879070001275e-03
8.266456862461961375e-03,-2.887598573706761165e-02,2.232320715327289901e-02
1.186618612026247438e-02,-4.011822569582301073e-02,2.573110836836613527e-02
-8.588776339289967698e-02,6.622747546737393909e-02,-1.080453891334459508e-02
-2.333421034488476070e-02,9.716527165181137625e-04,-1.635112427351841091e-02
-2.741417599928026513e-02,5.643990247598262150e-02,5.656654502013692271e-02
-1.465620617269331946e-03,-3.982739271832774763e-02,2.322331741095080143e-02
4.426483260464535163e-02,-4.890795531092485826e-03,-9.571623673495822937e-04
-8.793465235171230021e-03,-4.349564386359046353e-02,-1.379767486267405481e-02
3.616214144120921659e-04,1.131707297541948050e-02,2.633909074775207804e-02
2.273441271298221392e-02,-1.442819820196511275e-02,-8.742282715628194034e-02
-3.038360634578147340e-03,3.618360359609643778e-02,-1.072929192426308291e-02
-8.998525960858856513e-04,-6.681682964616622589e-02,7.863177610614493704e-03
3.239369932401321706e-02,3.350275179213568679e-03,-4.571622442890804772e-02
-4.608554495225217207e-02,-8.652649368697877237e-04,-3.246312762957490917e-03
-2.546023814446315980e-02,1.596253085929052670e-02,1.689297027870113746e-03
-3.264254866442865832e-02,4.390572299512310317e-02,-7.709323249119139077e-02
1.033583725455169099e-02,-3.544804536369154657e-02,-1.273075807544279264e-02
4.809314899166784729e-02,-3.379587519830270278e-03,-5.121124612383098906e-02
5.241139465424701945e-03,1.572751227820063172e-02,-3.347810604558876940e-02
-5.189978989790410696e-02,-8.725437160683754967e-02,-1.760638732260208505e-01
-2.467680838522103709e-02,-7.734082171761128000e-02,-2.850317622293602887e-02
-1.689668708719594195e-02,4.077091163507846894e-02,-4.862205711095355515e-02
-1.474729386418687296e-02,-2.835003661816306794e-02,-7.566416089566853354e-02
-3.640135364610371654e-02,3.370624860660778599e-02,3.490023202208830666e-02
3.015192807130118169e-02,2.320803620795290276e-02,-2.805436667678703686e-02
-3.681726673352324602e-03,4.212381793148341214e-02,4.094207719159675268e-02
-2.842651414207504265e-02,7.899373147863017475e-02,9.835066816811324775e-02
1.679514780578635069e-02,-2.593799626885102960e-02,9.764825080220309109e-03
6.501637481525716911e-02,-2.119804726828036377e-04,5.020334860032755336e-02
1.268777351694187067e-02,3.561177129468847541e-02,-2.988152190492668336e-02
5.901041707569287115e-02,-3.124565080570285841e-02,-4.347568613421108619e-02
3.598720872351861971e-02,-5.981321681703385268e-02,-9.993790116984448395e-04
1.676192915593510691e-02,6.068910904204601053e-02,4.444572146430604553e-02
2.523105968659505524e-02,-3.035357786859316925e-02,-7.923614783440087461e-02
6.890042161353633621e-02,-4.551066088276228133e-02,1.896056061823007954e-02
-2.652316894784725529e-02,-3.074973740389808086e-02,3.907414668739599833e-02
-5.997535110344183462e-02,5.875688055350709177e-02,-1.533796971474805926e-02
7.158834476482263398e-02,8.002403665833765500e-02,-5.418785392452148131e-02
-1.808442386308083821e-02,3.377413960166329027e-02,-4.013169722281586388e-02
1.452404528456709490e-02,-7.809062043301220890e-02,-2.056075282350846786e-02
9.071308262558411273e-02,-3.929824476108036840e-02,1.576259590275883374e-02
-2.341831490296575335e-02,-1.966833269120042693e-02,5.001302029772083935e-02
-1.671166383412227632e-02,2.813563452399994724e-02,-5.472663825207340488e-02
-2.054338508690228132e-02,2.140190872934519956e-02,5.289982173802221244e-03
-1.083352178186794412e-02,-2.185845374421654247e-02,-1.501650737632929250e-02
-6.411876608118127763e-02,2.746582464058642658e-03,1.928513218499536622e-02
-1.080012366624074488e-02,4.948298625145033935e-02,-4.768110089065193125e-02
-2.090766074368770669e-02,4.148591936174018599e-03,3.018838137662170976e-02
-2.589264764838801122e-02,8.957442911466511129e-03,-3.928575920771444629e-02
4.900046499614318235e-02,-8.540845386145572149e-03,4.540644734825451286e-03
-1.704635962872205063e-02,5.661351764349224769e-02,4.489773609438636737e-02
-1.616165237042944958e-02,3.503446555638023430e-02,-8.184716032519995244e-03
-1.028593837326959026e-01,1.615785436843713771e-02,-3.927964108430785639e-02
-2.451856069029717880e-02,6.663493775781670347e-02,2.743571013534289865e-02
-1.105782589357567772e-03,-3.121018018742637706e-02,8.576336477296979399e-02
3.263274522130456962e-02,-4.502995692907656861e-02,5.827282611733143602e-02
1.715534828412077634e-02,5.304367810940760486e-02,-6.869007198701825023e-02
4.733008701592564954e-02,5.373916751391267371e-02,4.007119164996036931e-02
-1.078494256397483433e-02,-1.872059441030030774e-02,1.976691225893886534e-03
4.519890773748126006e-02,1.685552060099106131e-02,3.281369263347462539e-02
-4.128912649616803265e-02,1.450643156163105088e-02,-3.000006212621613572e-02
8.808051771835766208e-03,3.237545246733125603e-02,-3.457684266276263296e-02
-5.239465967226309556e-02,-2.868678281532594312e-02,3.319736535774889946e-02
-1.304302112532886200e-02,-6.922096578892590613e-02,-5.388713931963776127e-02
-8.105252525930532748e-02,1.155154815312029251e-02,6.564884296767163618e-02
-3.498123526233137132e-02,-2.170796516135366228e-02,1.197138614712022799e-02
-5.653880583942921811e-02,5.736691821680175996e-02,-1.187143690579825495e-02
-6.927378255278398775e-03,1.762905502041141326e-02,1.883732825305843572e-02
1.064142926789984032e-02,-2.537510569415998840e-02,-3.870842348864592369e-03
4.295493046244863722e-02,-4.112428917659618349e-02,-2.454668235511485094e-02
8.317715721059503603e-03,-1.141146279531015523e-02,-6.737914733368011166e-02
-3.864410001643730358e-02,6.397763980509910131e-03,4.031932283688316465e-02
-1.771671206073635249e-02,2.288326879481830320e-02,-1.401288834207198888e-05
2.209558268610321147e-02,-4.419064130188925314e-05,2.117237800867379990e-02
3.256765044859292330e-02,1.802257562445495204e-02,3.159667627327806400e-02
-1.373456449715721936e-02,9.129484031300750396e-03,-4.087077669518835582e-02
-3.041280971884476741e-02,3.604374253995921984e-02,-6.936023472077412766e-02
1.112886640851138559e-02,1.507259014897741837e-03,8.721307370662365055e-02
-9.220933892183792724e-03,-5.401768385204746420e-02,1.863254398303251444e-02
-4.003935821082213464e-02,-3.102753865218343607e-02,-2.394967462820214721e-02
7.512142888995390622e-02,-3.826728430513907930e-02,-4.194637907690421108e-02
2.187924154987587466e-02,-6.118291205012865025e-02,-2.749200794978202619e-02
6.149769051531876751e-02,3.896971368455867668e-02,3.524119842843630168e-02
3.428677948197748210e-02,4.549645844228754343e-02,-2.151958942405571631e-02
-1.928383911629469923e-03,1.357277572179603313e-02,5.106438080815707548e-02
3.575484182453931431e-02,-8.920525007296902995e-03,8.009239814547810740e-03
-8.494338015276804710e-02,-1.637995709197601416e-02,7.370392420796977040e-02
1.461721016316124694e-02,-3.697779710144258325e-02,5.896412084185302660e-02
4.123031830040231605e-02,-1.653971572211859406e-02,9.535943295516487173e-02
-2.449454642699648230e-02,-1.564068318025979912e-02,8.918846188843258110e-03
-8.213365571710791154e-04,-1.779931464665399088e-02,3.305341939824990583e-02
-3.455098909413844774e-03,3.684036737616992740e-02,1.491274757839227728e-02
2.885242817615530156e-02,2.970657955276187479e-02,-6.675158193187628874e-02
-1.316137134797355605e-02,-2.630393943469862966e-02,-5.031935058956995416e-02
-3.591787276083985292e-02,-5.191413012122642751e-02,1.577216182985419213e-02
1.149208349222067063e-02,4.976876251653972183e-02,-7.871868394067334240e-02
4.640773806825847225e-02,1.983264468369145064e-02,1.127468120339071289e-01
7.460256682914870319e-02,4.407235671592558968e-02,-2.432035403649458402e-02
1.541879929146408937e-02,-1.540974701766355606e-02,-1.894972548810291979e-02
1.734924792935806440e-02,-1.663132483736040265e-02,3.407029270049998643e-02
-4.618899596755277753e-02,2.561827832997153054e-02,7.356319552851500743e-02
8.613136881923541543e-03,-6.513686737943302774e-02,1.567798511479786411e-02
3.894246362433911174e-02,-3.922180289597613362e-02,-1.981480862239232837e-02
8.353369744909446004e-02,-6.682375038359097529e-04,-7.366695407778732496e-02
2.571619330305978564e-03,2.492761181561771455e-02,6.716483778850580733e-02
-8.439170154549245628e-02,-5.345454308443914337e-02,-9.910789430622972754e-03
-2.392502359719428720e-02,6.640739909389717366e-02,-1.611922703397731388e-02
-4.487585973515349075e-02,-6.897629748494710222e-02,-2.571763152316384679e-02
-5.929730348178313681e-02,-7.145051418698698462e-03,3.612666135306220883e-02
4.618207932619189382e-02,6.391309748761306309e-02,8.960400589069656210e-03
-3.218973650660329061e-02,-2.151054403999319228e-02,-2.247054651842703490e-02
7.347641747037486799e-03,1.421734894792637226e-02,1.028489626717854662e-02
-1.158558123752289649e-02,-7.653218063245165181e-02,1.096050194886615415e-03
-2.676365475455945095e-02,3.307184431752371867e-02,-2.121988518201573665e-02
-3.775174704499064532e-02,1.803875825062844704e-02,-6.800149677078191901e-02
5.426759032207662675e-02,-4.347505601555490262e-02,-1.788695307110816854e-02
-4.231035200358552323e-02,2.116799673731840567e-02,-1.250439991968156292e-02
6.145622555336643922e-02,-4.743016441640456049e-02,-1.683382959387320563e-02
-8.284212282230657420e-02,2.091214123544922823e-02,1.541377283957635728e-02
-2.319476040648961457e-02,3.627461666660606460e-02,-2.806233294585491062e-02
5.290266036575969749e-02,1.994724719580814182e-02,5.571504290416708777e-02
-1.667513417349654123e-02,-2.192611811952920389e-03,-2.263183421963339825e-02
-3.072810238635130531e-02,2.121707505642452841e-03,1.371632703752601393e-02
5.099953583271073232e-02,-8.121565684279527866e-03,-2.161813116427917009e-04
6.514248165612686325e-02,1.117080841698809245e-02,5.558276641137776392e-02
-1.588497900338438004e-02,5.257957458188892291e-02,-3.915819752727110054e-02
2.025254662465805766e-02,8.066593637488282675e-02,6.544911839780206964e-02
-1.594540905776380829e-02,-8.864904592002722725e-03,1.776470959834519636e-02
3.300132134496913672e-02,2.582374106562558558e-02,5.578512422744014154e-03
-1.042988051018660517e-01,-9.879687265457310057e-04,-3.454219357035775290e-02
-8.441817915712591588e-03,8.981913008743874771e-03,-4.605506809321022188e-03
1.031297056756047201e-02,-3.019229310272498242e-03,2.671421603395854327e-02
-2.159970843740191895e-02,-4.255133097451360702e-03,-1.441555065984866622e-02
-3.828508820678944852e-02,-3.097376318528377928e-02,3.994841611778083418e-02
2.573043264477385336e-02,-9.139221747555593967e-02,1.119566688165661919e-02
-5.084554599874765296e-02,-1.332963367934839570e-02,4.636050925906725489e-03
-5.544676738735115906e-02,-6.135561615480639164e-02,-3.257060055779986696e-02
-1.954662390822032789e-02,1.877859954268387135e-03,3.366699692513759612e-02
-4.852000787621552069e-02,5.293735111790138365e-02,-5.576327735907350008e-02
3.622524017872268565e-03,6.359001860300376270e-04,2.989072235991225776e-02
7.544683719101236141e-02,-7.014336100402998597e-02,-2.476822060461556299e-02
-3.435576848950920581e-02,-5.747935205975866074e-02,6.118804095902277695e-02
4.803098453105426879e-02,-2.556949918997767409e-03,-2.881821797379310879e-02
2.545646145238474045e-02,-2.736566604271544606e-02,2.702526078687476907e-03
3.762151296400553790e-02,-4.221784889611421981e-02,1.135199762727666546e-02
6.683334981053618007e-02,-3.015361291559239335e-02,-7.139531300779330958e-02
6.605702444530928141e-02,-1.105381126946685874e-02,-9.307936298211879830e-03
2.981364189447706370e-02,3.765992687946643352e-02,-3.418587943882692159e-02
5.159264503505418820e-02,1.780271858563013329e-02,9.638090666343693963e-03
2.744463833823060014e-02,-3.400746786577690112e-02,2.571554657281509802e-03
1.404221893057621545e-02,-3.503505751749493718e-02,4.294156951363558433e-02
8.786460892095097897e-02,1.371278628198695400e-02,-2.495001912956317652e-02
3.984462922904725979e-02,-2.853805508989874784e-02,-9.742376675141627140e-03
1.205144718543716721e-03,-4.137764798386837223e-02,4.313560323583627565e-02
5.123972693025185404e-02,8.589669153954624520e-03,-1.026600835008851902e-02
9.225824153883116843e-03,2.084753648263754783e-02,-8.934836918068862072e-03
-7.894367827543914695e-02,-2.660742064532086934e-02,-8.282318868374509424e-02
3.344174429016796846e-02,-2.218406190474106823e-02,-1.491616683259671707e-02
1.260834360313365515e-02,4.173712647080994598e-02,-3.650576629291397285e-02
1.594858517074364615e-02,-1.982470664796637944e-02,3.478459086693071189e-02
3.509049594769676067e-02,-1.756567367545279826e-02,-1.818694813431006793e-02
-3.668909499287789644e-03,-3.507105641177238331e-02,2.189068647554396480e-02
-1.088542698669196611e-02,-5.676221345906806021e-02,1.562898865190331249e-02
-1.080334340093439850e-02,-3.895442941886288757e-02,-2.086865900928218994e-03
-1.969222123290747042e-02,-2.697981409229963101e-02,7.535804893188574605e-02
-2.993848868699223575e-03,5.120184603366891019e-02,-3.317689023080110794e-02
-6.582231702114737029e-03,3.917434407087415880e-03,-1.119797400184133901e-02
1.257587118093914796e-02,3.486843232781813157e-02,6.157554882759207898e-02
4.105414898039271704e-02,9.322956010039036567e-02,8.055390736520935679e-02
2.450968806967638745e-04,-6.057971877757910295e-02,-9.047221642371181677e-03
2.698135124317109935e-03,-2.357833558418091086e-02,3.584579686818357980e-02
5.721514367829818454e-02,-3.104199090302054223e-03,-3.106812881077474029e-03
-3.394327278711758988e-02,-5.093071993341950071e-02,-2.761750311090594573e-02
4.409499519333014844e-02,-3.052240553152531233e-02,-4.357757959360133992e-02
-5.693460006244916577e-02,3.137637140270756880e-02,5.855990222978885856e-02
-1.290085263314857782e-02,-3.546059069726609225e-02,-6.286209660616080136e-03
-4.357208592452251755e-02,-2.909169291193154649e-02,1.476820651541369683e-02
8.313319745145382467e-02,5.532739744847955943e-02,1.604105562335527910e-02
-3.016284431541171526e-02,2.244321015707494843e-02,-3.829878338728455456e-02
2.466530312854174969e-02,3.340528537865031927e-02,1.991575257038867217e-02
-8.094841049460023072e-03,-9.106184389074813146e-02,-3.001802307456019267e-02
6.850560808148917213e-02,6.270326127439269925e-02,5.872519205797627206e-02
-6.159329261696742247e-03,-2.811602048722523436e-02,-1.466087327555477783e-03
-4.621672676767425714e-02,-5.452425850510961985e-02,2.240243928024740483e-02
6.002139668779533921e-02,5.846813480046559458e-02,2.106528606711455948e-02
5.537452155843178292e-02,9.260760468248089650e-04,-5.656146061448626139e-02
-2.882940003296422318e-02,-5.187100928897946106e-02,3.387818662393453362e-02
6.345710807054065483e-02,4.361236762024436886e-02,-3.197378454059678077e-02
2.122687826262695601e-02,-4.336953766176088187e-02,-4.954546803284511081e-02
-2.310793572542273883e-02,-2.676409458239095707e-02,-1.690968098234817835e-02
3.254852487936428593e-03,4.128312426054543682e-02,-4.781018989263626363e-04
1.224873787356919354e-02,3.546016191922948379e-03,-2.042841944987814837e-02
-8.872400291883564966e-03,-3.478930371222597323e-02,1.068266019384488640e-02
7.625009007314203363e-03,1.487948702513562822e-02,-7.967713237769078263e-03
4.186548795136820975e-03,5.243787717866324471e-02,5.734620686262618949e-03
2.481802137928256283e-02,1.610434931664999833e-02,-4.816577738781218504e-02
-2.208311212440012411e-02,-1.590211412536015820e-02,2.750999683010797031e-02
-7.749602269447246165e-03,1.636283708638532411e-02,-2.528158869843130999e-02
-5.020863881369656834e-02,-1.633675352317856891e-02,1.491467527367502065e-02
-2.835432219442590111e-03,-2.887828337646241791e-02,-1.612259851985833187e-02
-4.281213431501797173e-02,-6.853408255200248156e-03,-1.259193853797527761e-02
6.687248409929724691e-02,2.792517152118967685e-02,-5.713396542410506540e-02
-3.820537202043493286e-02,8.972120167010830608e-03,-7.904494146142972480e-03
-3.042937784446412414e-02,-7.236217387644919286e-02,-3.347313653732596032e-03
-7.742124203871794674e-02,2.592743075834620659e-02,-1.954918473899679501e-02
7.739748117137677449e-03,-5.190274274388806397e-02,-4.887587717926716868e-02
-4.306257780482028452e-02,5.287938300303571780e-03,-7.623926439024519830e-02
9.210969856971909508e-02,2.319254445932782474e-02,4.401818027943668610e-02
1.437471629764219654e-02,3.450577869129575065e-02,6.075588930708290814e-02
-8.999614334469484278e-02,9.732211023570568054e-02,7.698382310314433319e-02
3.104256411875573607e-02,-1.910518727625264840e-02,-1.013631714221122915e-01
2.094007482481276619e-02,-2.064197365589187996e-02,-3.197112781722487307e-02
5.962990927997798701e-02,3.231868301749602629e-02,2.442530447518351591e-02
-4.286329469044696493e-03,-3.067512214237163443e-02,-5.689121805396556153e-02
-2.638048972225324161e-03,3.527914305347770729e-02,-3.739764393047763369e-02
-3.319425858105299037e-03,-2.514638956234660494e-02,-1.874606868513431154e-02
-7.339450867089611884e-03,-6.670738634780495890e-02,4.757674420445114072e-02
1.400202834330476452e-02,5.532092013007110926e-02,-8.011412293386470374e-02
1.158634120544794859e-02,-2.683534850193008969e-02,3.444843300693205962e-02
2.712475756450056369e-02,1.453429304117449458e-02,1.788651470552681325e-02
4.225575426544497804e-02,-3.839174417199198858e-02,4.249427868960275329e-02
-1.973623505342141787e-02,-1.500166621393327591e-02,-4.588332218310847352e-03
-4.411534173748998117e-02,-3.287145269428691161e-03,-2.941432630731414741e-02
-5.986805249824347398e-03,1.748213055333518520e-02,-3.114752103110675005e-02
2.494199129900614466e-03,5.519381430250006049e-02,5.145564528524249059e-02
-9.602284201760407853e-03,-2.920900657174957046e-02,2.160653213081186949e-02
3.746163277263947489e-02,4.555629508793493376e-02,2.451423455562997192e-02
1.379052041671683000e-02,2.053411640236648891e-02,-6.979966571581446011e-02
-3.247740398366006677e-03,-2.826427026400842382e-02,-2.206536694289339823e-02
-1.393252773971564301e-02,1.604724519960465043e-02,-3.793599630519776250e-02
6.596398566866573665e-02,-4.708402176647194515e-02,-4.364052049815612261e-02
1.669086809233964047e-02,1.117732409929186183e-02,2.039282160418674772e-02
-5.958573426537440432e-02,-8.990073490282133803e-03,-3.705689083994208322e-02
-2.404671716652559410e-02,-1.380477789387026324e-02,3.794740130786482951e-02
-5.109158793865693077e-02,2.651931181757041789e-02,-8.155634748785602463e-04
-1.348142974281159485e-02,-5.980634761738436861e-02,3.156531889671195662e-02
2.045539511248287493e-02,9.927150296732287216e-02,7.645012991624236531e-02
2.084877634159651785e-02,1.250967159000882997e-02,-2.787589283347660304e-02
-3.325726162527625068e-02,-5.382105501566342154e-02,-4.093651478447907915e-02
3.303286336900617542e-02,6.504496389076697138e-02,-1.461446445958213339e-02
5.259665012201493461e-02,2.617847872824894534e-02,3.940415669683620947e-02
8.081265893930798805e-02,-3.087829618627727785e-02,-8.847229398569536607e-02
-4.468094605138550959e-03,-6.368669800833912098e-02,1.524985564189707021e-04
-5.909121318283246799e-03,5.304648890464125355e-02,9.148169078208759179e-04
4.376396876551228582e-02,6.607915381996330717e-02,-2.897807387432788442e-02
-2.051541178679886987e-02,-1.189329177491586439e-02,8.826334424589835081e-02
2.583731135722524067e-02,-6.099712765604321796e-02,-6.118791248464960919e-02
-1.578125874634611972e-02,-1.521116605522087641e-02,-1.225839316285320772e-02
-1.275120189516127378e-01,6.384285644200597687e-02,2.633912891654216146e-02
3.872812625394065483e-02,6.364853358647845627e-02,4.947298174173479085e-02
-3.301239162557884771e-02,-4.528930174054929952e-02,-1.385871654796431464e-02
-8.330955255756930522e-03,5.157838978783110123e-02,-3.508050509845849537e-03
3.180691428321195946e-02,2.427204548352309560e-02,7.292142100376199261e-03
3.527735051235329072e-02,3.897784376316212884e-02,4.647402408779906235e-02
-7.360312236831161384e-03,1.755952166955721330e-02,6.934134509790444711e-02
1.016252595055724441e-02,-1.339334008362166005e-02,-2.908071118791908521e-02
1.670797173841236105e-02,5.282919724738967260e-02,-1.805239301604368712e-02
-4.612266210957922247e-02,3.486828982590289838e-02,-8.253280446142610693e-03
2.012127456373040066e-02,-1.937212707471330656e-03,-5.629914763018790264e-03
4.517549846594429153e-02,-1.588905165457520779e-02,-7.428734794814563502e-02
-3.495324113025129881e-02,1.153120220674975702e-02,6.896473232547938037e-02
2.596738151875368963e-03,5.922477043813852149e-02,-2.158651347466262679e-02
7.244414818348648977e-02,-2.533018767991326511e-02,2.026623005669229982e-02
5.496113486221579358e-02,-2.697250324261483978e-02,5.885901998279589181e-02
-9.492383996198613255e-03,-1.272608130565435099e-02,-2.366503283196205384e-02
1.885604411451837631e-02,5.556228086670866526e-03,-4.528437702479264082e-02
2.013205521840048112e-02,1.488251281425445605e-02,-5.610683226328374434e-02
8.903921372903220166e-02,1.783333770522258421e-03,5.228812899074271629e-04
-2.988452697137602629e-02,-2.024028697076642180e-02,2.347779639225795051e-02
3.856878127004563506e-02,4.220994247343677619e-02,1.398708705252910654e-02
-3.176348999139962104e-02,-5.500192939452055313e-02,-2.244768837469683642e-02
-7.834518258974373581e-03,-5.994455501294921468e-02,5.394137959748648153e-02
-1.968133277258816635e-02,3.928164103479009350e-02,2.042445617185349727e-02
4.131907868903601788e-02,-4.932827563947721899e-02,4.808177160181414250e-02
2.380697253180860153e-03,-8.046790578912935143e-02,-6.040179486247122809e-02
-2.316872701723973749e-02,4.618383990356213220e-02,-7.808200550177500643e-02
1.601050057628596035e-02,-6.754739752775366923e-02,3.816708963375040758e-02
3.131787072603324507e-02,2.936126372157097861e-02,-6.167414358534907028e-03
-6.387491711539736161e-02,-2.203878738527189143e-02,-2.063975676541669746e-02
1.609576076802290284e-02,3.673628065389796839e-03,-5.413641807721773086e-02
-6.996153489523701530e-02,-1.458729612238148128e-02,-2.363248465321400940e-02
-1.018149659457488476e-01,-3.167707323573753370e-02,2.123942749188364315e-03
6.937783067759860541e-04,8.164723986029723615e-03,-6.266783174174374305e-02
3.582153133761746544e-02,-7.153396347765757224e-02,5.284864388371076499e-02
4.066951065301065149e-02,4.782698004161926170e-02,-4.773384883471519513e-02
1.147297969192842132e-01,4.145244644279195978e-02,-8.423626634499426988e-03
-3.612598393879855319e-02,-7.068850597425009596e-02,4.647696851663279949e-02
2.939636171992426536e-02,5.268815633538011245e-02,-3.670850524075278815e-02
8.374564863924405245e-03,1.280835842592164056e-02,-9.526891144248282595e-03
5.737128368665833644e-02,-4.543932796803983737e-02,5.835896865964911029e-02
9.868013887353076566e-03,-4.374616041492503798e-02,7.797350308200293179e-02
3.798442745184351255e-03,-1.298595148901973521e-02,-3.790740878458224300e-02
1.156369774926024538e-02,3.034323100150757360e-02,-4.512074115118037097e-03
-1.029982253080787419e-01,1.248904956855878892e-02,-3.175308133041921527e-02
-4.968038877021183769e-02,3.367504173640269854e-02,-2.267160245898491942e-03
-9.241681451782320089e-02,1.893306970891984629e-03,2.434147629381130332e-04
-2.808522138530544776e-02,-1.577585552779567357e-02,-4.839205819140786520e-03
-7.768038876355531225e-03,6.208502207789281385e-02,6.930306365347096986e-02
3.126318883269284254e-02,1.090344076702502545e-02,-5.410840979747359031e-02
-2.982015703976305041e-02,7.781027813330486376e-02,-5.434319173584223339e-04
2.785164348857530406e-02,-2.987144327881695663e-02,-2.254988976516406063e-02
7.123663669772255236e-02,3.518795143254285296e-04,5.227291621670790422e-02
1.653262654651721161e-02,3.194556223219946478e-02,-1.508008264286932187e-02
-5.466566806733772627e-02,-2.154385292189348391e-02,-6.473666178256441694e-02
8.577696831863643179e-03,1.277774135989617928e-02,-4.858520750123018067e-02
-3.327544217671177945e-02,4.133316585465330456e-02,1.103713942491510447e-02
3.929465929711586925e-02,4.097875221928374070e-03,-1.417700277162568454e-02
-2.656573137664083178e-02,-5.097988748353306232e-02,-2.677509779135348045e-02
8.217258690922692177e-02,6.113477947566632598e-02,3.281491178306234630e-02
2.194013357315121107e-02,6.399486438173662695e-02,2.678632793496843467e-02
-5.040226400639874656e-03,6.382121847833567389e-03,-5.194467550590340515e-02
4.831717152291258727e-02,1.820096936165124454e-02,-3.941680984433688917e-02
-3.990383798336202825e-03,4.912554017341744933e-02,8.479826877983047406e-02
7.654493529893670323e-02,-7.547737906542910380e-02,-5.709677523241941943e-02
1.821635872940019843e-02,6.856395115329119716e-02,6.841422050337668710e-03
8.443896366271884391e-02,-5.247609164810666110e-02,-6.304319565100670320e-02
1.043258174001105570e-01,2.239292922168308747e-02,-5.627351185646763121e-02
-6.596529275394498286e-03,3.500061413883017586e-02,-4.655244376660178096e-02
-5.448440125053106292e-02,1.180728639066456901e-03,-5.317810111772611897e-02
-5.669446041359507693e-03,-3.062434995879092028e-02,-3.301617104824563359e-02
3.181608189895472616e-02,-1.108906925328960597e-01,9.817919413389388297e-03
-7.985013157022399777e-02,1.398634052041160952e-02,8.419527404540962101e-02
1.595803332619505008e-02,4.101777794849868763e-02,-3.051238207525048401e-02
1.916323426692663826e-02,1.661560136072210564e-02,-3.542074700357517036e-02
3.313751538065499991e-02,-1.749638603885520990e-02,2.812430077635955095e-02
-1.295444416939490161e-02,3.934018172596869672e-02,2.064583203779178644e-02
-2.673743439610855310e-02,9.094901190366667595e-03,-6.862393437278424546e-02
-2.173169493459227788e-02,-6.680806692038929184e-02,3.574605189624303903e-02
2.160339441226042951e-03,-5.021209633595744015e-02,5.430331387469256380e-03
1.522670857950690973e-02,2.625068313899047573e-02,4.677042676904909690e-04
-2.946728642645264282e-02,-2.215429480288784447e-02,2.118612152474760521e-02
9.312256662063587639e-03,-1.179575407742697660e-02,2.176290798970786575e-02
6.536632690827486915e-03,-4.956091282777536772e-03,3.169986014694118476e-02
3.873490036026497330e-02,-8.352409184925094210e-03,-3.003582370954985606e-02
-1.439966448914984168e-02,4.460277111618961288e-02,-5.486411469596755991e-02
-2.765755681750562897e-02,-3.057805559805180928e-02,-4.438038122240040712e-02
-1.897778724504928932e-02,-4.689032495263700112e-02,-5.822294229369786613e-03
2.106613562134525622e-02,1.088146873588721579e-02,6.683778133854709202e-02
9.642286866645092408e-03,3.476863860430824682e-02,1.284844811133161735e-01
3.106188022407832885e-02,-1.277857837498260927e-03,-5.421711342793597566e-02
2.675446220242804624e-02,-8.013613769267703690e-02,5.708155114892534202e-03
6.773086806191012943e-02,-4.419596549463399027e-02,5.392563395444309460e-02
8.640964504012084782e-03,5.568286171293475306e-02,-2.402272370322642778e-02
4.975971683545091229e-02,-2.157441361240278535e-02,-1.287002813687419811e-02
9.270955542167362562e-02,8.080920288205732660e-02,-8.169863054353164455e-02
1.699959349551566357e-02,2.250066899914376570e-02,-1.763248519145315871e-02
4.593075753642979209e-02,1.208032730980168612e-02,6.142105477973345412e-02
-2.118109652344831589e-02,1.731401238045247523e-02,-3.938985911440869014e-02
-8.898957896218952224e-02,-1.319135789679250388e-02,7.326698621305337278e-02
6.645631506943011635e-02,2.227959180930535674e-02,-4.794289040479568498e-02
-3.078973026049404080e-02,4.184166802373206345e-02,8.552088304337553126e-02
-3.709881088767824631e-02,-3.025773347852405912e-02,-2.838477605000715859e-02
4.421059164547014309e-02,-4.986968063848392328e-03,1.781963439139920904e-02
-2.892427679869965726e-02,-9.044729192624874001e-03,2.400246537553692855e-02
2.765845227578479434e-02,7.317644021682341571e-02,-9.108273253324609617e-03
-7.394111223381019671e-02,5.375058114035722104e-03,2.462924377121289421e-02
-2.870656105074960093e-02,-1.987032786237448445e-02,3.680753476069733438e-02
2.648779004523707514e-02,-2.120398815269210896e-02,-1.887604351825380306e-02
7.068728781070508782e-02,2.437205581872664215e-02,6.831684639458078696e-03
4.140981100303724183e-02,3.097946924740341626e-02,3.865326825700751701e-02
1.871297248178483905e-02,-3.399147899178321663e-02,-1.234878142777863681e-02
-2.850289366906988073e-02,5.901176276935241050e-02,-6.736956716889501429e-03
5.892594641338137068e-02,2.564844977259660153e-02,-2.195398927996576599e-02
1.003653181008026286e-02,-2.611939189532449732e-02,8.007304647117125321e-03
8.266477900259082412e-02,1.466134782062526731e-02,-4.597168043020067457e-02
8.399559093622430139e-03,-4.488125749506026441e-02,1.196893935797605640e-02
4.248695811499681070e-03,-4.009226995437849272e-02,3.507505112908569644e-02
-3.431259412163539108e-02,-2.057177741055388892e-02,4.081723072147366849e-02
-4.249127498848218054e-02,-4.861596880248450492e-02,-5.881700881099468509e-02
1.939076989881973259e-02,6.480164788952148813e-02,1.012969417122276498e-02
-6.198040920502017465e-02,5.640253706442414222e-02,1.239164903783009780e-02
2.143789025776971294e-02,5.403451122441596879e-03,1.227766601969248854e-02
-1.060906930611184990e-02,-9.522588536721098354e-03,-3.726234167303477118e-02
3.263762095616495190e-02,-2.516493037298230331e-03,1.745196450434703325e-02
7.869299519015500455e-03,-5.197849517742371417e-02,3.301960911000058341e-02
4.298449123826898061e-02,1.409907445052610737e-02,-5.802059361847722611e-04
-5.915067272569214142e-03,-9.268810752301505362e-02,1.047352666554256587e-02
-6.977931704897911980e-02,-4.775764873038693820e-02,-2.669735991822129104e-02
4.963990609011270649e-02,-4.747465002587345460e-03,-2.852150044561602496e-02
1.733229649405873887e-02,4.078262576609754247e-02,-1.787814039706814295e-02
4.937321911402864361e-02,-2.003166050727597791e-02,5.755466008032591313e-02
3.224347450003955257e-02,4.177549030974515160e-02,1.073784370810857910e-02
-4.663437528234960078e-02,3.312476727795801712e-02,6.052607731930526730e-02
-4.632921613175383646e-02,3.285475928531440826e-02,-3.222169410091599989e-02
4.356540244727159783e-02,-3.705216022904303779e-03,-1.361122343201080255e-02
4.491162999945581824e-02,-7.587188047743822703e-03,-5.396163058658685202e-02
-2.394890101605032587e-02,-1.315240124232675348e-02,2.444444471861645027e-02
-9.419750142746040333e-02,2.502070971978425859e-02,-3.370534731965597885e-02
7.163369647756854391e-03,-4.418956002843960756e-02,-1.908776326002304888e-02
3.423429864562713837e-02,1.529386701061309292e-02,5.217361427679944458e-02
-2.070106574909177932e-03,1.093757469700527493e-02,3.277199917811376290e-02
-1.955604895292300735e-02,-4.327985193563900490e-02,5.391482036204902489e-02
5.101072391466206918e-02,-1.749816804888620903e-02,9.933504390604573978e-03
-1.039693501772003675e-02,3.661129122432436878e-02,-3.573817644803854027e-02
-2.807295817751977868e-02,-4.017111581653878133e-02,8.472710617116773965e-03
8.439234392082581998e-03,2.054157813972709579e-02,-1.156040534111734686e-01
1.332725673538181187e-02,-2.838478189665691667e-02,4.046535333576414123e-02
-3.857572285792076200e-02,-7.025521619860648770e-02,1.158636324833229756e-03
-2.722148219051485907e-02,-4.321559129795045362e-02,7.843727770518717224e-02
-7.763210185283596354e-02,-1.438358489875504352e-04,-2.325110711556347201e-02
2.278918930170673041e-02,-4.229740709908530460e-02,-4.287054446641268453e-03
-2.138491433753854018e-02,-4.558794461980759938e-02,6.047283370683639164e-02
2.691707819941585242e-02,2.744130565897036703e-02,6.703838340843858504e-03
1.970750341819569674e-04,2.999647429807015750e-02,1.170806482746696540e-02
2.580135870083056018e-02,4.694586644843422307e-02,-5.125901221009938197e-02
-1.406945029378920027e-02,-8.929156386173272772e-03,-1.075296208512157084e-02
-8.191441511762075078e-02,-2.942354397225215024e-02,5.198206473093386348e-02
1.777302084842257573e-02,-6.150241679364437837e-03,-1.320586403344257628e-02
-2.157778269265539072e-03,-2.251786783994881580e-03,-9.437597741294432782e-03
7.450544838198916442e-02,-1.706610056801015178e-03,-1.842023797199834195e-02
-2.447000063667780292e-02,3.496148274599292921e-02,3.918276576210082823e-02
-2.069797681139620704e-02,2.930974841991228555e-02,-4.182428497510023990e-02
5.880360447424869998e-03,2.155264109783448789e-02,5.545938467115255066e-02
1.279898826058546019e-02,-5.692909170473563901e-02,2.344217500672584990e-03
-1.735552400573292173e-02,1.982211824157898913e-02,3.142171749558409638e-02
3.242652262865586971e-02,5.807712176174341205e-03,1.012094078363981881e-01
2.768177266899359001e-02,6.652897626787156182e-02,-6.041164176876585162e-02
-5.218288529181647206e-02,-1.011467987934934129e-02,4.629087674862534391e-02
4.498719763759440049e-02,1.012725463675622078e-01,3.909701482639659637e-02
-3.602983367850068341e-02,-7.836929908374185016e-02,2.612724870039057415e-02
8.222974654796583183e-02,9.066727605921516553e-02,2.667596353177009369e-02
2.610848781970537616e-02,-9.497620525078968173e-03,4.586817013645200919e-02
-2.761755642512691428e-02,1.910709312492387540e-02,3.342676852252150776e-02
2.601683885313050767e-02,-1.920155800877546351e-02,-2.159433251565560236e-02
1.775405675688676924e-02,1.409402193927706930e-02,2.676239747555704193e-02
2.480937101630341021e-02,6.606352060454545594e-02,-4.616662394484681575e-02
8.452162599171977875e-02,1.411992080776103796e-02,3.008041738147719871e-02
-8.551267533548612132e-02,-3.594986103009644579e-02,-3.377212691174846099e-02
9.723141741566639074e-03,2.363335838387651752e-02,-1.741766814753854115e-02
2.011856440549386268e-02,-1.020765315446945515e-01,-7.355701925108928951e-02
4.289467335616181654e-02,8.384675176856830336e-02,9.948490604940034288e-02
2.046868992180200103e-02,-4.909018028391105848e-02,9.255710818283269595e-03
-3.049748936400377766e-02,-2.747128324269520333e-02,-5.750721055590556074e-02
-1.804614813196912804e-02,-4.357388724746084560e-03,-1.100813662707494228e-02
1.063889715261888934e-02,-2.872273872981332896e-02,-4.544515585463496099e-02
2.331150719093635915e-02,9.580355710586212215e-02,1.155652260084200911e-01
5.910660179488207155e-02,-2.215521868549524126e-02,-5.058936056440050538e-02
2.652855743693274815e-02,-2.202877005257302193e-02,-3.649426084617052313e-02
-2.705549988693859223e-02,-2.743829308371124789e-03,-8.442816841197275587e-03
4.118505961167586576e-02,4.261882505678513816e-02,7.019777785694695550e-03
-2.140866770080656831e-02,4.575377558594037608e-03,-1.515779368035512741e-02
2.283490533813855444e-02,1.505868594001899541e-02,5.856828509641998082e-02
7.124475244840654253e-02,3.198154440280651101e-02,-6.481361662312445926e-03
4.620718922971728780e-03,4.987546413439019471e-02,-2.035445632314043449e-02
-6.291822683250294533e-04,-6.385619767765664256e-02,-9.215102501603487234e-03
1.970962739310559708e-02,2.073371411398494679e-02,-6.773233984220117243e-02
-2.597771823031030936e-02,2.815283671365135729e-02,-4.041848053843338437e-03
2.349251468857541450e-02,7.504170973777399972e-03,-2.462908549830491317e-02
3.540137211190574895e-02,-6.509146606263210844e-02,3.727083017748879928e-02
7.590685557142012874e-02,9.900134565270954715e-03,-4.080901753148590688e-02
-1.684094207940159144e-03,-1.017046064742549785e-02,-6.976996385499978359e-02
8.277670413285399820e-02,1.483341868697675642e-04,-6.584376469297299750e-02
1.214311205643509028e-02,1.395667402354921170e-02,5.358743843838349730e-02
7.249323822973880241e-03,2.358119185139015330e-03,1.051745453271198116e-02
4.320629437630543745e-02,1.042976857938309326e-01,4.014014105394244497e-02
2.887395907919484452e-03,-2.648176797065037238e-02,5.265398469041769614e-02
5.127922732763092427e-03,-4.649480668636834374e-02,-8.898005764839154313e-03
6.242038128363189969e-02,1.660508084496184478e-02,-4.262522215114968038e-02
3.228060427622084227e-02,-1.668471757287509627e-02,-1.246121436045320198e-02
-2.871554689163688737e-02,-6.102983504064179998e-02,-1.489776690833704079e-02
9.650205784832797951e-02,-4.457000557081643860e-02,2.526836779511584460e-02
-1.545595831480247977e-02,1.822759185871241153e-02,6.286004938372900808e-02
-3.420266741106448710e-02,-2.002170593867242873e-03,8.274686646419374125e-02
-2.022907163187216001e-02,2.509549579696023977e-02,-6.089178569409157277e-02
-1.009133029889984212e-01,6.135123943492682558e-03,8.101767064365611448e-02
-3.450804343214197017e-02,2.913050962278777162e-02,2.981785112518923683e-03
-9.614143630131783899e-03,-2.839672397757250083e-02,-1.110993114761291145e-02
4.914870913318932123e-05,-1.208270707760830120e-01,-4.195980093198475869e-02
6.492706688022072473e-03,3.888092264308744966e-02,-8.189105872480344217e-02
6.236620329443656741e-02,5.547078191973830313e-02,4.821458950795500659e-02
4.798321178406213250e-02,-4.140889057591504163e-02,2.361322813485387459e-02
4.733771764035114155e-02,-5.333192801403850714e-02,3.553872655086954104e-04
-2.916259617185705880e-02,1.982561892571762033e-03,3.175493412108507801e-02
-5.445938566224883814e-02,1.303417852313715208e-02,-4.210941195619100769e-02
-2.127306502443197800e-02,4.130989624151502893e-02,-4.656293493624128615e-02
1.429421139263151522e-02,2.672209745044937246e-02,-4.875462440087392421e-03
1.944709334290104299e-02,-3.460033836735552926e-02,-1.022772072843677188e-02
-1.972248315975896199e-02,5.883447374005487673e-02,-5.746166048515645094e-03
2.445483723336595860e-02,-2.402893651006178521e-02,-2.753406651347230921e-02
7.258291477669887026e-02,-7.895924695774497737e-02,-1.651473736847300020e-02
1.039018701316219428e-01,-1.962490233000624418e-02,2.333435461347229886e-02
2.699911227691403643e-03,5.561213027141186094e-02,-7.573419388635316274e-02
2.932476290326594542e-02,8.273276373575144324e-03,-8.857087840065037965e-03
3.424042265778384775e-02,-1.406084171053807990e-03,6.418794520707792051e-02
1.493042882112592847e-02,2.536722745150476327e-02,-4.417693447894150143e-04
3.887116447219422788e-02,-5.833168286336096187e-02,-9.495403670753249301e-03
8.852073143098522501e-02,-7.284401090848387217e-02,3.594112492915948337e-02
-1.723269620980711833e-02,-3.085234442019493123e-02,1.325012391665040049e-02
1.045172477359598978e-01,3.915251358701579004e-02,-9.241155348108077983e-03
-2.718119120826332710e-02,3.803114159973203928e-02,4.082282892457350654e-02
-6.998359646362363462e-02,3.643712030284037423e-02,4.971268270066055150e-02
-2.269496020824166797e-03,1.083218100122313940e-02,3.970602938737019701e-03
-5.914021095078988294e-04,-2.827879025893965600e-02,-4.225081362042677063e-02
3.592602148605589241e-02,5.278166841268430720e-02,-9.878148780223385689e-03
6.399719549524894233e-03,-2.589207829590882762e-02,5.260835276491906964e-02
6.183119491180259081e-02,1.871613311638548396e-02,1.466048230214364936e-02
8.545029605287819685e-02,-9.756678894298154159e-02,-1.149543499541414923e-02
-1.834078565089219395e-03,6.032555752045425795e-02,4.977526902667950975e-02
-1.315574502845386073e-02,7.283871097307680932e-03,-1.922364547608624089e-02
1.203441514429168420e-02,-1.885611755444614041e-02,7.158722092563041262e-02
-1.324563788894477304e-02,3.930162233092506299e-03,-9.333290388592889453e-02
7.676386346049081854e-04,-1.919189889466034818e-02,3.216424791126766547e-02
1.068226180564028384e-02,-4.011247011474464511e-03,-6.722381266733197525e-02
-1.415210660507798014e-02,-1.990059097599027049e-02,8.753843886663935717e-03
-2.421097194314209000e-02,-1.450895458020201589e-02,-3.807412364400827257e-03
-4.276129942700866715e-02,1.867731890140656575e-02,1.298024920628726951e-02
1.879872173888206058e-02,-5.762548971437571332e-02,-2.177004656228821375e-02
2.474599674585697615e-02,1.990153848436779921e-02,-1.371887080191588892e-02
7.401677166517361961e-02,1.178659225056463179e-02,-5.210859310188581395e-03
-4.543405772465250979e-03,1.148106869209843811e-02,-1.152938659905097286e-02
-2.376138090469290254e-02,-7.265194303267293215e-03,6.452132011825961744e-02
1.815338933456880216e-02,3.246640405839347487e-02,1.658180107849124146e-02
-3.533292160363763878e-03,3.067070286978690677e-02,-2.433867623715784897e-02
1.217260336975804248e-02,-5.693802306590756840e-02,1.710539318701921607e-02
-3.554522561989254675e-02,-3.347892905909041067e-02,-5.528398968566312910e-02
-1.113714137687161210e-01,-5.378574208410875912e-02,3.150207222264167495e-02
2.711879931719614681e-02,3.376123048452699116e-02,2.910494005845850468e-02
5.026390017107432162e-02,5.421086833147280987e-02,1.556461532737435198e-02
-7.826048953418835580e-03,-4.382517592978189130e-02,-7.107898899363381158e-03
-1.516029029977406656e-02,-7.730515823504285032e-03,-9.215423569805787987e-03
-6.060524287412545619e-02,4.411406920366641587e-02,5.511358696433184268e-02
-1.467361548632493268e-02,-6.518596377865043534e-02,-3.674836018814505584e-02
1.734077884225725293e-03,6.977528743912951407e-03,3.458899183988527193e-02
-2.729863802307778281e-02,9.192472640277751100e-03,5.837688997964053661e-02
-4.005950224209930272e-02,-4.786855762443521095e-02,7.687376164308638848e-02
-1.079080996089635050e-02,-5.132261674815635777e-02,-3.593177871964892134e-02
-5.084966725800737879e-03,-4.887832174893284691e-03,-1.752584609519546727e-02
4.430086039853307206e-02,-1.776748025529455849e-02,-8.748869429956140920e-02
2.598307298414602798e-02,8.056407528550348085e-02,-1.689037013621860414e-02
2.994334811447979874e-02,8.549484317427091806e-02,-3.486733578413346579e-02
-2.257191632464201556e-02,1.608457350628021698e-02,-3.066277368072176449e-02
-5.384741516797500807e-04,-3.919733388149845149e-02,6.256898148158384319e-03
2.922944097692376647e-02,3.081285007550452031e-03,-5.671995493173064701e-02
-2.999556348038334361e-02,3.261099358949384047e-02,3.224412083255075862e-02
5.684078038327694711e-03,2.159790643766395027e-02,-4.881224747161348743e-02
-1.829284012492517902e-02,7.247819603552288492e-02,-4.367599454683108312e-02
-3.380086114063190345e-02,-1.206219278630768846e-02,-1.948296437780851686e-03
-8.256378638012226712e-02,-2.639071358314978161e-03,3.109679668233121530e-02
-1.211468142369669272e-03,-4.976489568426488430e-02,-2.159319860989178212e-03
8.471590729191548486e-02,9.133588129494142616e-03,-7.723402574626031525e-03
1.379216745085040489e-03,3.049080296353345182e-02,5.572366213061399204e-02
1.165916283863705806e-02,2.326068052896508587e-02,-1.070658974880437514e-02
3.587171081154039848e-02,1.606954438180726447e-02,-5.573541653971159776e-02
-8.537485951979808391e-03,2.601638073981140178e-02,3.151170250500680108e-03
9.137307160211263768e-02,5.524516131074360542e-02,2.787052260213059712e-02
-5.912660652730239441e-02,-8.944725956061783112e-02,-8.242756660698012314e-03
2.312726847610605679e-02,-1.919173805343374339e-02,5.182257982659265599e-03
2.293074962025842649e-03,-5.047737437247240555e-02,-7.939963339612515769e-02
5.674513882672802684e-02,-4.237013706019816806e-03,-5.481243044467519476e-02
5.966109794268498190e-02,1.377413456179294587e-02,5.967095377723814764e-02
-6.542833229941971696e-02,9.236501747005426699e-02,-4.618318303723981111e-02
7.000516477490677236e-02,-2.872868546919854493e-02,-5.916555885575314894e-02
2.447202158284919951e-02,-5.416960744928137755e-02,-2.779863752978234057e-02
-2.436228870356424783e-02,3.568366750062479473e-03,6.257329462285250721e-02
1.813973431531955283e-02,-4.115836882288489984e-02,3.330600328465697924e-02
9.318341244172695381e-02,-2.719441465405077543e-02,1.684066609876496909e-02
-4.664141433677401055e-02,3.361760113380848208e-02,-4.623021407462481018e-03
4.896577173542940309e-02,1.538742043689974963e-02,2.830091612553037317e-02
-3.413700850214199112e-02,2.938437915174992032e-02,1.328007099545669770e-02
4.077216087349289086e-02,-4.056099440630341751e-03,3.969584808922119873e-02
-2.303493064071586785e-02,-2.643525075053272319e-02,2.133231909115439889e-02
5.337393913955571639e-02,7.990610812878642943e-02,-2.235220314566914793e-02
-8.870442240850023169e-03,-1.313910247679215409e-02,3.622275700090083622e-02
6.710633267425517023e-02,1.862179048631106698e-02,3.122482743888529630e-02
-2.125806268486473902e-02,-3.358739836655665750e-02,3.553633111235628833e-02
2.987310722511457919e-02,-3.602823812230834810e-02,1.464587364567004196e-02
4.976005957728698442e-02,3.644842306289227535e-02,-4.722137755598765363e-02
-2.122757593172120566e-02,1.692893296190925087e-02,-1.677262022987933976e-02
3.920582288368470308e-02,2.598557328468830557e-02,-2.594883167208148975e-02
-1.569461342364214876e-02,2.769472938989747668e-02,1.425861854636771738e-02
3.030536576011991917e-02,-3.384873816329109220e-02,-3.927217279180997278e-02
-2.332318073008604956e-02,-1.327363594561676609e-02,-4.507272379411695305e-04
-4.668907631967293692e-02,-7.190278539395597579e-02,3.204823089717326323e-02
2.721888588558089308e-04,-1.681171199485767542e-02,6.556175530437711139e-03
-3.693302298143304185e-02,-7.653008185175429190e-02,-5.944510246200929160e-02
-2.687551721347454514e-02,-3.792305116172515773e-03,5.640315104598616139e-03
5.662551666351463980e-02,7.906843563325452462e-03,1.126633076985965667e-02
-1.658350952626561764e-02,-2.718270758873777421e-02,2.985049783009108976e-02
-8.555174197646600934e-03,-6.402069602905190171e-02,-1.609536774720967539e-02
2.755761609085097263e-02,2.686557696683302549e-02,-9.638254572673617127e-02
-3.350515366476098517e-02,-6.916419798823654486e-02,1.948329328117667444e-02
1.693481005317080956e-02,-4.950924896428559457e-02,-2.608858703172536528e-02
-3.385503561415912493e-02,-3.484402345743295437e-02,2.725196266930492162e-02
3.998010949431941852e-02,5.316058610178860111e-02,-5.870174757071679877e-02
2.421461429621375554e-03,1.183431045208917405e-02,1.116540588201383605e-01
-3.028657423991528222e-03,-1.025048485982484048e-02,7.942752034634148472e-02
1.865175918303089639e-02,-6.646104893653978496e-02,5.145556534638530410e-02
-4.291691957454281045e-03,3.789217770651520656e-02,-5.818507487975761033e-02
3.669884044357069747e-02,2.483790824416297425e-03,7.800745004183057968e-03
-6.006453719875368830e-02,2.979286671510306475e-02,3.460907402939648186e-02
9.085742194049705941e-03,3.269186150284114026e-03,1.909966840432163193e-02
-4.495542594287597372e-03,-1.310352557052212041e-02,5.471508984443142903e-02
9.363002590119668886e-03,9.440018180201657089e-03,-2.666201509550474025e-02
1.462156922229534105e-02,-1.148603712381945918e-02,-2.151193034330245099e-02
-7.157223954815193634e-02,-1.207973067917929300e-01,-1.768438437815306186e-02
4.059175055804907506e-02,-2.672096013306224371e-02,-4.356393177166539843e-02
8.103040436816325021e-03,-5.498190348428345919e-02,-8.226594323568338363e-02
4.966902441313800903e-02,5.602125859151355775e-02,-2.027958878165227186e-02
2.182159312761195943e-02,-2.863142629268265911e-03,3.921813758217868734e-02
-3.077152798215914212e-02,7.287587754981554589e-02,-1.402251815538696489e-02
3.337791606787681581e-02,1.465774094393253874e-02,-1.203082629611544607e-02
7.565356132346789941e-02,3.224957368590419815e-02,6.483680883631405545e-02
7.936963968666242708e-02,-1.043771484669190610e-03,-4.110167022298066158e-02
-1.108158824808051258e-02,-5.283576190252845667e-02,8.541560511952301857e-03
6.895705611771972554e-02,-1.183721533339756639e-02,-1.306679851522772433e-02
4.177684293776976615e-02,-4.938801960317364820e-02,-2.780541221398242363e-02
-1.954110561461313428e-02,-4.773968317937468848e-04,-6.575021731803103175e-02
-3.082920564517592781e-04,-7.299952296357572340e-03,-5.443437524502982294e-02
1.979824123113149356e-02,-3.534175815202401233e-02,-5.784991223564335538e-02
2.309691165002454843e-03,3.219023413434105030e-02,2.826682846449442635e-02
2.015721688829527972e-02,1.683925466712100222e-02,-6.939679362740766577e-02
-1.555378015883716186e-02,2.490929597024070866e-02,1.377758499465353732e-02
5.147320756519492557e-02,3.943006395806124970e-02,7.589756674497918909e-02
-7.608586734082303793e-02,-4.907883553075097910e-03,5.996356913302337138e-02
6.496935326919946185e-02,-8.548996205181779232e-03,-1.528203124493611714e-03
-1.373264151382078309e-02,-6.419979279832238594e-02,-2.516700219426743976e-02
9.839700472491258454e-02,3.108652995760656165e-03,7.755336677394383815e-02
2.337673685616421804e-02,-2.052922521728983013e-02,-6.480634866860047159e-03
1.065613664971648555e-02,-3.535312264660741416e-02,-1.440242957306031232e-02
1.336540947025481249e-02,-8.569482428503031463e-03,-4.811038842752025230e-02
-7.615224537678373477e-03,-2.391217647126654688e-02,-2.474171757875670910e-02
-1.345065821056139720e-02,-1.924215714651635739e-02,-1.343712473734933171e-03
-6.070787728650936521e-02,6.127602191461412051e-02,2.399985599521487975e-02
2.167161924381872523e-02,-1.435188810609213175e-02,2.830948199764832252e-02
3.755812634602358202e-02,-5.083915340164965602e-02,2.981761984968223436e-02
4.097249160049461388e-03,-4.736457785967988776e-02,2.682802770249521213e-02
-3.216958879897721668e-02,9.539231476765417522e-03,3.271511933577687936e-02
4.348336945056836822e-02,-1.887610284346959502e-02,4.207748940368086221e-02
1.167319556364157865e-02,-4.978385227695245573e-03,-4.287046118898234920e-02
-5.786652308447721299e-02,1.732852582174044392e-02,1.579708834843089257e-02
-5.173965045146151909e-02,2.191113597381445788e-02,-4.360147249915641288e-02
5.488076801496939716e-02,-9.166515463745195103e-03,-1.467857739864374469e-02
-1.995724211757858926e-02,-3.629471014187950206e-02,3.655484845475204247e-02
-1.491824803461130368e-02,4.365798795933656384e-02,4.702130901205349434e-02
-6.306474553480680839e-03,-3.907607728338279018e-02,-3.207406342439005076e-02
-2.656512351050849610e-02,-1.602760565924682759e-02,-4.241059940996094041e-02
8.300781148192128145e-02,6.956410000130190674e-02,2.841861639350298785e-02
2.581971637282598486e-02,-3.795668767866686166e-02,3.201701744857815557e-02
-2.429680380428367661e-02,5.021416281561136979e-02,-4.310521113959035755e-02
-9.820610441095922738e-02,2.368631037743523446e-02,-4.412246152420960799e-02
4.008374271695621521e-02,7.127620775851435664e-02,-7.493527620652170110e-03
2.327089957316256369e-02,-2.185812473753862342e-04,-2.034804011189454351e-02
-3.641258323602828556e-02,4.614863478172705202e-02,-5.848377387088014856e-02
-1.140417034489038944e-01,3.858321458320982528e-02,3.337646444793784806e-03
2.306804370608604975e-03,-4.124289202850205810e-02,-4.440948160235787950e-02
-1.850466138454455109e-02,-3.072554468633106623e-03,4.075843758309734277e-02
7.412640893566983802e-02,4.226265333664484120e-02,-7.009555581830892446e-02
-5.495467794170826037e-02,1.551364234646299307e-03,3.211916909798211844e-02
1.050088892780414451e-01,8.009056349274755460e-02,-2.607888272120963483e-02
7.379375471902700767e-02,-6.780663124423147448e-02,-2.171340929300187485e-03
-2.057866546137486485e-02,-4.136721469055283651e-02,9.062353631027027234e-02
2.981821723720061781e-02,2.853079095131879142e-02,-1.365304726809931854e-02
5.484963676983972171e-03,1.655659772516055242e-02,-4.782816659276124815e-02
2.068827666731893472e-02,1.071655176177452665e-02,-3.542387889419129632e-02
2.998869399015424014e-02,1.657183516005492421e-02,8.071569346803623979e-02
-8.635593186542547817e-02,-3.134313928844856267e-02,5.500894757025194363e-03
1.159517257900119329e-02,-4.156257088029417096e-02,3.320047881617511909e-02
1.908700463533056493e-03,-2.287210480615938651e-02,1.505987310862691572e-03
-5.162987510928419149e-02,2.352919760462704457e-02,-8.445709292880625163e-02
3.051909796908027286e-02,-2.778566121288665244e-02,-5.793269511517749881e-02
4.522995848047781098e-02,-1.182507595006806467e-01,3.578237880456523051e-02
2.666932045460974898e-02,-3.141042426743825746e-03,2.737266044464039053e-02
2.230319359298581564e-02,1.004658522413018340e-02,2.625650082652215833e-02
2.445173256505445494e-02,-5.158865904583060692e-03,4.598315995188583839e-03
-4.378887392584555720e-03,1.950978184523426834e-02,7.448186341624170315e-02
1.651065799999395026e-02,1.924060662704638394e-02,4.554114472281986688e-03
2.801351611256343993e-02,7.151893181784838016e-02,-2.461211041060463664e-02
3.332409035873769992e-02,5.429697092446551798e-02,5.526899974094175855e-02
-1.049176090893578217e-01,1.504755474350820237e-02,-4.834790344383806115e-02
1.192869468628453798e-02,-6.398480999173866701e-02,-4.093232057673980989e-02
-1.324296180140130006e-03,2.438098425869638861e-02,1.967344144054958277e-02
-5.096741158045758197e-02,-1.241953180536627295e-02,-3.537193268128604323e-02
3.739202118619661813e-02,8.509851565468475043e-02,-5.473901595274698051e-02
1.748585306132175582e-02,-5.866959266063183354e-03,3.941718999269441803e-02
-5.410127983518579070e-02,-5.713842250993291655e-02,-8.577964774361110378e-02
3.805397231897242327e-02,-1.532511472182405965e-02,-1.492459282629777541e-02
-1.887617286174878700e-02,3.218789609593343537e-02,5.148745607890885950e-02
-8.835361221403966250e-03,2.790965473634750629e-02,-4.864562347416785670e-02
-9.761511187452149782e-03,-6.279274566784313893e-02,9.802562285997198921e-03
-4.112402939965405929e-02,-4.468079312241666351e-02,-7.104902943096851227e-03
5.450857501329891587e-03,-1.524016892680780597e-02,1.042939395639338740e-01
3.712628784866152908e-03,-6.385619648964976913e-02,-1.469815310290013659e-02
-2.588036557854403105e-02,-2.834929674472488545e-02,6.424642044865509771e-02
-2.793752334280816957e-02,5.054382097786377231e-02,1.884591545328399495e-02
3.900668695836224248e-02,3.723178479755414466e-02,1.452032484632634173e-02
-3.273966032712878312e-04,-1.639790861885025847e-02,-1.757536607595587275e-01
5.451433274309454985e-02,3.161460799877646721e-02,5.764494204770091723e-03
4.586805832378367670e-02,-1.115214327959160451e-01,3.886298057307074720e-03
7.799181158295724614e-02,1.664401218692999895e-02,-1.665830425965685729e-02
8.132916034146871198e-02,3.047384990224546314e-02,-3.385805452130186827e-02
-5.830417474575599890e-02,6.042483503744947027e-02,1.157151302123247127e-01
2.711191509882087888e-03,-1.888682595052713908e-02,5.276535097962265636e-02
-3.646524222616275707e-02,-5.294096180171393301e-02,5.161959793503980223e-03
-1.523235672263086905e-02,2.494242853492176226e-02,9.351343458350869220e-02
7.456191231907827177e-02,-2.889688424799517763e-02,-4.883461147639637373e-02
9.237676931496250146e-03,8.446294818332273496e-03,-6.029800795104074684e-03
5.388743921605872178e-02,5.339743339734549094e-02,4.259387275091978953e-02
6.797281181313627463e-02,1.183125810405022682e-01,-3.187456095725556965e-02
-4.130259667739411000e-02,7.596256992266849084e-02,2.890927582003176982e-02
-3.120393291373977154e-02,1.242490553824802252e-02,7.481277045988038443e-02
2.135045851892625191e-02,-5.110604320866187281e-03,-4.194116898733205728e-02
8.381294545938139384e-03,-1.201998596565482039e-02,-2.360366425014621614e-02
4.807176073611130022e-03,3.750851799816146831e-02,6.817403151938733474e-02
-1.144758907246209573e-01,-3.458568216303208043e-02,-3.331831807109469912e-02
3.438806423102337001e-02,2.163237980737321361e-02,1.533478300504986574e-03
-3.425814002726655389e-03,9.510331523806186960e-02,-3.805512734892162185e-02
2.785604574674926601e-02,8.577964089026458849e-02,1.009541684952869681e-02
-1.207395489304086134e-02,1.515079426245542413e-02,4.857479956127977450e-02
-9.846831581207375617e-02,-6.208811158119210277e-02,-9.560654459762596424e-02
8.280346298731170937e-03,-3.131850429473102826e-02,3.701699380438475823e-02
7.191369963220961559e-02,9.345734390327889440e-02,-1.387781191277791433e-02
-1.328191899782329294e-02,-1.166552306625529174e-02,1.178751050595461085e-02
-6.606875257313976624e-02,-1.005782235703625016e-01,3.848060774968049824e-02
-3.583404274493767749e-02,-2.008318344427847263e-02,6.741765255448827279e-03
-4.136181964425265922e-02,3.581266234675232335e-02,-4.534119000907578523e-02
2.924611002578797816e-02,-2.720272320738263000e-02,-4.114657766048949311e-02
-2.635009802359030134e-03,-1.155952890878812235e-02,6.607777063313527433e-02
-2.415699994894290187e-02,9.335094216172592357e-04,-2.289353620583816848e-02
2.677235673199422628e-02,-3.522396674571619257e-02,1.409547910616106969e-03
-1.702919915454206498e-02,1.762232373987326212e-02,4.741858282448147693e-02
-5.338954678249999836e-02,-2.614708305302814589e-02,-1.268870146695055649e-02
7.167102627338791006e-03,1.151767030810939979e-02,-1.603318293510122517e-03
5.761388919615353238e-02,-1.973071318468298460e-02,-3.680909300657841249e-02
-8.748856416358436611e-03,1.608102901097577253e-02,-6.405366821836955271e-02
5.344805952769437346e-02,-4.421784706721988874e-03,3.690293665642666726e-02
4.386777139564034390e-04,-3.247307210793396598e-02,-4.291597646234957680e-02
-1.462055685026087543e-02,2.141187536716311970e-02,-6.515487277442772243e-04
-7.116180606459691915e-02,-7.858466333306872442e-02,-1.772556561994053856e-02
-2.186722525205885698e-02,-4.291857746391215811e-02,2.077732084031057302e-02
-8.925191878083707508e-02,3.161641062730573271e-02,1.111016553200744675e-02
-4.490120371487901080e-02,6.166626815727935945e-02,2.488145957990593737e-02
-2.900783899342814290e-02,-9.996460854132108165e-02,-4.036761899192727911e-03
6.357206938158352014e-03,5.434621395647045577e-02,-1.633800240428789647e-03
-4.531565765568010273e-02,-1.387748463614507655e-02,-1.747835651642969806e-02
-1.508961827807171578e-02,3.058625734038617622e-02,9.967073457395371483e-02
-8.287843590750691714e-02,-1.202068877733515270e-02,-5.043002739030150172e-02
-8.369293427391719109e-02,-4.360685399386957789e-02,9.369547744869727302e-02
-5.687166437539984722e-03,3.205725395104974673e-02,5.735200894528051652e-02
2.761337581889922177e-02,-5.283732655844630005e-02,-3.136714454134702235e-02
-4.942646691320034397e-02,6.695285547803023034e-03,1.060712785581082764e-02
-3.058482517070934895e-02,5.752811494173626361e-02,-7.080883221589741316e-02
3.747713263058922994e-02,5.463479538865906142e-03,4.133061855564532094e-02
-2.995720883155864739e-03,-2.434019176881658045e-02,2.401663943209361371e-02
7.188290082354344655e-03,-2.988215831303129427e-02,-9.366449378312706464e-03
-3.299225495899034410e-02,9.250974154797458188e-03,-1.429506813209430356e-02
4.073902870869886526e-03,-5.576188915007102009e-02,3.241820940466488832e-02
1.014726027261568519e-02,-1.018717825504551582e-02,-5.483488918537567786e-02
1.598854441294324941e-02,-4.471047565027687354e-02,1.391476455234396531e-02
4.027015803966173951e-02,-2.120379651623632150e-02,-5.234249915017315236e-02
1.718262181293236587e-02,-8.778464582495185478e-03,-3.261817907200338651e-02
-4.945733367730199836e-02,-4.179623258233092220e-02,2.373445447769886515e-02
-4.306103581712339423e-02,-3.790868423831449119e-02,3.707026582744717830e-02
2.811100516899177337e-02,3.277391347339721379e-03,-1.030229794185937575e-01
5.622068478626635751e-02,-1.332140193811973648e-02,3.731589656506862501e-02
-1.509080161405596324e-02,1.561791085955067070e-02,5.261189264278836458e-02
5.386687755874714628e-02,-1.815226153736447523e-02,-4.853413717205444337e-03
-2.074226583791475426e-02,-1.989109518446007668e-02,-3.912969581814044334e-02
-1.502204664441744025e-02,6.291006382766735350e-02,4.708304987931639929e-02
5.673893619604546829e-02,2.061410312853073634e-02,-2.615739061372805360e-02
-2.359897942569787101e-03,-2.100465840114821431e-02,-5.163874139305240502e-02
8.668320830188579532e-03,-2.116265773053565419e-02,1.956139848827288460e-02
-3.486736387342538601e-02,3.792145217301914548e-03,-3.961387604471292012e-02
1.217929187756420541e-02,2.539431725297393305e-02,-2.482551502019028286e-03
3.701562413175780303e-02,3.770566455304105030e-02,-6.843168621128287166e-02
-7.086656730266899240e-02,-1.471692319595716177e-02,2.430378396513416250e-02
-3.343429158764819192e-02,-6.860974503032882255e-02,-5.579444781932701991e-02
-1.556462385860482404e-02,7.286352023110399811e-02,-1.502765515688160858e-01
6.625750368710407734e-02,1.593633874691381333e-02,6.802218817842287102e-02
-4.556149702219245215e-03,-9.554963793376770181e-03,6.822536553943306457e-05
3.198367848944259906e-02,5.470625260990639310e-02,4.991163820122625043e-03
-6.084977014696163651e-03,1.642495179479267972e-02,2.460839351353913060e-02
8.466440568430243230e-02,-5.554478390923677650e-02,4.674651749199616561e-03
3.544893609915940260e-04,-7.238917737739186675e-03,-4.206578599429127568e-02
5.305419511866546478e-02,1.274590159207828616e-02,-1.802788034116979687e-02
-3.968754505843764824e-02,3.156854213244277008e-02,7.566800481017404989e-02
6.054060483376282747e-02,-1.756882113259842018e-02,-4.914727372884666878e-02
3.524363820010550929e-02,1.102078863962454788e-02,-3.286796064786799698e-02
2.220599202654944052e-02,-3.761279280994263199e-03,-6.321581675050781668e-02
2.811283767045089782e-02,-4.002825364544648767e-02,-1.323682935073275391e-02
4.257468209493838612e-02,-3.757818858708623921e-02,-5.664467232587681172e-03
-2.344499533783105105e-02,-6.125109679421125025e-02,1.111244701110585507e-02
-1.053944942696857442e-02,-6.416122251448691527e-02,3.487270608754690360e-02
-1.703102968940756190e-02,-4.989451578701917332e-04,2.458999600329716054e-02
1.658230787762336386e-02,-8.373402359802410710e-02,-5.519980402988695217e-02
-1.717640484183733871e-02,2.764396325160215287e-03,2.209938523459237247e-02
3.681639068324844832e-02,4.943129117804134082e-02,4.012642594562431525e-02
4.156666629733753865e-02,4.989709799167232895e-02,2.752050417174784110e-03
2.219220928298585443e-02,-5.627678579517372826e-02,-7.419661386538835279e-02
-9.022557322468524599e-03,1.219238624791856539e-02,-1.687329762746147752e-02
3.842431958304044076e-02,3.046233206398526322e-02,1.966979659659485666e-02
4.250928801117683647e-03,-1.303858755852142261e-02,-6.808298394104557449e-02
3.411306205084547322e-02,-9.110913779813198388e-02,-5.051258376991246690e-02
-3.047280323982079486e-02,-5.103910882395333581e-02,1.483478580615902806e-02
-3.809544679210500988e-03,-1.801562995437066411e-02,1.126355462664388810e-02
2.383545869618937125e-03,-4.871031722762793337e-02,3.392966376889769431e-02
-7.246549901114908735e-04,-2.005678449543602665e-02,-1.550104230672333210e-02
5.000229759860478490e-02,5.381482384760669785e-02,2.259274639144083496e-02
-7.525408866657315454e-02,-1.045785843610817605e-02,2.734371479308294120e-02
-4.820827235521132903e-02,4.409792919647261000e-02,8.227679953326232521e-04
-3.123699948259682155e-02,-8.831583916268789802e-02,-8.569257150466390305e-02
-3.025113480903696139e-02,1.661431075626720877e-02,-4.172626744954096439e-02
2.885476371157431885e-02,-4.025274980513639939e-02,2.931522412642180789e-02
-1.203361439757919546e-03,-7.351270525229934572e-02,-1.382889288029484284e-02
3.220873393143266344e-02,5.809199264110249949e-02,1.039677747416963309e-03
-3.098847497670795259e-02,3.969751436901706315e-02,2.680036690991115592e-02
-5.418804782213265669e-03,-1.566551204370896996e-02,-3.266297607242849010e-02
4.026615791334461902e-02,-2.613414773526259033e-02,3.694713137519809853e-03
3.681186455986484168e-03,1.127970470375951224e-02,-1.074986174335092540e-02
3.718939705941786550e-02,2.666608386225067726e-02,2.913457093168756243e-02
-3.652353993092806450e-03,-8.558402625213139270e-02,-4.414093860474640335e-02
-2.997241401502857491e-02,-4.099934574212166227e-02,4.444862979858597157e-02
4.321523025342849378e-02,4.514563097302346645e-02,-1.584438943267970148e-02
3.578801435726585572e-02,2.515164078951699980e-02,1.589786677294093703e-02
3.218416994661391084e-02,-4.103122658230635988e-02,6.316486698558922142e-03
5.576057530187744117e-03,6.335876150088858016e-02,-3.437684529683737722e-02
-4.206773599470554903e-02,-6.322762761286841726e-02,7.051358518692433380e-03
1.042563793845363990e-01,2.644679314992500960e-02,-8.217896639021990413e-02
5.324861898551661726e-02,-6.858686862781995797e-02,4.735791366185772289e-03
-5.466120261965411870e-02,-1.707038754512969075e-02,-1.980001270880796423e-03
-1.454737949694080322e-03,-3.052373555730071922e-02,-8.488874604577182140e-03
3.656673412233095444e-02,-4.274808120562117314e-02,-3.259742078632861008e-03
4.169921807525561741e-02,9.055660942762006060e-02,-4.137940782912381127e-02
-3.558461519475023677e-02,-1.645034578023071847e-02,2.225611565790547070e-04
-3.394766990723540462e-02,1.749365685331217462e-03,7.373240391062485868e-03
1.892347749385394871e-06,2.700452229671699428e-02,-6.218014858628224950e-02
-1.612605011292267410e-02,1.481140216156992713e-02,-5.274508733397470506e-02
4.954830984931374305e-02,-3.012721088449690429e-02,-2.038333370433110647e-04
4.168498735330843780e-02,2.994263907108420802e-02,-2.745532195834566452e-02
-3.858230258711286415e-02,-5.410484531412314280e-02,-2.141441438074054987e-02
-4.320098952547120688e-03,3.408907440227477992e-02,1.302260368086719270e-03
6.824100635068498788e-02,2.709116739666643167e-02,-2.109400641368391546e-03
1.249658821815556597e-02,6.377785165565333370e-02,3.081949587451135800e-02
-9.414545615702197418e-03,-2.644259407027400172e-02,6.289989528543264707e-02
1.391664132476747896e-02,-1.476393615202465856e-02,7.990842652626908849e-02
8.910633924688116103e-02,-2.177590117490253718e-02,-1.506735962976772300e-02
-3.518326584047195161e-03,1.815782445974868653e-02,4.390916743610605300e-02
1.336074976056449495e-02,2.560959400688872512e-02,-1.904952191408560563e-02
1.677552662240839806e-02,1.204307529015999356e-02,5.375646472903535672e-02
-3.611033092732485184e-02,4.483867048631012819e-02,4.800026805989023038e-02
-4.698188084884208013e-03,-1.041539806826223893e-02,6.092484862217582842e-02
-2.788407949384202889e-02,-8.684941437997502345e-02,-2.166111038851153275e-02
9.492553000565636875e-03,1.649852366834136941e-02,5.831682198230200148e-02
-3.480572154417448799e-02,-1.208129894984793541e-02,5.481562367146441267e-02
4.235380518464201653e-04,1.006095738406665926e-02,5.632630314873379729e-02
-3.270275530254617563e-02,-1.019841609977688475e-02,-7.479371416367507075e-02
-5.507010107941479743e-02,4.419811057651829023e-02,2.442699361001471770e-03
-5.123578977533041479e-02,-2.135265923894230991e-02,-2.861294694350306755e-02
5.178426473790884860e-02,-4.622830027830310273e-02,-2.753748354566240911e-02
-2.622399545135594909e-02,-5.742657058656809588e-02,-3.015716809530926204e-02
-1.071848176817048227e-02,2.433721370791141342e-02,1.116516970751918296e-02
-6.470351621833032862e-02,-1.889909847126894013e-02,5.197194789829932132e-02
2.519852894345925298e-02,6.367358514413212767e-02,-2.778502547292528713e-02
3.917959597472674832e-02,-9.249171447642628996e-02,7.298856485205848510e-02
4.518958645113090034e-02,-4.373613902906051121e-02,7.070731770187969195e-03
1.649066252654669482e-02,1.872222697148083828e-02,3.897392816039911556e-02
4.653156837912271471e-02,-2.829046514565517270e-02,-3.944358278924477157e-02
-5.003548039563525222e-03,2.376620624917626448e-02,2.271529278832932000e-02
2.154533735362530386e-02,1.073585004410666614e-02,-4.734819526918361554e-02
1.842578439911334715e-02,-6.658432728699817393e-02,-1.270675175032905460e-02
7.167119985905984203e-02,-1.182942373940622238e-02,-7.247950415356001728e-03
2.172377205169374534e-02,-4.561756554993111334e-02,2.481191224381474984e-03
2.206075199219716815e-02,4.983087587131011971e-03,4.022692289369624724e-02
7.925776569968399909e-02,3.853046162354770154e-02,-1.153947087693805995e-02
5.189702172332089601e-03,2.733895250784186548e-02,-1.291217567502528710e-02
1.516671500955779628e-02,-3.162382231387388803e-02,5.297286971928849477e-04
1.826804222259227964e-02,-5.094083878944115351e-02,5.045756347770776612e-02
-1.045615482643467986e-02,6.540221224039916535e-03,1.556648762987439608e-03
2.359015231270926438e-02,1.286298364185862672e-02,-3.693061962201440139e-03
3.113824280452820101e-02,3.734366423087306930e-02,-1.548068285458964943e-03
2.952576657240802566e-02,2.597370874070064131e-02,-7.947592282793706922e-04
8.884563969166257499e-03,1.516918587493785303e-02,1.154955182573064523e-02
1.728115139187708094e-02,2.047105343110106057e-02,8.901226127526810222e-03
1.351348332001897808e-02,9.351295138248874941e-03,7.229119685563529553e-03
-2.675095421931610387e-02,2.808513591844568821e-02,-8.867412677238531438e-02
-6.071730552095745692e-02,-3.366083390757267091e-02,-2.967576360973589109e-02
4.607139829190859404e-02,-7.207587009988927762e-02,8.479378782229556044e-02
3.810361649666992034e-02,8.487141164732682486e-02,-6.469879406043854697e-02
-7.708557472062520580e-03,-3.523119295193170158e-02,2.220202545553379841e-02
-3.311385183434090856e-02,2.732301149679418339e-02,1.544153373528975477e-03
8.392234847278154039e-03,-9.995561641958658136e-03,-7.607120294920288739e-02
4.601689133386681341e-02,-5.518760019005600898e-02,4.794891797986478715e-02
3.840382070824789607e-02,-6.945233907490148961e-02,1.138286213770805209e-02
-2.181446964851463735e-02,-2.779875924282387140e-02,-6.846379696631012084e-03
2.952703000326560925e-02,-3.236613442494134379e-02,-2.060577002658414703e-02
-3.699111707589531478e-02,-9.563004422967740642e-03,-3.597949450239285724e-02
-8.119660510834808553e-02,-1.415846589498302374e-02,4.068919274162673128e-02
5.319733490569390766e-03,-7.608349227388472996e-03,4.673334920345324078e-02
1.090539154931894142e-02,-2.865689187908152316e-02,7.329298253658410832e-03
1.384223273271239368e-02,-8.326606651553223118e-03,1.979147481393844429e-02
2.521500298047647803e-02,2.108583076495605668e-02,-4.688672271192710628e-02
3.805564155088816958e-02,1.660008500968562783e-02,-2.326297627175017216e-02
2.857168164132842594e-02,-6.638625306725067649e-03,-2.560214302743213637e-03
5.387568949732619156e-02,2.256318124803455977e-02,6.013869289124147005e-02
-4.135857327685389662e-02,-7.129658313724365759e-02,-1.780844505200758834e-02
-1.923329538738500002e-02,2.529319095991020006e-02,-3.013590593055940833e-02
-6.531958169438559225e-02,-2.774287199981122568e-02,-2.020768197427754223e-02
6.228512049781546878e-02,7.281935538500818039e-02,-8.471905105457368593e-03
4.961479889866909909e-02,8.158155141477271832e-02,6.347888905082113564e-02
4.183890480672074197e-02,-8.617227311148616727e-04,-2.058391427821614286e-02
1.520525951198003177e-02,4.797949100284259333e-02,-2.163678126968626367e-02
9.457360644821286369e-03,-1.210950186552233430e-03,-1.027978600927362957e-01
4.689931754395263580e-02,-3.620290615223342029e-02,5.605541058047922021e-02
-4.239012081194116349e-02,-6.307150424214233268e-03,5.219617929527876204e-02
3.050988829430289345e-02,-4.770083618579227386e-02,3.513187710934353308e-02
-1.069918012131903205e-02,-1.571812655854742599e-02,-8.869086376546521377e-03
-1.461010419281380535e-02,-2.327419486451997449e-02,-3.372162996750818764e-03
-2.525427025120578761e-02,-2.376861793195219827e-02,-2.367988667169429462e-02
-5.313626646027881650e-02,9.367180452188718365e-02,-1.541880287371123759e-02
-2.172656204677608435e-02,-4.453485228546744806e-02,4.039718182688491893e-02
2.633490636046661310e-02,4.269649783418050237e-02,-1.704474525912632807e-02
4.570686348326439413e-02,5.594349305951187845e-02,7.888793807347101172e-02
-3.496798523430000999e-02,5.460133029898068396e-02,2.325409885603262408e-02
8.932544779061831267e-03,-9.012395893659810517e-03,4.303181858588397968e-02
-2.914179349018235221e-02,-5.069409853117810144e-02,-4.519270885224770801e-02
7.556351779021173304e-03,-4.379758229621712878e-02,-8.095568084796064823e-02
5.122711373685937680e-02,2.393523416187146036e-02,-8.382136786176197160e-03
-1.936967933772142103e-02,4.883290525783639917e-04,1.421881681525000510e-02
-5.661675910469166116e-04,-6.091989946383481042e-02,-2.461997059411769051e-02
9.917511321168574756e-03,6.488931582040191604e-02,4.689251968046349861e-02
-2.883762510477147836e-02,-2.518544764125165650e-04,-3.980410113434525166e-02
-4.316518706815089534e-02,9.453238166952467048e-02,-6.802782504295839736e-03
9.587889080220415861e-03,-1.820973174461882130e-02,5.032000352473959756e-03
6.692016268607829839e-03,-1.583806311174529996e-02,5.222673232285324901e-02
-1.296457474414695714e-02,3.960013227185180118e-02,-8.862341250689086819e-03
2.315916934182715020e-02,-2.737952125025245459e-02,-7.738003131816781691e-03
-3.247197698992879134e-02,-2.841851732817377366e-02,1.421651417009359847e-02
7.468955526068599138e-02,-2.007537467031565367e-02,-3.093947856351482104e-02
-9.713929801614439377e-03,-9.588288600399723360e-03,-1.875140135367647093e-02
8.082984900695550090e-02,3.595682157734599038e-02,-5.544721368232116004e-02
-2.992765581319623697e-02,5.411709223669330937e-02,1.922573426797514334e-02
-5.909931015655774805e-02,-1.159045073450635094e-01,-3.156696454135644175e-02
-2.490288989824464977e-02,4.880890681454709557e-02,2.908948067650990801e-02
-2.931420153628069153e-02,-7.317739494896563501e-02,5.183838722140443611e-02
-1.540937306991742393e-03,9.706088291797599840e-03,-3.920900817828130991e-02
-4.213355024172493052e-02,4.697442106306121135e-02,-4.812011678669522730e-02
-7.206037832947381760e-02,-2.811625313566079934e-02,-9.391120183295726884e-03
-1.577334296731481428e-02,1.477113712440735437e-02,-1.599869080574563285e-02
-9.767603757278656151e-03,-1.864059090203212463e-02,5.639186926031397595e-02
9.776961988273821097e-03,-2.885907059164448396e-02,5.608964951291692258e-02
6.787590126161267834e-02,-2.905507486030995540e-02,-2.618209839179098247e-02
3.994175583969403892e-02,2.066306795722801237e-02,-1.271755686118591633e-01
5.963202886880534376e-02,3.114306597833620474e-02,-3.758802833712927144e-02
-3.937054909476768449e-02,-3.796774508244072505e-02,-1.793444952866101588e-02
2.416320033785649177e-05,-1.045079067780939472e-03,2.766054026825797568e-02
1.233669376704483490e-02,5.857801015818595719e-02,6.612669275717591999e-02
4.758041378100268809e-02,4.886197222492274714e-04,4.865406072998543913e-02
7.961354474492127187e-02,2.866443055544849955e-04,-9.317761264233611479e-03
-6.183432541487678819e-02,2.416382645792364628e-02,-6.582908672866982780e-02
4.505628546722378197e-02,5.291600028593132499e-02,4.151967090415088768e-02
-6.501525385969199322e-02,3.593767526153733571e-02,-1.415878553374993847e-02
1.502609790423105676e-02,4.801730794661129842e-02,-9.976461310390967105e-03
3.344884211844947886e-02,7.117337865779904856e-03,3.362877278086002369e-02
5.265913564456482093e-02,-1.245911269966076124e-02,7.355330700546722396e-03
6.011459941992269157e-02,-3.029471555645839656e-02,-7.007779946917408465e-02
3.686210774710082377e-02,-5.666386596809412646e-02,-5.853300759369719358e-02
-4.918053195767572300e-02,1.162062082721345736e-02,8.811122419052873356e-02
-1.273393967444845683e-02,3.277323241655139691e-02,1.987991941442859845e-02
4.655603850151558698e-02,5.476241886425755462e-02,-1.322022399146602703e-02
2.942939404622405344e-02,-7.736289975214778736e-02,-5.318791982374854177e-02
9.420004412349163025e-02,2.166948768241869130e-03,4.245046558623898070e-02
-1.036480666592847211e-01,6.913543054978663407e-03,4.116935523770329231e-02
-5.330187589825030603e-02,5.898328852034771808e-02,-9.265410128683159580e-03
6.465336556550904668e-02,1.339862244661056169e-02,-4.593592668941813041e-03
-4.462194483642274723e-02,5.222309257590115883e-02,1.053727801378461643e-02
-1.010289301216431429e-01,9.016331936850293782e-04,-4.988013109657202238e-02
-1.010927315271843414e-04,2.507349192305299151e-02,7.116565284684543344e-03
-4.584285366412597928e-02,-1.864622864897981860e-02,5.574890108079068145e-03
-6.308125203079718857e-02,-6.944400104490403014e-02,1.363953527336268789e-02
-9.044563087394393843e-04,4.229775664266165192e-02,6.938653008836903613e-02
1.044511816344587812e-02,1.923708464103182289e-02,-2.474495682915906630e-02
2.084335834563445441e-02,2.640413802242171440e-02,1.543244556138851590e-03
-1.237631037830187741e-02,8.314116351802958160e-03,-1.800897344819599524e-02
2.292687711320200855e-02,9.264572448453379030e-04,2.590203292144003383e-02
5.321650332179603260e-02,5.258557731651034711e-02,6.001740747809100607e-02
-6.271619375511032490e-02,-4.134593181783462190e-03,4.050978113689180510e-02
-1.077988631187537377e-01,2.377098030870507597e-02,1.756348554070131162e-03
8.125305503048419961e-03,-2.132955510583125006e-02,-2.388841482666754015e-02
5.020398925254031253e-02,-1.069692112845820574e-02,4.345074664594036039e-03
3.561623895449197736e-03,2.244020481106296077e-03,5.159084667885776437e-02
-1.367568126689596396e-02,3.093178094353643895e-02,5.835865675512347250e-02
6.986801787987878543e-02,-6.589146645885019665e-03,-3.800678343305579493e-02
5.388657999384283137e-02,-3.145811803633060538e-02,-1.088539036355768742e-02
-6.109381951058583983e-03,2.911916060939944567e-02,4.183318791352211991e-02
-1.690968378371189573e-02,2.592256490866087781e-02,-7.436021796212900423e-03
1.706645997519875418e-02,3.129307049964102222e-02,2.444259867612402076e-02
2.599032737702085261e-02,3.505126790099395012e-02,-3.381147322704955438e-02
3.343504563605021601e-02,1.207702348759000927e-02,1.650842314699157293e-02
8.715329676292822569e-02,-2.667033964777455746e-02,1.897554851541332493e-02
-2.458452834916761975e-02,4.154645712097491256e-02,4.754164899523178472e-02
-6.921128785760390090e-02,2.913420842859149040e-02,-9.532017554637700618e-03
1.281014219337020810e-01,-1.647436945986584245e-02,-2.249448219596077853e-02
-4.408227715607347663e-02,-2.363789345980091966e-02,1.372583472591803154e-02
-1.537861605451824269e-03,-7.314374482203571393e-02,-4.616315030858427620e-02
-5.549114959713858514e-02,7.479979488482704775e-02,-1.379091972210998440e-01
8.992695930220941103e-02,-3.402601784192569451e-02,5.494887408182647787e-03
3.097163262459785502e-02,-9.200227547546067572e-03,9.230756808661828156e-03
-1.501988662219959705e-02,2.432193803078633657e-02,4.143730150006239010e-02
8.721649110538837180e-02,1.937626259650239435e-02,4.206643014916258000e-02
-3.202668201433851031e-03,5.804638523443286097e-02,-2.495777948951281161e-02
-7.042168906916662771e-04,2.991803431870366722e-02,-3.440129560306998818e-02
2.957502658064464079e-02,-1.532108658185775928e-02,5.823563294280435787e-02
3.433757292547792717e-02,-3.327405346396522523e-02,-2.108608937559691004e-02
1.040310268021718554e-02,-5.969445699418169521e-02,-6.168924639690823858e-03
-5.290485960178779520e-03,-1.563875990013572151e-02,-4.040575865349975426e-02
3.738935396463565625e-02,-8.016294571249867051e-02,-9.040697388411375601e-02
2.355109420865839770e-02,9.927627344885803576e-03,4.905290935197167967e-02
4.900171511642034683e-02,3.314804431241338833e-02,-5.267393085101346531e-03
-1.431908582370703537e-02,-2.561453515948241763e-02,-2.762290805283130340e-02
2.069441905257105377e-02,-8.763706330784796269e-04,5.535832869075760915e-02
6.866678941421800082e-03,2.096320263635323769e-02,-1.012982827786375415e-03
2.279216416654566285e-02,3.412995419012199855e-02,-1.903205674130451983e-02
7.666647363216864096e-03,6.628365051359097482e-02,-3.003407512552803624e-02
-2.021836320229558268e-02,-5.708423644866693347e-02,-5.906939204928435966e-02
-2.194539311358333772e-03,-1.367104574173605251e-02,2.846164459655574699e-02
-4.322415632695100762e-02,-2.415330451355609045e-02,-1.247430909699029540e-02
5.730186643465594136e-03,-6.597561246323290808e-03,-5.652409634913327374e-03
9.008292597628272599e-03,4.554340790631161012e-02,-6.080565964458132383e-02
8.422641275136026617e-03,2.225739277649373127e-02,-8.037648370308224724e-03
2.502531824503974756e-03,4.720759759373248377e-02,1.416430794750648918e-02
-2.089493004420759845e-02,-2.291373553973317587e-02,1.785054539846886446e-02
1.381278284024871003e-02,7.260619461484939295e-04,5.683612200631228857e-03
-6.110119624161362839e-02,4.642229045550014949e-02,7.309739363616467658e-03
-3.136304034753528702e-02,-8.232182113453556660e-02,1.014290829895144602e-02
3.700256713243726264e-02,-6.844726875783644152e-03,-3.273487323890633682e-02
-3.448506741049590929e-02,1.208172956634040798e-02,4.644773889809795941e-02
8.969941082606659732e-03,-1.730661730241823612e-02,3.221796917783489866e-02
3.184048307199467687e-02,3.214335353308822585e-02,5.741432169108898198e-02
-1.273145929382916118e-02,-6.378593465792670170e-02,3.606701845984731231e-02
5.775172134367966004e-02,8.571362527156139999e-02,-9.247853752389628354e-03
6.592403407044238051e-02,3.113745716812309910e-02,-1.684750339787326537e-02
-5.392224364587575557e-03,-8.050394656842070965e-03,1.433876859904006885e-03
-1.671758449448474890e-02,2.489624470541263943e-02,2.133882776412955595e-02
-6.142204066665118978e-02,3.111469248836721060e-02,-2.340081341053567437e-02
-2.507532663484760699e-02,1.989892866773374999e-02,-2.457716603662501650e-02
1.085022624280606862e-01,-1.207716572486568218e-02,1.333816239852493373e-03
-3.190383085339319053e-02,1.551295107452358227e-02,-1.070400704046925167e-01
1.030396271608125316e-02,-6.826070309268424292e-03,-5.429482956092850088e-02
1.704547529737076780e-02,-3.670457224060861418e-02,-8.290203700695530920e-02
-1.315662949042057522e-02,7.928436057424362651e-03,4.148180034276717498e-02
5.670808653732238580e-02,-1.696242538892961437e-03,1.753622543516934057e-02
-6.742632435736435788e-03,-2.539913708455610042e-02,-1.481912998063992896e-02
1.031528344841078637e-01,-5.654083371397061047e-02,-1.021004542359048349e-03
6.485669256881052003e-02,-4.625185178674256353e-02,2.459984876736115780e-02
-1.652794191338217630e-02,-3.171388375083342842e-02,-8.948951929768697924e-03
-7.202691583663423797e-03,6.375658501646207232e-02,9.043744215399221464e-02
-5.361921211024987116e-02,5.312306882105621852e-02,-2.644302318465539120e-02
-2.252744212107414545e-02,-1.800395539675932882e-02,1.526462920413375508e-02
5.966363568252285726e-02,8.923882427279129781e-02,1.249786379300676757e-02
-2.724734067578050284e-02,-2.373793052166798742e-02,-2.209745202003680908e-02
-8.207214859345082075e-03,7.539584396846379759e-03,2.520541133733981282e-02
-5.430725679479693827e-03,-1.370296099319961774e-03,-3.097812819394942657e-02
-3.739501765036900433e-02,-6.450174746761076078e-03,3.556972468889399788e-03
-1.432646253591540741e-02,5.975786568385377251e-02,8.996912932921064324e-03
-3.081328395098018383e-02,-5.185926834553378911e-02,7.037737533860148609e-02
-1.366808476490971591e-02,-7.578734457567785909e-02,-1.066698846413270500e-02
1.796540552841836835e-02,-6.822068129298755612e-02,6.370037093291726349e-02
-2.691081369897723591e-02,-1.244406949670494034e-01,-3.686723124064984758e-02
-2.103424130770212286e-02,2.132676615406502163e-02,-3.956921068483318371e-02
-4.293547892613975431e-02,7.266725503866520997e-02,-3.377083075751015351e-02
-5.312597535727391768e-02,-1.022268460298263485e-03,8.782152180632508617e-03
-2.846693492432571249e-03,1.432482988360734514e-03,-2.771291147709619568e-02
7.690843228302211843e-02,7.263646548320799867e-02,-2.283676425080881020e-02
7.307620011998201826e-02,5.446904288962081675e-02,6.728765227029005237e-03
-3.919374784680059592e-02,-1.685138836670023454e-02,-1.274368311989057187e-02
3.107978605452680829e-02,1.923974935413881593e-02,2.729919840741769008e-02
-4.855249903560155365e-03,-5.893190323000787462e-02,-2.171270150714381050e-02
2.431917576703606504e-02,-7.376659117855539904e-02,-7.251149401844982773e-03
2.683790867663366636e-03,-1.896231108375096702e-02,4.117685860345999573e-03
-1.866595681062868314e-02,5.486454094100801093e-02,-6.314300388180904555e-02
-6.201250682197274530e-03,2.701787391506716568e-02,3.519032013235857959e-02
1.864856603725003389e-03,5.790621188545377364e-04,-2.712821175088353173e-02
3.760024579398984351e-02,-5.248911927901152991e-02,-2.056864772543607819e-02
-4.920107306151145360e-02,-1.259415294879205789e-02,-2.342121109823652042e-02
2.171333566061812992e-03,-6.828044402845871719e-02,8.979027898887792861e-03
-7.372968014449449159e-02,-1.925369623775709596e-03,2.396707815746253190e-02
1.309293523084656581e-02,-4.606070647109035410e-02,6.912869734829087121e-02
5.521486496016572015e-02,-2.095581774246867146e-02,7.386889586471499791e-02
-1.709564075215419532e-02,-5.985247206775801132e-02,-5.544621956101238730e-02
-5.351903229694311009e-02,-1.091808463418970747e-02,-3.961951531191781548e-03
9.816952130017210856e-03,-4.117386508511502660e-03,8.943172930416710964e-02
4.208585925017820778e-02,3.144842504506254605e-02,3.376645285508781541e-02
-7.914869377013254714e-02,3.460710649964109792e-02,-7.557522992622909760e-03
-1.718448501768939443e-02,-5.575744256443853492e-02,3.249689927930259591e-03
-7.292527112176327986e-02,-2.333203211408407807e-02,-3.384367569319132046e-02
2.056705533291662211e-02,3.892485594799512810e-02,-5.360654044775313432e-02
2.065373241760585371e-02,7.678425282542886143e-02,9.663980481305584980e-04
-3.062087204645796631e-03,-1.299441385013067572e-02,-1.285590941464949573e-02
4.289333531599863469e-02,1.428927824222954446e-02,4.715207865604968684e-03
-6.361509248854089679e-03,1.861713250861085243e-03,7.633282471123703505e-02
-3.160683866718354273e-02,-7.300859956207735035e-02,3.198043037790939541e-02
-1.127789987221724903e-02,-3.650249272763800984e-02,-1.510386956230041610e-03
-1.929588438037223991e-02,1.024898533841772999e-02,1.766837047390093507e-02
4.049621932949537539e-02,-1.654871475692041086e-02,-1.576963263629501538e-02
4.885371686787100959e-02,-1.010273615440057393e-01,2.082193135519499333e-02
5.757667833768025795e-02,-4.507278996774915364e-02,-3.289936665134592098e-02
3.168306882124844598e-02,-3.947220356497560534e-02,2.928183066732239007e-02
-9.516043146958565180e-02,3.027308989077973425e-02,2.037274887061152687e-02
7.255755451045366178e-02,6.792322072402294172e-03,-7.426076666394194892e-02
7.377712274249117151e-03,1.020279837163210737e-03,-1.111834352613203653e-02
2.550333329057861975e-02,-3.435515771702082194e-02,-3.848246058003657044e-02
-8.800875696554620944e-03,-3.123494909823006788e-02,-2.478237918532847847e-02
3.607349574518292634e-02,3.993441212933617618e-02,3.898853887085704933e-02
-2.065559386150293830e-02,-3.578653419735935981e-02,5.541625611910129534e-02
9.811977498484083376e-03,-5.640609072055364354e-02,3.487176248362357841e-03
-3.772975995548821099e-02,9.475308442139987811e-03,1.992926100898732844e-02
-6.735615866601979418e-02,-7.251951381309323062e-03,-5.122956740945838749e-02
-4.331208941259905021e-02,-4.654037660711352054e-02,-1.131662032137888130e-02
-1.652346953054317433e-02,2.150031920978991498e-02,-1.276779582033036632e-02
-1.947165569471574417e-02,-1.068453544143991435e-01,-2.692376732768205286e-02
2.971580340008427371e-03,3.125405370534815874e-02,-4.011822105174323028e-02
1.641650814257330365e-02,-5.146177392180208143e-02,-1.595041546062407958e-02
6.281802444641761130e-02,7.865113860401198170e-03,8.121265573659910975e-02
1.925716583527263201e-02,7.406486692976770037e-02,2.070170557427983629e-02
-2.562384932489496659e-03,-5.768262240210753067e-02,8.773898980503406358e-03
2.215844785968435968e-02,8.184439582583517836e-03,1.287167750183586951e-02
1.014177133850036744e-02,4.259706283533014164e-03,-1.801863922359242184e-02
-1.625920356282421764e-02,2.328429525761307323e-02,1.923661942620636528e-02
8.709012265192740687e-02,4.190718924747617591e-02,-1.118850353349037756e-03
-3.044751854961916249e-02,7.136551291054483125e-03,-8.238354619120021038e-02
3.761368407314510248e-02,-4.130487119594569712e-02,3.621598988188626939e-02
-2.855531997711725865e-03,-2.122481658862844687e-06,-8.474631382356365150e-02
4.606478372000165702e-03,4.466361764494172250e-03,1.319169108202981541e-02
-1.571189241061473263e-03,4.749510614837089417e-02,4.756896319380898158e-02
-2.438560147667119885e-02,2.864963169610443283e-02,5.577153237165250604e-02
3.803001074280239896e-02,2.395870140060121431e-02,-4.188037915662438243e-02
5.295811953619022384e-03,2.132900778486237006e-02,1.714505245085752930e-02
5.819954692470404034e-02,-3.803785282038919802e-02,7.631072968791002310e-03
-8.024526176134286204e-02,4.127482506510627737e-03,-4.749647075949094827e-02
-6.330656435479467548e-02,-4.735517263465380267e-02,4.754962782260032522e-02
-3.982439585944572841e-02,-7.419512400727024115e-02,1.213528325156414990e-02
-1.817168077957886929e-02,-7.014013863054634201e-02,-1.655327993675778653e-02
6.251359065714508223e-02,2.913652864774851636e-02,-5.994066638160598648e-02
-2.389754814729946192e-02,4.036954869449440458e-02,-5.469079589945061853e-02
-2.032111145195057353e-02,1.595793866503982666e-02,3.555647338109297478e-02
3.240656368394142367e-02,-7.957150982388772401e-03,8.640509387577578748e-02
4.983483515928747998e-02,-1.703898655092974876e-02,1.333639361156666904e-02
-6.740827363657039828e-02,-8.550483763169039464e-02,5.809566571488126996e-02
-4.789606772180893951e-02,-2.442496390593349928e-02,-3.196196263289043799e-02
1.882783015823854753e-02,-2.201400945010044755e-02,8.042920453095285527e-03
6.819875183059502868e-03,1.201420704412242430e-03,-6.142254635266489356e-03
7.530860598451676567e-03,-4.587029189461921952e-02,-2.497916332612691581e-02
-1.538540738089628004e-02,7.697558612639528175e-02,-2.478777493623784273e-02
3.628706296742711945e-02,1.067100751517506899e-02,-3.790690598628869337e-03
1.468560177984803809e-02,-2.723173589988469104e-02,1.936592087798544044e-03
1.142852443528280526e-02,-1.967967406264118854e-02,1.082023483395140456e-01
-3.265216779567905927e-03,2.693132685666284679e-02,-1.569641557515024516e-02
-4.969626599874939210e-02,3.240032397219956561e-02,-5.637246933572374885e-02
-1.293305405987940984e-02,7.010221936111434319e-04,4.198221559761030480e-02
-7.696361339470650376e-02,7.326792487627892259e-02,5.171205658664922850e-02
3.952324549993106034e-02,-3.734075794966384976e-02,1.507686689050524199e-02
2.162872739176525602e-02,-1.879263686118916614e-03,-3.199347133878854832e-02
-5.260964181696378694e-02,-3.388263388383051106e-02,6.354764733018550271e-02
-1.508249897526773610e-02,-1.907004803521271342e-03,9.284924957802248927e-03
5.119387603082795057e-02,-3.806206729966422203e-02,-1.020445033517881628e-01
4.995855872201618308e-02,3.748428718077648908e-02,4.647404952350223800e-02
4.556814326302916635e-02,-3.337974534972388413e-02,-3.228940444505729035e-02
7.939142584459042739e-04,-5.287243325942676819e-02,1.138453531799404374e-02
-7.660561528987717972e-03,7.186297914617251203e-02,3.253861153375327015e-03
-2.860440603540572238e-02,1.920297546338146227e-03,3.526389310295868079e-02
-4.734793861341899009e-03,1.149583061878759783e-02,3.276135905808542220e-02
8.646440163721952690e-03,-3.794639576107984580e-02,4.113334086316802057e-02
1.387547514510070398e-02,-6.855493325502157176e-02,3.990742604929636145e-02
-1.502317667332508412e-02,4.030949346159155150e-02,-4.285356545510134174e-02
-5.100816436190855341e-02,2.441155180621310677e-02,-1.768111170606612853e-02
-1.495864788412096941e-02,-2.178385837176954193e-02,-3.719583192137299738e-02
5.279463770571609510e-02,5.541079005706779637e-03,2.067537888448351714e-03
1.591541466400506546e-02,4.084277592480117097e-02,-2.195145580812912084e-02
-1.073858712330552634e-02,-4.583745938976583473e-02,-8.661399227622314234e-02
-1.244552753150957036e-02,1.953174404780501361e-02,-5.568992531445803203e-03
-5.150616843117263033e-02,3.703171608398211152e-04,-2.691111727000026349e-02
-1.856916181514119829e-02,3.624538964323928414e-02,5.000299951481831928e-02
1.007181966289384493e-02,-3.290175685247653109e-02,9.395805975779313382e-03
-1.492697463949518508e-02,-5.186900210142773165e-02,-9.616770326301742750e-03
-6.923278692656904820e-02,-4.074712438406251358e-02,5.110467765091331049e-02
-3.888195587434665687e-03,5.444194827815370535e-02,2.332743765468137803e-02
-8.087827797974353819e-03,-1.169906461080058406e-02,-9.640942074520804025e-03
3.941623299744478892e-02,1.291096849203535527e-02,3.715020890349052252e-02
3.131986219492937512e-02,1.111618690156217920e-02,-9.869130971042469613e-02
-4.033564486805697041e-02,3.962670191254069607e-02,2.708995808534618577e-02
8.764227522909821821e-02,-1.352841613860909960e-02,-2.867096019989872485e-02
6.356032199826887330e-02,5.922502909165102553e-02,2.375723441189018376e-02
1.615989641505649263e-02,-5.576642112604991708e-02,6.061082760055942070e-02
6.841733555094030306e-02,4.111811290694109000e-02,9.615186621326757277e-02
4.154433516417674159e-03,-1.034040492474552243e-02,-5.908114522648513778e-02
-2.854158041141506563e-02,-2.978978157128105153e-02,-6.925738797381141010e-02
4.710489757976106528e-02,-1.173394703558508501e-02,-1.900737974040311168e-02
5.914286957522520149e-02,9.055419688902600212e-03,1.090020428391376972e-01
-8.472877206339990419e-02,1.937869438461860619e-02,1.572201974202155211e-02
8.166923655672864157e-02,-4.657666714716660744e-02,-1.967944513785878022e-02
-1.770432625229044141e-02,7.236751940066094013e-02,7.052684157347291483e-03
-3.199791348038969179e-03,-3.632475608646715259e-02,-2.448692284109664150e-02
5.648855007165431291e-02,5.562849949271462570e-03,-5.227086460695975871e-03
2.167695851153633724e-02,9.640852849233852440e-02,-8.361914967028902246e-02
1.033158945950666818e-01,3.117693279127026554e-02,2.500465493337537121e-02
2.833685691971869411e-02,2.549287133933476543e-02,-1.620891052743305902e-02
1.497098177216484305e-01,5.391882451356400791e-02,-1.613634059452849143e-02
7.021839002056229351e-02,2.900939098189316695e-02,2.193275736453057997e-02
1.392612203504954051e-02,1.511973148302111526e-02,-6.192713044729469818e-02
-1.290481010320716510e-03,2.518638364197103852e-02,7.705115470667082966e-02
1.857844234669419128e-02,2.494619570795326285e-02,5.188381959268303402e-03
1.006635434620118362e-02,-3.662826582391733032e-02,8.387150308309844135e-03
1.543239939536520354e-02,1.723356556292564290e-02,-6.379549864181632488e-03
4.796412612507172483e-03,4.044699533389209400e-02,-8.766998250495702805e-02
1.187735175436399962e-02,-1.293768051223831775e-02,-2.122558442223358016e-02
9.462971947301422604e-02,1.582006092892084687e-02,1.038222058277235051e-02
-5.076398175167341070e-02,-6.450784162003211399e-03,-3.348265206729270776e-02
2.883430209375195327e-02,-1.022280360806960067e-02,4.146530244191117681e-02
1.819467433202282686e-02,-3.632241886679235532e-02,-6.127499822337474818e-03
-3.836967738589182157e-03,-2.186576874232798798e-02,-2.827369216013139036e-02
4.144099050014496410e-02,7.814518805982089561e-03,-1.275505092085521368e-02
-9.774489814136605448e-02,-5.786954739617312937e-02,-4.858226518915755715e-02
-4.292129626737165721e-02,7.402695498048689204e-02,-1.294280653137356435e-02
3.395994535927625898e-03,-2.963250248310225418e-02,-2.039463486246781074e-02
1.919158546545499111e-02,1.001785305993478127e-02,-4.249292776763890361e-02
1.612737576393431793e-02,1.544117493308901946e-02,-3.399984203627559598e-02
-1.930370252657149718e-02,1.566336000333634626e-02,-8.431797891787075339e-02
7.668166177713818532e-02,3.186424387055582230e-02,-9.309897146237776366e-03
4.276642754299140280e-03,1.132535117268237967e-01,-6.412494036543189835e-02
5.943986508824368464e-02,-2.395631980266427902e-02,-5.101293374382251389e-02
2.249324465001664025e-02,5.608373973350119085e-02,-4.530606889829452005e-02
8.954959411903665178e-02,8.042184949132973049e-02,8.036633361354521277e-02
5.025671221909023406e-02,7.041614685439223642e-02,4.657864565573571758e-02
1.792285163477486815e-02,5.046670584941360255e-02,1.801460945173731856e-02
-7.277293479288540756e-02,-4.481011601081545670e-02,-2.472785488131516371e-02
1.679542530598314432e-02,-6.276520432491403123e-02,-2.207770018566521456e-02
3.793400720958764460e-02,5.063403499964674870e-02,-4.895236696216245798e-02
-6.267060098354021447e-02,1.440753042723043505e-02,1.082397242776726894e-02
4.810835934539747956e-03,-3.036818559936124359e-02,-3.420323287357602410e-02
2.707983054935532430e-02,1.184112802911112608e-02,1.351825764935881379e-02
-1.242524245979161751e-02,-4.537060161175743983e-02,-2.934874594496070938e-02
-3.692258195688148670e-02,9.000610271445024261e-04,7.080692066644124483e-02
3.034053225813753904e-02,3.906063917481962522e-02,-5.499664771645925571e-02
7.166715343939659977e-02,6.854952752537005027e-03,-4.456602598867321491e-02
2.458791244132105952e-02,-1.968304509258640700e-02,2.241727615169284218e-02
4.019925911625542303e-02,7.215845535659611010e-02,6.785153032644709349e-03
6.041466159982560036e-02,-3.295170168353725101e-03,-2.403589307244519135e-02
-5.481235735644891111e-02,1.033208226225770625e-03,7.843608400990238760e-02
5.587272856386520624e-03,9.859611035594805929e-06,3.948102187226565363e-02
3.198813425372980246e-02,1.199245539607926049e-02,2.590373170663516633e-02
-4.894881065572681197e-03,8.083368146754145445e-02,-6.039182918488468499e-02
-2.013278067607089314e-02,-2.601684608719501135e-02,-1.213399821791749655e-02
-2.811449144450713436e-02,5.133555070693127803e-02,-1.382289624479685584e-02
-9.038703004149091155e-03,-7.067643444842761080e-02,-6.505967782128074806e-02
6.810234554557403897e-02,5.302953811211652546e-03,-6.048511695949361500e-02
2.496290435862436388e-03,-6.990020876202408806e-02,9.096541425064148811e-02
3.876641690305482335e-02,1.936043532575484069e-03,3.932576746526337402e-02
-2.060239506609849378e-02,-4.964923166825428030e-02,6.390689050209916178e-02
4.252649481879624584e-03,5.518553389857397927e-03,7.080121039307454844e-02
6.249452665666752754e-02,-4.940854639107533641e-02,-1.213661707245831337e-03
3.784356082651574998e-02,-2.643645280586312540e-02,2.836287276315225744e-02
-4.119959652603248645e-02,7.026513427644969639e-03,1.559932628935587796e-02
6.272421838275551997e-02,9.381330287179927632e-03,1.265350009730997934e-02
-3.093740955082496108e-02,-1.276274543982556242e-01,-8.952214849195659629e-02
2.069925625388734439e-02,-1.768543647518578885e-02,2.570512867434553150e-02
-1.269307078020990784e-02,-1.339491722165571906e-02,4.494941617460671002e-02
3.372198055874484068e-02,8.415525782900849794e-02,-1.318284862605336935e-02
3.004826190100644626e-02,-1.904063220169974549e-02,-8.133135239576236297e-02
3.125068092781344009e-02,-2.614613406813963425e-02,-3.483829941265009084e-02
4.163664132268583146e-02,-1.441837663861307225e-02,5.011489119270596919e-03
-6.038345037019991063e-02,8.865850153610470297e-02,-5.170370500917667242e-03
3.034288514120551256e-02,1.761514246393500530e-02,3.658966018158477801e-02
1.791406171258366764e-02,-6.421662069573080833e-02,9.480272871380287028e-03
-4.459843339706260484e-02,6.286940493284220999e-02,1.195697844013769023e-02
8.439894477196067946e-02,5.092573145404939716e-02,1.947346766819832778e-02
-6.925588691648601990e-03,-2.400906737138308600e-02,-4.251606758299589922e-02
-7.406209611032844864e-02,-2.033695152632254699e-02,-1.909081090418039695e-02
7.018842014906682969e-02,-5.644948399393040495e-02,-7.202362336222171979e-03
4.862407723387774522e-02,2.415728440039361866e-02,5.117905666287955214e-03
3.049153581360691118e-02,-2.384720012737351000e-02,-2.214861013908703442e-03
-1.042289755532517688e-02,-1.114423814513313543e-02,3.643844394392901226e-02
1.735036786659173783e-02,-1.065260478880865162e-02,-1.031437346118111303e-01
1.162850439741356387e-03,-8.234719749229081273e-03,5.291726934629790990e-02
3.111659807663164773e-02,-5.193211346091931857e-02,-2.925294394293625685e-03
-2.167648044777780933e-02,-2.324437241327389006e-03,3.761037901649293136e-02
2.316698740213288601e-02,-1.848242168681443059e-02,8.963994933630697881e-02
-2.908874406520564702e-03,-4.070003598089450697e-02,6.119584660333819703e-02
5.398669372219106616e-02,3.944021593077533944e-02,-8.883199448959313779e-03
-7.549862670311700830e-02,-1.064593255102915491e-02,1.083898270296642097e-01
6.560992536445933720e-02,-2.057315741801691439e-02,4.064291211881970040e-02
-4.287151017017489657e-02,1.011445157978988624e-01,1.734905223857264103e-02
-4.993745027671187692e-02,-3.281271663211562245e-02,-7.246624846168413236e-02
-5.256193082663305170e-03,1.182569729594404664e-02,-6.158603347452493854e-02
-2.445475607398642573e-03,-6.222862840571637133e-02,2.515260269217535483e-02
1.286474377730219450e-02,4.791807828015019755e-02,4.637230644312366479e-02
-1.480232115472200627e-02,6.118971394334800362e-02,-2.885568212047815578e-02
3.678900576950035889e-02,-1.256169401870038671e-02,5.217037972273164126e-02
-2.089636774906058504e-04,-2.391195969831323709e-02,3.863386307465305897e-02
9.597179891532250928e-02,4.886146991040379861e-02,-2.115323583671849944e-02
-7.015610429781905799e-02,9.284415131147800981e-02,-3.387742683878018635e-02
-2.648102875315769961e-02,2.021009609967269749e-02,-4.572184407636496750e-02
3.767541934935485920e-02,-4.291699410515342067e-02,2.207244794555577108e-02
1.030690658261682879e-01,-2.570297112502283737e-02,-9.139321244668993996e-03
-3.180328429147863400e-02,5.992637252913089740e-02,-3.445896305537352738e-02
-2.025482481428510922e-02,-1.911167490593766423e-03,3.988680998490612417e-02
1.824021890245328082e-03,-3.853204210055356793e-02,2.166485258836418990e-03
4.682180585307337689e-02,3.523588779910555302e-02,-3.629384661082690061e-02
-3.047372938247651028e-02,4.541794696178287584e-04,2.548236183543198252e-02
-4.004348611418816206e-02,3.497199102833574436e-02,2.183317989774332096e-03
8.511706642462915640e-02,2.077497460370360954e-02,4.329175275190988437e-02
8.376076470683155306e-03,-3.038847395681178870e-02,-1.684487553728837919e-02
3.547084507794250746e-02,3.470878522022426362e-06,-3.537446356175329154e-02
-3.850720244964804528e-02,-7.923016365843580863e-03,-4.464735318259490868e-03
-7.210342437085295875e-02,-4.160939886844583664e-03,2.592731532867692534e-02
-1.970599163781208002e-02,1.657607129782737165e-02,2.532165232732173921e-02
9.162971525675757400e-02,4.916440708449923425e-02,3.480497023807601654e-03
2.476056856818445798e-02,-4.446207223193423402e-02,-2.180392081882511629e-02
-1.199877014871966741e-02,-7.483917064417454357e-02,-1.726101421654828438e-02
2.870715604020524989e-02,4.207912763946418389e-02,3.372245574690346109e-02
-1.162783574346564104e-02,-2.237050019314073060e-02,-1.507332024402738106e-02
-1.567855413109011525e-02,3.580816974719655543e-02,-2.066413157548192131e-02
4.717461867428056344e-02,-4.289801417819406187e-02,4.427500388028173515e-04
3.870678542442761161e-02,-2.313217591442297966e-02,1.419707014999946337e-02
-1.051842129148766215e-02,1.800784645244614054e-02,-1.366567545800536319e-02
3.297151910693818522e-02,-3.664853988973305193e-02,-1.285126807511557554e-03
4.498529823645745079e-02,6.165636254072066197e-02,6.542609622850228956e-02
1.842696740916092285e-02,1.883032892918647810e-02,-1.534198908294386564e-02
2.353397565407019942e-02,6.149718131278013832e-03,-2.034657027480610628e-02
-4.342745358739850264e-02,-1.529447356699842331e-02,-2.714513411760991271e-02
-1.477950644171458980e-02,7.401016135217933223e-02,-3.476240755858335529e-02
1.709899733700670152e-02,5.601617356898788008e-02,-1.771513228450492805e-02
3.981303900407951596e-03,2.119483608605784303e-02,1.798439465792808778e-02
-2.908715312899521482e-02,4.099393419555800305e-02,2.351106934839978027e-02
1.335416471367173626e-02,-1.450035235354514389e-02,4.431171525836671843e-02
-3.671155519126241724e-03,5.742384895847375131e-02,6.550312006374059415e-02
-7.629585957314888311e-03,5.534493254036752102e-02,-1.842804589368011309e-02
6.286294037428256931e-02,3.791342663662033985e-02,1.074128098663999949e-02
4.699399551044620982e-02,1.717829349486437937e-02,-3.204552708213589257e-02
4.277327170264548506e-02,-1.789665658094259648e-02,-4.863017102805973491e-02
-2.484183813453039180e-02,3.926356915502542122e-02,1.723263137861813510e-02
-7.456659307077431222e-03,-7.709322727271619713e-02,-8.677740826337392369e-03
8.328870697045838434e-02,-3.333309044399012516e-02,-5.479071953758200310e-03
-3.048263049279644268e-02,3.078130838959085985e-02,-3.732668604241888045e-03
4.369329070268882648e-02,2.202090371708730412e-02,-7.396983670869067967e-03
5.498572799547432610e-02,-1.831143773151206258e-02,-5.357699616026289496e-03
1.164799721020323559e-01,3.375327309396879139e-02,-1.843274279941043217e-02
-3.449453227662657717e-02,-1.445708949103529685e-02,-2.099272466302279025e-02
6.407166007886554160e-02,-4.401893077137603028e-02,-1.046614218633291730e-02
-2.128141160224433608e-03,3.978152053825553813e-02,-4.301690222158092297e-02
-3.107805187167431149e-02,3.830356091045392791e-02,5.143703156349649364e-02
-1.330351627707350437e-02,-1.902750757788585975e-02,-2.006010492029704217e-02
3.775168499535461880e-02,-1.948374630736198973e-02,-1.353347857674932347e-02
4.307463175851751654e-03,5.219490629178607372e-02,-3.281777218670839380e-02
-6.393206162421397054e-02,-1.170275948867707198e-03,-4.902162381186368767e-02
-4.726114287624955113e-02,-1.451784586140544148e-02,-5.582990877237728987e-03
2.357171797096730206e-02,-2.648670660537372559e-02,-2.162213373014658380e-02
-4.547748363223187706e-02,-1.232563522413368182e-02,-3.862801338793166867e-02
-5.611876370827994197e-03,1.072061526172048010e-03,-3.274190050042213168e-02
-2.154532934508257558e-02,-3.205140903168367250e-02,-6.891106584476168993e-03
2.943306372158233097e-02,-1.891195812503419088e-02,1.276541871434191434e-02
-2.812988818719804399e-02,7.684969162483143434e-02,-1.670028835047732141e-02
-9.730669938300190100e-03,4.812189779191387157e-02,2.305142037521497669e-02
-1.822457571799603049e-02,3.562208010530527186e-02,1.761366414986319934e-02
-3.519140048413560082e-03,-5.255164820482883560e-03,-1.845541597297170947e-02
6.403742668148188280e-03,4.195691544235812670e-02,-1.524884035404778376e-02
-9.395706705956624952e-03,-4.749779463310897787e-02,-2.379893887811459011e-02
-2.923790727149730775e-02,7.203317386071392270e-02,-7.784175514711941420e-03
3.950104299735877206e-02,2.358146962379973482e-02,-3.679744594036132160e-02
1.277173456915455495e-03,1.151270753995851763e-02,7.145765311962538890e-02
-3.478141188193997063e-02,2.512730140187605793e-02,-7.721661122580708581e-02
3.958414126744945472e-02,9.982357502334390092e-03,4.550571772980298302e-02
-5.822492266991946552e-02,2.476847365750510944e-03,-9.048418600310570437e-02
3.917862793858643833e-02,1.328312084983075160e-02,-1.071838417375787882e-02
6.316931948297699502e-03,-3.121383046656329638e-02,-1.129874742921743447e-01
5.527934167582673752e-02,5.785564401118592319e-03,-7.963472060090079352e-02
-6.156652495115839951e-02,2.438821759687565330e-02,-1.236885309928796757e-02
5.383655553589457299e-02,-7.643261541552079374e-02,-3.253773307544265830e-02
-4.197020856617010055e-03,1.915764988416949338e-02,2.132380612077150808e-02
-8.504307933740802572e-03,2.028786388005625677e-02,2.614433930660884850e-02
-4.155183926142906603e-02,6.507146818719168613e-02,-1.037841527615081944e-01
-6.372941897105076012e-03,6.593964132184439164e-02,-2.482954343980484438e-02
9.780360025341910957e-03,4.450320334612488382e-02,1.189892764554994868e-02
2.226443552313251209e-02,-4.083569412319074804e-02,4.573000137299500570e-03
5.704983238026184456e-02,3.771934019319101231e-03,-6.287610107175762957e-03
3.376171528328431037e-02,-5.807051059552705008e-02,-1.957556448464404381e-02
-8.316014818521164087e-02,-3.883182979814436830e-02,2.430204439811893980e-03
3.679410257839559051e-02,-2.626530060547232689e-02,7.805329578309325514e-03
-1.666549320286464173e-02,2.585338676053215018e-02,-1.136884475173505354e-01
-4.170318734447863579e-02,-5.023644708262726272e-02,3.970245408143634192e-02
2.827386589614508047e-02,5.276669741234425032e-02,5.343282783820473003e-02
3.562091668406211758e-03,4.629355059276565355e-03,-5.872209216414253467e-03
2.137877208870972781e-02,-3.302903665724418042e-02,-6.904729915064845847e-02
5.047864769106351346e-02,1.704183822433041895e-02,-5.832470951849307028e-02
5.065580937619208052e-02,5.326334117597458090e-02,-3.343914215741355250e-02
5.191327755907287900e-02,7.552113109966664128e-02,6.812670261288446272e-02
1.263030056339064719e-02,1.863341377957367442e-02,3.745472681191392567e-02
3.498915803135907443e-02,2.964183136081656803e-03,2.583769339220087866e-03
-4.292332012184620765e-02,1.357272163959319204e-02,-5.711212844373256270e-02
-2.505024076521954191e-02,-2.232403652797489146e-02,-4.023040114890832214e-02
8.749584814313149383e-03,-2.102569068308704926e-03,3.142786406721397724e-02
-2.640128365654873313e-02,4.319140252364294524e-02,-2.587131576871241900e-02
3.727920283033588078e-02,1.557120439597299393e-02,-1.643272177801929218e-02
6.411064045809231580e-03,-1.757379500760486435e-02,-4.198629379054055234e-03
7.919638340765951245e-02,-3.317591780954435438e-02,-2.726771597915782913e-02
8.090906668196880258e-02,3.778726141165781455e-02,3.745183379119658429e-02
-1.442260359486550840e-02,-3.857103011150421479e-02,-2.204207747969352121e-02
-1.090664986942246548e-02,-2.730738149113729960e-02,-2.681140950971539968e-02
-4.232831038576941041e-02,5.480513386435519052e-02,-5.358830196702205062e-02
9.992240018693155854e-03,-4.500172451758151226e-02,-5.319545983907318643e-03
-5.946067877667842241e-04,1.602507950467703390e-02,3.085963662668735150e-03
3.524525213766906140e-02,-2.481643004699653557e-02,3.758547405108909195e-02
5.900460679294714655e-02,-2.288931794377931442e-02,3.840120317438438634e-03
9.353366004958231852e-03,7.653708095938413199e-04,-3.181963315923318908e-02
2.542267401766429638e-02,-4.578599793249321301e-03,1.405259626948003951e-02
-1.761279351865931153e-02,-2.103858653490538275e-03,3.566615830932842734e-02
-3.489674955538413920e-02,-2.934301210885343833e-02,-2.970742782134416088e-02
1.876172344191936320e-02,7.193490483339515240e-02,9.346887232177104876e-02
2.137217523956551693e-02,-2.875253437424379541e-02,1.031314604015400385e-02
-2.262976312600609510e-02,-5.006397213970507215e-02,-7.612707276850810834e-02
1.145236348885540073e-02,7.777459669345522172e-03,6.249897522289085162e-03
-4.576639653984621720e-02,1.624801167977963723e-03,8.859687031560871395e-02
5.661999721179675898e-02,4.270988570166162068e-02,-3.467869144653169811e-02
-2.542549370709945231e-02,-4.397322188381200259e-02,8.761058943906058216e-02
4.734718288560501621e-03,-1.369038768806969675e-02,6.000205891136114328e-02
7.380160524764789454e-02,-5.659478221306010748e-02,-2.578198563483614925e-02
3.906705411269321970e-02,2.127486486103228464e-02,-8.226897013496888011e-02
2.246370974296741513e-03,-2.533868677022861268e-02,-1.301320484612531088e-02
1.114550213991461272e-02,1.155521759610466173e-02,5.776535172839127735e-02
-5.366065922245499310e-03,5.409358268129515340e-02,1.996382647611123773e-02
8.490930741839665397e-02,1.713973263331325728e-02,8.256090903174598261e-02
8.585933765266948181e-02,9.714007285241431366e-03,7.374979361962488884e-03
-8.377639936885725169e-02,1.814524411769064677e-02,4.128044770886925285e-02
1.562744421408995485e-02,-7.436098732322160565e-02,-3.153791672372022875e-02
3.801624669888251790e-02,1.626336056000128594e-02,-1.814941132134958307e-02
-1.128840144393883499e-01,-4.530897724491244651e-04,-2.963776649855990805e-02
4.242900736505712117e-02,6.358339193947685347e-03,2.284547991961509081e-02
1.855987262739451985e-02,-2.344887782111370125e-02,-4.540647519952045741e-02
2.379332507221414497e-02,-1.826077393123789333e-03,-1.031024935610546679e-02
-6.393786079753675800e-02,-1.544389500285920334e-02,9.086314108495953390e-03
8.858351260326460808e-02,-2.137285057985446532e-02,-2.465540442818639141e-02
9.511399123238931455e-03,-1.351533398005583253e-02,2.010821224420292208e-02
6.598331678279968637e-02,8.791343281358135475e-02,-3.855282078881847041e-02
-2.775762755851045663e-02,-2.330593626329790016e-02,-2.153344643051839386e-03
2.282090051037163198e-02,4.817008901899497847e-02,2.351740080379898651e-02
-2.678339185128334951e-02,3.468935958242543721e-02,-2.088721863975153900e-02
9.634387618794969591e-03,-1.288146988024381490e-02,-1.030813969541015118e-01
-7.526987211090578611e-02,-2.386863267915165579e-02,-9.697955187975865199e-03
-3.464376600813313251e-02,-4.081691712389815679e-03,8.613666374196671249e-02
4.627485964011890385e-02,-8.387860548602897939e-03,-5.566419523084528004e-02
2.484944051647070343e-02,2.576575234889428787e-02,-1.859327265312076677e-02
2.134899882538988589e-02,-1.907609251401054182e-02,5.332769034014428478e-02
-5.280359682812514610e-02,6.325081665278618759e-02,1.244655374572308654e-02
-2.140185366338805822e-02,2.239434510736815209e-02,-5.324750051228694520e-02
5.501068266970653500e-03,-4.015920502673691467e-02,-2.801106063999578982e-02
-1.537431830488611428e-02,2.162866864311812840e-02,-1.090005174777771563e-02
9.384666406657769799e-02,2.667391710125515108e-03,-8.170764808729050199e-02
4.024989694496031861e-02,-6.372169038024166898e-02,6.607533376329299823e-02
-5.834217477966007620e-02,-3.395471686696348995e-02,6.796286709887526707e-03
-1.977704150722126020e-02,4.369656605123385662e-02,6.555740211170472953e-02
6.260455321254818073e-02,-4.155498232219571875e-02,2.264591564661952786e-02
-3.538117465683165291e-02,-2.383322910144310136e-02,3.362196408589990249e-02
6.576626610533115036e-02,-7.142105765698007758e-02,-6.220225451769102396e-03
-1.227220568942523349e-01,-1.322196852893766338e-03,-3.160056001320253605e-02
-1.099602002008936291e-02,3.579827546315716980e-02,1.639579526372676385e-02
4.675913541288556630e-02,9.439926956842330241e-02,-2.511088830149867113e-02
2.857311627639503096e-02,-2.685878549468094165e-02,-3.984467646043536593e-02
5.878451310350024661e-02,6.093407717097233667e-02,1.698624251981207742e-02
7.970219997257611821e-02,-2.711563338004028753e-02,6.298138463487716956e-03
2.524700572925155616e-03,6.762576979214125761e-02,1.276801761790921814e-02
5.963504118490758898e-02,4.456973081370917307e-03,-2.271141394809495992e-02
8.660107341723965318e-03,2.826966149121170474e-02,-3.188191257336765120e-03
2.234599708249222424e-02,2.239895217218313556e-02,6.993001133804874724e-03
-2.633692824513194503e-02,1.233042782968380401e-02,-1.933539792816440714e-02
1.916147951943712735e-02,9.692284102876400076e-02,8.179106097313393331e-02
-2.823028883035305289e-02,-4.849027892769247963e-03,-4.131589156727370066e-02
1.280866134095251171e-02,-1.334853452180577091e-02,1.934546856780649388e-02
-3.042829839829113911e-02,4.974865982558177024e-02,1.733737336528550638e-02
-7.970971577739191863e-03,7.196287011568932440e-03,-3.526400178543246527e-02
-2.701484928728855629e-03,6.317688586434237752e-02,4.935526942369614090e-02
4.805120680913841508e-02,-1.167110593717874019e-02,5.513955580727752936e-02
3.973844815355763622e-03,8.325858838548022556e-02,2.807565039590201317e-02
-2.623975396771372273e-02,-2.552344791749636133e-02,-6.048963867595811422e-02
6.846669420144331497e-02,6.213916510084140782e-02,-3.304601251920669114e-02
-2.133348684917633908e-02,3.386919489608434392e-02,-3.425346975895324220e-02
3.452428601562018695e-02,-2.987096768352884985e-02,1.540895490409860055e-02
-5.152142620550342195e-03,-3.939615324714536293e-02,4.210619483132099772e-02
6.147368958048534532e-02,-5.021689385944999584e-02,-3.156543899308735662e-02
4.974571822628600509e-02,-5.098423821196791487e-04,-5.727269892738010015e-02
4.489686828064864271e-02,-1.041670409930742572e-02,4.220218425196408524e-02
-5.098685217175689260e-02,6.175974566590759079e-02,-3.504894082338180783e-02
-1.065734703646484781e-02,-2.438918385821919194e-02,-1.373574779870668063e-03
-3.683561205382769599e-02,2.211422179652982808e-02,-7.998688037950708873e-02
-3.472084675688176525e-02,-1.762797949343320597e-02,5.386703828359726276e-02
6.360606597089192571e-02,-3.766998859395805782e-02,-2.675480091931218760e-02
2.911219623843038645e-02,9.777458193566905542e-02,4.169894949771098085e-03
-4.602125715544221063e-02,3.608424380482495170e-02,-1.159926597069562033e-02
7.940592714943400798e-02,1.061123525471656739e-02,2.669903896869784549e-02
-1.646589569501041503e-02,-3.097818216747482908e-02,8.721150087534647322e-02
-5.531580516421436694e-02,5.463269318956512355e-02,5.091102986018990195e-02
2.488122598672586495e-03,4.885588024918202654e-02,3.953638406875001343e-03
1.211758768271626978e-02,-7.458137585087488974e-02,1.171692380482187990e-02
-1.010746839365247833e-02,-2.475902716474929349e-02,-3.341397403238478836e-02
3.593628661163090349e-02,-5.031294799704590787e-02,-1.107844739622250302e-01
-3.610616777513979414e-02,1.516146829890334911e-02,2.621623972016095053e-02
7.226165404502328006e-03,1.039027583440206917e-02,-4.926439285461674603e-03
3.483175293945756004e-03,5.181722938757931524e-02,3.282050315306131449e-02
-5.168109303779771374e-02,-6.903311289783586879e-02,-3.614209568018317970e-02
-2.665570870804316247e-02,-2.173262761185722550e-03,6.110989443258319637e-03
-1.038714148136161974e-01,-7.665396970659685283e-02,-1.051499245396411014e-02
3.351971844821438618e-02,9.537148249839168257e-02,3.391938926361440232e-02
-3.833333077637646191e-02,6.064754235003719067e-03,3.995787535500115034e-02
7.509502476025254301e-03,4.416784993855797994e-03,-1.287408755323154498e-02
1.380674017762034342e-02,-1.483651992374982603e-02,2.637965478238349371e-02
-2.317717302866045825e-02,3.324758214197834350e-02,-3.563388949066935429e-02
1.250060330907700433e-03,-3.462750404970142692e-02,2.124133288553319010e-02
-1.181203398361244661e-01,-1.186359835917340753e-02,3.139719914193169967e-03
6.903701972754255900e-02,1.320970599782313355e-02,2.228782561342222343e-02
5.895340454687744702e-02,9.143342373764734923e-03,-9.353371056018676757e-03
-1.033499202247375043e-01,-5.376557523893073925e-02,2.958991637151113865e-02
-4.770352556403254646e-02,5.802612286335872421e-02,-3.295027252379927052e-02
3.176922290047665132e-02,6.510016275680322734e-03,3.504110623814002401e-02
1.958640372241129187e-03,1.643777456933029113e-05,-8.149710957135822970e-03
-9.502162364002045281e-03,-3.418571790316198011e-02,7.944584112880831439e-02
2.365627576343427158e-02,-1.296457170491134548e-04,-2.882773164594243029e-02
-6.588090908326596669e-03,-9.598394216685656941e-03,7.153455406542934270e-02
-6.196321185049541436e-02,-2.182421460712721112e-02,-3.059009494037001967e-02
2.426720175272690377e-02,-1.031772880668644782e-01,-3.861142093240382128e-02
6.456476781136809284e-02,-2.494175621416887603e-02,1.836016649433892464e-02
-2.515944997123656032e-02,-1.119386859290014656e-02,5.717700688552381644e-02
4.128994983388645235e-03,8.142820854438128156e-03,4.050860427567569422e-02
-4.948102955903298933e-02,-8.756378700837905496e-03,2.846864046897953915e-02
4.967834225150591365e-02,-2.654937567018328740e-02,3.114116386418130933e-02
1.017758397082426103e-01,-1.027143394214700793e-02,-4.795472395741361832e-02
5.038281026135865009e-02,-2.096773089448769958e-02,6.293074547737623203e-02
1.099165778263862074e-02,6.472298772823890933e-02,2.952035597976960038e-03
-3.088992789907213030e-02,-1.343423893125898078e-02,5.849670106023342059e-02
1.901399623256602028e-02,-6.942061115945992456e-02,-3.953000229508459896e-03
-2.475862117853129714e-03,1.314920245130545874e-03,1.257381913537591184e-03
-4.089378225337416545e-03,-4.386750821736406375e-03,-4.789740775135598733e-03
6.399578294464585045e-03,6.577385064918525245e-04,-1.614033589372311853e-02
-2.526997105688778920e-03,-1.971395431337192791e-02,1.408464368752665972e-02
5.382440873180567575e-02,-5.297524461725319767e-02,-8.866259871902708702e-04
-3.544641703565124674e-02,1.418457322048668860e-02,-3.432005594198887788e-02
-5.766594647708524202e-02,8.316826948478074980e-03,-2.750603248141689564e-02
1.849115646256132943e-03,-3.823905095894867406e-02,-1.849029006458466004e-02
2.345426668360733186e-02,3.833648834190175186e-02,-8.578726097835508158e-02
9.674526880320203151e-03,-3.513096008976546170e-02,3.943874515380894202e-02
1.152655792176691691e-03,-2.701640033350780068e-02,-5.601564184785286227e-02
3.124241168534092322e-03,-1.067113957828781795e-01,-3.984911774312906163e-02
-6.294404655945706750e-02,2.418557853410844075e-02,5.671319399822174340e-02
-4.638044795328028630e-02,2.345452424059803892e-02,5.790844489072378282e-02
1.313164715790441674e-02,-1.553322904351798735e-03,-6.260782515297656781e-02
1.913078194061726672e-03,2.353629775800719984e-02,1.388052558025940596e-02
1.096206210536276870e-02,-4.976320489414300975e-03,3.752434797401921901e-02
4.924108758290601795e-02,-2.714388870990134921e-03,-2.467607873567190593e-02
-5.027219553765803484e-02,1.462582619250267502e-01,5.089865460627699019e-03
1.268022065556008264e-02,-4.225289521926236386e-02,3.058793274589001465e-02
1.571700446550737887e-02,1.612947018704422031e-02,2.820128746019056470e-02
4.587603153407952133e-03,2.637336902180149531e-02,5.750538450645970544e-03
1.326209128615737053e-02,2.869719484536237611e-02,2.312151384250687395e-03
-3.098392762101208342e-02,8.099077637908271010e-03,-5.684406629209753925e-02
7.155083020831981555e-02,2.153747174247955601e-02,-2.397047191070306518e-02
-3.201086959704914359e-02,1.717871558917856423e-02,-3.071710295397925370e-03
-5.163077721739026821e-02,-1.484896465901091450e-02,-3.640181315077337110e-02
-1.060315550840618820e-02,1.617099764121878239e-02,2.172708533771004584e-03
2.534055313661073838e-02,3.819997416430186230e-03,-2.427693118352700422e-02
-6.218846949292110293e-02,-4.842111711720051889e-04,-4.513020579314165615e-02
-8.779205844148591301e-03,-3.163897184312926270e-02,3.534451151447444428e-02
1.600407240895811503e-02,5.971308647278039802e-04,2.704916510071694175e-02
2.013728168663907192e-02,2.654793089239212631e-02,-3.661463581090038111e-02
7.750400751093954044e-02,8.139285963662924728e-02,-3.307943365163785749e-03
-1.158781556356100646e-02,3.751900830478179655e-02,-1.676852786659803430e-03
2.682030627233309913e-02,7.017274474661316930e-02,-1.657046014586838895e-02
-1.113081512696293546e-02,3.651686451386835369e-02,-9.811819407617491939e-02
-4.146011494617775350e-02,3.566467317580117834e-04,7.387890514209374815e-02
1.517858344228104235e-02,2.940619874678712664e-02,9.637119736247446236e-03
-2.218034675040351546e-03,-2.020349151223295447e-02,-1.078625615463192113e-02
5.349861961827909879e-03,-2.883215868456965453e-02,-1.574309700190514028e-02
-6.937586998100597757e-02,7.307908856673779596e-02,4.517495224121642616e-02
5.729100566540182987e-02,-2.405904587169006154e-02,-1.906440520253863125e-02
2.430509316742729756e-02,1.226468676582001191e-02,2.059686611297737932e-02
5.461509443612661691e-02,2.408869762708445647e-02,1.982155406301748177e-02
4.933841130252492047e-02,-1.776477197563345808e-02,1.925197032763304242e-02
-7.298146043796650828e-02,7.010965223283707748e-02,-3.141346581281162509e-02
1.006101177114375467e-01,-1.694675737426597911e-02,6.145224887844050361e-03
-4.974222113503150994e-02,-6.996545878674610567e-04,-8.248877276733672381e-02
3.611783581770434959e-02,-5.616306071843300829e-02,-2.282047834254911228e-02
1.041461580095872155e-02,-5.326105977969299715e-02,5.196522756307277863e-02
-8.471082132039932377e-02,-4.895405837914970637e-02,1.867834196917637912e-02
-1.746376571790826671e-02,4.819218580781169797e-02,-7.318838486589857029e-02
-2.118775837067826771e-03,-5.777402983405359460e-02,-1.828015928608116292e-02
2.739086356832410099e-02,-2.249110922858452155e-02,7.178873865505447371e-02
-1.430544461757033217e-02,5.315247065331391019e-02,-5.053906453475214694e-02
1.166917291305558622e-02,-7.959600619426616952e-02,6.793897827446851445e-02
-3.511036078922383230e-02,-2.024727306061489471e-02,9.774815562152205928e-03
3.964941326705107710e-02,5.828749309270490897e-02,-7.478236438241843420e-02
3.241290726601501332e-02,-2.307039527802678264e-02,-5.163321037967287530e-02
2.889216022670957479e-02,2.844546754200440175e-02,-1.936789005124156873e-02
-4.898488465697475175e-02,3.006381544197161537e-03,-4.379288252729224978e-02
-2.161929377544875939e-03,1.419768704711205434e-02,-1.240394657969706022e-02
3.318525724340991301e-02,-5.040510353648553626e-02,-7.238524246133680451e-02
-1.503059359621701854e-02,6.548026487020212894e-02,2.166444741109668781e-02
-2.882072804848473738e-03,-3.806237723278858755e-03,7.765683220110261575e-02
-2.387297490209461942e-02,6.549432552319163492e-02,9.327232082342772068e-02
3.422586820780593869e-02,3.864176989803793510e-02,4.581568033660023131e-02
1.156843241775352277e-02,-1.042980988014860673e-02,1.720897161552513779e-02
3.682614666713380103e-04,1.276133254534515121e-02,6.900284180795893466e-03
5.290634630958649526e-02,2.917627646879474707e-02,-9.802974695040933550e-02
3.431633722018925781e-04,-5.986661294080999028e-03,2.921267681590878490e-02
-1.123115558154391853e-02,-2.187027331185582152e-02,2.414264075368573875e-02
-3.272111398465082227e-02,-2.709622561764410235e-03,-8.099346938082726405e-03
-1.169076936764190840e-02,-1.557157401622467387e-02,1.331588336637379820e-02
2.405419632662605250e-02,-3.860431309397204663e-02,3.599598584926791411e-02
3.298775710222748986e-02,-3.810660776734848404e-02,-1.602914553009248538e-02
-9.304474686969554237e-03,9.897506375702708192e-02,-3.365364811842110754e-02
5.529043220271577519e-02,-4.244000347904512693e-02,-5.893138299750572823e-02
-1.416372371154422591e-02,4.482207848483287654e-02,1.395749004253695087e-02
3.588781043404317556e-02,-1.548891724178228305e-02,-1.085119533649128373e-02
8.676930232084578351e-03,6.022050411538547310e-02,2.805312453447393606e-02
3.347495401836411005e-02,1.113785328934304222e-02,-2.326568634366605465e-02
-6.209786182561159891e-03,2.011056451501169740e-02,-4.600398653917685959e-02
-1.155986949706294328e-02,-8.942136445949992046e-03,4.511653704937809706e-02
-1.405540348086199015e-02,-6.986222012302789608e-02,3.204741907705016546e-02
3.212620361847180056e-02,-4.272851585988206996e-02,1.654532645524995488e-02
-3.685079401288379047e-02,-1.435655339564676468e-02,-5.693488370882322791e-02
6.782469601853181873e-02,-2.431431320339051683e-02,6.855677416749185460e-02
-5.002229494557887228e-03,2.761831376095725057e-02,1.578193255215038296e-02
-8.017853056214402363e-02,-4.713295543709018764e-02,-4.998038516981080344e-04
-6.541989504051009055e-03,-1.738369799113769279e-02,2.642053637314564427e-02
6.002261981053754608e-02,-5.661635614978876435e-02,1.779166999402009841e-02
-3.578354467928100691e-02,9.228422344038998693e-03,1.691679866754908701e-03
1.498073526021415428e-02,4.434267747226810358e-02,2.843329982338372447e-02
-1.090672341000262398e-02,1.017683019765780739e-01,-4.494049795162290833e-02
3.059599040497015462e-02,6.534511970092371502e-02,-7.922523651965147906e-02
-3.495583482662616842e-02,3.571289557146960138e-03,1.978010438619009354e-02
-1.799823619274640556e-03,-2.073123353920272929e-02,-1.638663640850252304e-02
-5.350509433165161199e-02,1.083824411828831873e-02,-7.309941884706848414e-02
-4.554888952513701478e-04,-2.525920119149546381e-02,1.195078253310488984e-04
4.391198664815294112e-02,-3.720881345920141331e-02,-2.530965644570913609e-02
-4.508449079045961927e-02,1.859830108071925184e-02,2.112981133546701015e-02
5.407151591243199856e-02,2.205653224956701398e-03,-3.049319853384889652e-03
-6.666400663226871269e-03,2.226030676722036417e-02,3.968468068069959387e-02
-1.855721045121562496e-02,6.589453545517615085e-02,-2.223452828797830086e-02
-3.728056194913103444e-02,5.364312628324475335e-03,-7.386231478395388628e-02
-2.902379702783159168e-02,-6.487547261615773074e-03,5.353133619974337863e-03
5.103256724926964749e-02,6.206528056330594401e-02,-4.180298346802245602e-03
-4.792301799999938022e-02,2.262817413246203183e-02,4.164399432252578748e-02
-9.348687501806256239e-02,6.084955525494129512e-03,2.825569717768018629e-02
-1.199698383043791283e-01,3.722023882568047115e-02,-4.396920457184076703e-02
-4.126524949840723600e-02,-1.772039039413409248e-02,-1.725197841547337907e-02
4.084124852662483068e-02,2.788018449630650167e-02,5.357759794851987833e-02
1.772906706571669710e-02,2.422382246293229222e-02,4.408757375133480483e-02
-6.297794231336584225e-02,-5.490069712652848738e-02,-4.072492797622218746e-02
-2.440761032697302390e-03,-5.430486027412222139e-02,-1.062086017742616901e-03
5.211622089083751963e-02,3.943400584349506660e-02,-1.218910232399501165e-02
1.010176305635272949e-02,-9.339488164120706565e-03,-5.985964429560883260e-03
4.266217144090472119e-02,2.760523972578166410e-02,-6.420276794367969775e-03
-3.185459450930108738e-02,3.577136452353941315e-02,3.759079293418410902e-03
2.389088792749919851e-02,-4.485021777291819944e-02,-5.146372066431099956e-02
1.052471744733255062e-02,-2.886166808549268589e-02,3.028857867437100351e-02
6.000637568049831637e-03,3.011444704343266970e-02,-1.445158629450582141e-02
3.191489506990323466e-02,-5.005456429273195257e-02,3.567056539703666179e-02
-6.517321499224404402e-02,2.775986372625509346e-02,-4.869166600513050169e-02
-4.771391558751733944e-03,-2.396770649793342894e-02,-1.950447054139365852e-02
-1.911210999435396241e-02,-5.777560213987059136e-03,1.029365269386935296e-02
-9.136665498604264191e-03,-3.637240963387669557e-02,-2.714577041472117022e-02
-4.557549299901438034e-02,5.268474134950817955e-02,-2.105911731250487140e-02
-3.083703255401831766e-02,2.188226206765632800e-02,3.259814032520447907e-02
5.332712015244388953e-03,-1.139105372364699643e-02,-6.397279608060625622e-02
-2.231450969582184085e-02,-3.273404391763846261e-02,-8.004041401488384833e-02
-1.108265435667602980e-02,2.313272935439523309e-02,-2.544608488921368261e-02
2.453281156008775554e-02,4.650931338049524993e-02,-1.168714302425533438e-02
-6.112267396546818693e-02,-1.418309544954720128e-02,-1.514324186749893726e-02
-3.742359716228973489e-03,-1.844047627140243603e-02,1.238530970714892508e-02
-1.488479911089327437e-02,1.281721100024822875e-02,-1.823582673732091625e-02
-1.411630822628094813e-02,-4.134111655611504704e-02,5.621194757274244197e-02
-1.750570507191789513e-02,3.629633915887245377e-02,7.344879267815701378e-03
-1.297001214481113135e-02,1.459117454296529615e-02,1.839220178937920822e-02
-1.496721710428021608e-02,4.064242484399094302e-02,-6.118296820616267277e-03
5.789125194238118471e-02,-2.083468100708939230e-02,-3.176353858999862723e-02
3.734174616956940918e-02,4.130953965861339922e-02,1.609364090085755108e-02
4.503580306671780935e-03,-2.135040405060000673e-02,-1.952953501084792693e-03
-1.521346750191493805e-02,-5.791395930475585867e-03,2.096241951940344250e-03
-2.501084763996606203e-02,4.264667854532611102e-02,-7.969882436145032945e-02
-1.552227507756737818e-02,2.570912216605424419e-02,-6.392058213254257770e-02
1.020718584445923366e-01,3.045394729002810774e-02,4.194458660839617964e-02
8.922620416140567348e-03,7.414091477535577311e-03,-3.581609887455473873e-02
-3.605748207775064801e-02,-3.349372794030514022e-02,5.788316026323632457e-02
2.522042228030628094e-02,-9.860725252032654167e-03,-1.613488110770515318e-03
-6.013099874167747438e-02,1.001790157418097800e-02,1.886737004151207249e-03
7.371867645091963184e-03,-2.413150473895419798e-02,-8.468979951854646582e-02
-2.326124753173313894e-02,-3.326615212557745144e-02,3.570283306700133136e-02
-4.127384416931467043e-02,6.674847168444252021e-02,-1.938879992181754197e-03
-5.140925441180995564e-02,5.135569997378552562e-03,3.479368153022405208e-02
-1.876098948469224689e-02,-1.395895415418363025e-02,-4.146940443715729785e-02
2.005704307308129805e-02,2.957484772202713733e-02,1.273584230214858462e-02
-1.203715075395412303e-02,-9.655529465656374072e-03,-5.445576733056720076e-02
8.787734531766867863e-02,-3.146190546210431843e-02,2.310597055317134899e-02
7.819141592696692011e-03,-6.411209562847755561e-02,7.364110606412438420e-02
2.564925176214396044e-02,2.369695665142660182e-02,-7.915440752801561342e-02
3.087035092766515429e-02,3.002247700244712811e-02,5.119295339918291526e-02
-1.309010554545951728e-02,-8.292167387584802388e-03,-1.851308175983429338e-02
3.341463510591782642e-03,-4.407989824075562307e-02,-8.111168136075209978e-02
-4.644302580794520442e-03,-2.292531545113199107e-02,2.488973526071513662e-02
-6.935884317105600605e-02,2.404643160313326561e-03,-5.763779225395253281e-02
9.962089345192132184e-03,-1.573253417271571267e-02,-2.078319375856362700e-02
9.110080210054653793e-02,1.107720293044570266e-02,1.274538452035886213e-02
-1.637702508556329595e-02,5.238911987480833476e-02,6.584753156519825359e-03
-1.001444534920667429e-01,-3.240462193078882946e-02,-3.004645959547870906e-02
1.742373661929004502e-02,-9.146890436593646404e-04,-1.360874448449544798e-02
-5.853137073075763419e-02,-3.715932873668099240e-02,-5.588910986970844347e-02
5.240562862925200044e-02,-7.966137575750414229e-03,-3.365449075926989220e-02
2.840505007596311193e-02,-3.177046792700796707e-02,1.081690445352592560e-02
-1.029183366745381051e-01,1.548372394639608608e-02,2.295277312773045392e-02
2.258671998395579347e-02,4.037734109896198853e-02,4.517575329055929789e-02
-2.113369014289485578e-02,-1.640282848501848495e-02,-1.299454980004085061e-02
3.127041251786688569e-02,-2.044341299462216002e-02,3.000902404554848732e-02
-2.728513359855314069e-02,2.923789152906696928e-02,2.795163020883166191e-02
-3.940780375061122415e-02,1.227132541240799927e-03,1.043988107724882625e-01
4.866618699621735183e-02,-2.386509106439913680e-02,-3.582596579193704500e-02
6.301040826278499207e-02,2.287380114668854242e-02,-1.583903284804269104e-02
4.291137691260680370e-02,-2.731372014054138722e-02,1.549209103543823171e-02
-4.275091703501200657e-02,-4.039486386514557631e-02,1.086000918330404762e-02
-3.859925436464888698e-02,4.140620209859810497e-02,3.358582985259102316e-02
-4.762285546048542623e-02,4.428653010487506453e-02,2.944958390334090348e-02
-3.592741639573601709e-02,4.753482313868188230e-02,-3.549882221814748551e-02
-1.766385947811404192e-02,1.430367495871798580e-02,2.740038778340189718e-02
1.260283906025592635e-02,1.075926066972562357e-02,7.089985796012331608e-03
-1.064187998200933835e-02,-2.756615596134619900e-02,-4.473204003071356433e-02
2.069243853450557225e-02,-4.364819671116061672e-02,3.098996341194546270e-02
-2.780578224203976781e-02,5.213261233160158131e-02,7.238719348627768724e-02
1.704492840197139800e-02,-4.482177609624107655e-03,9.465622056420474120e-03
-4.131152712796776379e-03,-6.014334668297998537e-02,1.623077566777655911e-02
-4.483588061272900799e-02,1.950504409871766515e-02,6.257064312970826887e-03
-2.574307625140108760e-02,2.066763207472179301e-02,4.003342391105162851e-02
5.129853757870261183e-02,-1.251622108563732114e-02,-2.609943612625704665e-02
-8.855975122638403210e-03,4.077083308114966276e-02,1.255396810717123932e-02
-6.137640242884560837e-02,-5.068572002093189692e-03,-5.500889708808288925e-02
4.775777538580153192e-02,-5.645878864802478941e-02,-2.420596863314434730e-02
6.814790746044434300e-02,-2.350715880800175947e-02,7.728930496538446819e-03
-7.802610916229785372e-03,-8.662377795407159159e-03,5.361470185509292080e-03
4.424837142643579281e-03,1.879979651405496582e-02,7.996809178938893425e-02
-4.086247677207196019e-03,-3.645635651678767741e-02,3.532865810795507433e-02
3.417157181857927249e-03,-1.095359521329829569e-02,1.598808255014551533e-03
9.483718619723320586e-02,1.300657669239457248e-01,3.170899026067143696e-03
2.157099249873854069e-02,9.834009551464977308e-03,-9.362434763059855614e-02
2.922026731865241464e-02,5.085991831517219092e-02,3.795834435590046685e-02
-1.231431732105647409e-01,4.084930623192464805e-02,5.953545188309451036e-02
1.142039095146414607e-01,-1.860042830525250948e-02,-2.497390371637303597e-02
-2.234724122479963236e-03,2.192721643864718739e-02,-4.193140761399050814e-02
2.509962879086778328e-02,-3.825092563588090855e-02,-1.315795527057128829e-02
-4.769238579786650584e-02,3.925784652893147403e-02,-2.429700646631930902e-02
3.121149211412278107e-02,-8.053402046609348108e-02,4.731329233811340518e-02
7.607259757292136881e-03,9.260059299729455837e-03,5.265054333054323618e-03
-5.119704002352997232e-03,8.000549373735089953e-02,2.670081178759274934e-02
-8.486454681821982426e-02,2.231353163176267446e-02,1.548202782058757422e-02
-4.544951077960664859e-02,1.832462965087540072e-02,-1.324871363760506821e-02
9.230725534970632418e-03,-1.090251894615611519e-02,-1.010626453777393324e-02
1.034977497164314975e-01,7.625033211772180852e-02,-6.209461282820842587e-02
1.541609777156381471e-02,-3.999907324671175129e-02,-5.699923003025040430e-02
-5.372696174103744164e-03,7.724375444822396963e-02,3.279724857416123351e-02
-1.344209183266538606e-02,3.373466832092412299e-02,1.113645607273619324e-03
-2.792680143067657189e-02,7.401750563215506173e-02,5.329255815783890543e-02
-5.270228861316264557e-02,7.105247775884609984e-02,7.667549780316559871e-02
-4.608125911795758062e-02,2.851741931043103029e-02,-2.525692916773768573e-02
-5.911743029914307695e-02,1.805981548694371164e-01,-7.018778202566998414e-02
-3.384095682709326730e-02,-3.774196020886652625e-02,6.620692754099580246e-02
7.285321466148743375e-02,3.114878580486293153e-02,-4.758214370779394187e-02
-3.547600803100216249e-02,2.825266586213564732e-02,1.654365272210875717e-02
-5.433706218979995201e-02,1.534995359802799990e-02,7.504321292625505679e-02
5.159936388706676952e-02,-2.592196924608333383e-02,-2.615041832432118615e-02
6.463189074348528462e-02,-1.159994713468021944e-02,3.849445742588827879e-02
4.324689758526861771e-02,-4.720430616346807384e-02,-5.701150881022967049e-02
2.395420517888696699e-02,4.082448001751816380e-03,-1.927413552483926359e-02
-3.356863243696934368e-02,1.124110416320640016e-01,-1.422409132335129660e-02
3.370794325900632743e-02,4.428194630079704958e-02,-5.167344791330506781e-02
2.075807518134962712e-02,-5.609363081406900514e-02,-4.554629909559047146e-02
1.075311309285092651e-02,-1.691558789866034465e-03,3.650453342603211760e-04
9.506546967948887109e-03,-4.769673824363621951e-03,5.090548768317177536e-02
-4.688270701574338145e-02,-3.280660713168255527e-02,1.336412528071504423e-02
-4.504837177427625100e-02,4.935432118747543062e-02,-5.693042761185792416e-02
-2.510788968078764977e-02,2.377952474726641868e-02,-2.306265644868700157e-02
3.896673936546347222e-02,-6.975179548328330759e-02,-4.366416511091573277e-02
-1.064589368011889005e-02,2.553854789302214753e-02,-4.173740928542528372e-02
-2.052174459442258556e-02,-2.839751817083283406e-02,-8.127197783465114900e-02
7.506441101364484669e-02,-1.371917831362009371e-02,1.278423629113068991e-02
-3.798804730139350438e-02,1.107792251418681252e-03,-2.426348800069547465e-02
7.290026765107715523e-02,8.606378450827679993e-02,-8.366345897191722683e-03
9.318246275846811186e-03,-8.606148561638095329e-02,-1.605982035460105234e-02
-1.542007057438029433e-02,1.619170206653429769e-02,-4.498757621282300362e-02
-9.433634919412009837e-03,-1.158724621205278471e-01,-4.121610548327766382e-02
3.521758849837369754e-02,1.753761827245651356e-02,-5.138951764757707791e-02
3.862644320456154468e-02,-3.176209764217600377e-03,3.112784178762130829e-02
4.872501384658999013e-02,-3.190412506320121355e-02,-1.608710938927231451e-02
2.140743565957353364e-02,2.803620992864146177e-02,3.027338730701800013e-02
1.255513533182350816e-02,-2.661881934732115290e-02,-2.971136625450412211e-02
-2.507828195656869666e-02,-4.775218103046796614e-02,-8.085228384948003888e-02
1.209271020803915145e-02,-1.306930665526744549e-02,1.639155410092741835e-02
3.946774282181868265e-02,-3.406704757082986562e-02,-1.198868695905733542e-02
2.079923576875960037e-02,-3.596477510049995996e-02,-2.714793649545003268e-02
-2.326504504393473588e-02,1.930083138022585867e-02,-1.203845708389478242e-02
1.199300868022896548e-03,4.810285388219112668e-02,-3.870689149387290806e-02
-2.953533633489349719e-02,1.848632940678445954e-02,-1.862677315422891361e-02
-4.927246347397539611e-02,2.805627007167878217e-02,4.079655440695467705e-02
1.509616592667242276e-02,-2.042998867484413159e-02,-3.593255864848064751e-02
5.624079616097493045e-03,1.841331720111940781e-02,7.174931245006148242e-04
-6.710718295992028348e-02,2.929083671855662457e-02,1.457638401063049991e-03
-6.448468445473669319e-02,-9.907501530712577165e-03,2.351058209571883426e-02
-3.784263178675524586e-02,5.808059122613947606e-03,1.393955944254444100e-02
2.647414867051992374e-02,-1.394426926030846448e-02,-5.914023482291062839e-02
5.517818007184453755e-02,2.686710008074411071e-02,4.137563713491718143e-02
4.285440448759382515e-02,6.255889737835433097e-03,-4.620945451421556993e-02
9.597088492532102055e-03,3.596711188484035676e-02,-1.450665925105952374e-02
-1.959274474696336490e-02,-2.247283275800119468e-02,-2.163111914488656876e-02
1.017533426989088337e-02,7.754086702193775660e-02,8.146984582828778465e-02
6.493722138037209823e-02,-3.621249071439230915e-02,-1.048845857335198826e-02
-4.209179921700701398e-03,-1.039487453149015757e-02,3.789452654462308751e-02
1.078503498617796597e-01,-8.713490893337257071e-02,-1.805784219953747091e-02
-2.570926985353240088e-02,5.277879526314286501e-02,2.765716152210874121e-02
6.442119739605241258e-02,5.381937892002570251e-02,3.134725432299233921e-02
6.174693509091325194e-02,-2.115558492305449206e-02,1.018151068639048563e-02
-2.771828168898545983e-02,3.563401504227101113e-02,5.481066528710305807e-02
3.369925102529409966e-02,3.558261599696878330e-02,1.029498669049186931e-03
-6.367713766799006081e-02,2.643729491898102330e-02,-6.464498780906512143e-02
-5.764045972956306774e-02,-7.364772897060999600e-03,-4.068790763549100242e-02
-6.564381785494544617e-03,3.953557400432139435e-02,-4.761476352980404531e-02
9.467401754588192567e-03,-6.177406490738682893e-02,-2.417849030739762511e-02
2.808511187146569762e-02,2.297079233950246810e-02,-1.933654081018676288e-03
-3.684939691190306649e-02,-1.916269706219086988e-02,-5.931648756856373189e-02
6.337991091683281564e-02,-6.388061199741708329e-02,5.256409023038877831e-02
8.500761095015807456e-02,-3.568002462915294964e-02,-1.154327510195636737e-02
-1.597493913311628932e-02,3.976381783087250266e-02,-6.033740061917766684e-02
-5.481105804418186234e-02,-1.253013711120649909e-02,4.981391822910770373e-02
-2.323264438819239164e-02,-1.965774809883174754e-02,4.751607406694283164e-02
-1.608105099846152131e-02,-4.057536416425080311e-02,4.917864122423155210e-02
-2.877357464261100575e-02,-6.639780673156240459e-03,-1.124744588830919323e-01
6.922316782994511475e-02,-2.026328620404474826e-02,-5.565162611522615072e-02
9.684736704192623696e-03,-2.752829738031648682e-02,5.641268825024107342e-02
-4.371431307965640417e-02,1.630060458194264664e-02,-2.315679516503466734e-02
1.291165718162260410e-02,6.683959788425011816e-02,-1.262058934877892911e-02
8.497032500440692207e-03,5.849216089006525898e-02,1.514384631791222853e-02
1.390733885240679618e-02,4.727467868756610007e-03,-2.665719821411555168e-02
4.886897417816801759e-02,-8.163012621655200279e-03,-5.391340999491366082e-02
3.706630483019862643e-03,1.837812273091889506e-02,-5.493898398868323450e-03
-5.099042717248319229e-02,-5.022922520741170647e-03,-2.258620204683309957e-02
2.473937648824201321e-02,-3.944202709407018670e-02,-1.194552765708396108e-02
2.259731229780411257e-02,7.125359994200559932e-02,4.981146835827203988e-03
-8.239542848623184618e-03,-2.626299870728764779e-02,-1.662872211546913628e-02
-5.029032427699632601e-02,1.922586190097853864e-02,1.416224991571850798e-02
-2.298492004811375153e-02,1.016529872348391483e-01,4.758374897845764340e-02
-9.215273481540484091e-03,2.661123140858230596e-02,3.201043195361611554e-02
9.931590899270420839e-03,-6.657575786107097597e-03,-7.589184290919038546e-03
4.236989953680156407e-02,3.736113674507732935e-02,3.025452036080421986e-02
-1.299980337155474432e-02,-7.247050051396464014e-03,2.912821486222626731e-03
2.969684032221531905e-02,4.478282210656636675e-02,-4.329610326845121510e-02
4.304336083837949356e-02,-3.095945909483759778e-02,-8.301551892622351103e-02
3.892636810781179013e-02,4.372092277904297136e-02,7.052855212632387627e-02
3.368638770618800904e-02,-1.732659500619416343e-02,-2.153420756478211309e-02
-3.998601087309291285e-02,4.633096885981713431e-02,4.454767250492095050e-03
-1.266003429929301628e-02,-3.473668862966534238e-02,9.143513893220010791e-02
7.054218295488509649e-02,-6.145759727131928224e-02,3.115781701526901953e-02
-4.598454931051860345e-02,5.185420861588150264e-03,1.952441889818787302e-02
1.740474694114576421e-02,2.018284973835484525e-02,5.968692786695208377e-03
-1.411065833087492803e-02,-4.338026640157763986e-02,8.155710098877432326e-03
1.687815204420172474e-03,2.756091344738895860e-03,5.780216816914701683e-02
1.495323476688174835e-02,3.947464020855136896e-02,1.585115724869264053e-02
-1.917019103712598593e-02,1.421733697250534938e-02,7.490706930413511266e-02
4.708152090158212316e-02,4.791121975928774174e-02,-5.544715286367354716e-04
5.665669637218700982e-02,-3.142293403326273937e-02,-5.642027161377789063e-02
4.580366741013083831e-02,-4.055747503580887231e-02,-6.127053652149833801e-02
3.259868913559221815e-02,5.591304116084063608e-02,1.218394965781711449e-02
2.775240227829868251e-03,8.712593942020077642e-03,-1.233190855132244640e-03
-5.934885119237817003e-02,-5.798866308480814247e-02,1.604845122656547995e-02
4.042297557784216289e-02,1.104712278308963647e-03,2.522474085677942415e-02
-3.623924982191784050e-02,1.080276641711999316e-02,6.337453322293362667e-02
4.602522540112618382e-02,3.527154511697232903e-02,-4.851957454576626139e-02
6.243126676564558081e-02,4.542789170365604638e-03,-1.043506647754594008e-02
-3.109971610762677502e-02,1.367259114988519930e-02,-2.299274361621545665e-02
-2.772077604362160885e-02,-7.365401467833082756e-03,-3.724435214449520887e-02
1.653914195389337991e-03,-6.514571642530289641e-02,-7.005864674400942745e-03
7.317948944404478739e-02,3.803769428798058766e-02,1.474145089989034423e-02
1.740261670397438148e-02,-1.834905511226134905e-02,6.522690246383837376e-02
-4.104582224591576955e-02,-2.421683074175308772e-02,-2.793229587043673592e-02
2.965380871440142022e-02,3.882556658079937967e-02,-4.808267325327676700e-02
8.282351717580216030e-03,-1.558020179613021569e-02,-4.904345464299791901e-02
1.176787574396144682e-02,-1.801720881072316552e-02,1.401353029201398911e-02
4.549923294289950210e-02,-1.727747657100776879e-02,1.961813115498647550e-02
2.253262975865096343e-02,-6.743472212548785871e-02,-3.977445387994478498e-02
-2.671047448270843366e-02,-3.443215797987570631e-02,-1.332687777563381845e-02
1.173535104443361801e-02,6.297717761340371201e-02,-5.037418013791288701e-02
5.054246166069724377e-02,1.821109026914157760e-03,8.953682055054456787e-03
-1.488814739500908188e-03,4.623763202228662467e-02,-5.274513449358127735e-03
-2.498003398664642993e-02,-6.755291916199941682e-02,-1.380951355875736572e-02
3.599546641440443812e-02,-2.775741539684630291e-02,-7.104380370452262339e-02
-4.176578562508055648e-02,-2.203120633080020083e-02,-4.050219515799671072e-02
-5.667611867974282208e-03,2.774946001733250619e-03,-5.916813508271602517e-02
1.873640383542994874e-03,3.840016985960219981e-02,4.057151000806627494e-02
-7.789583214887142726e-02,6.541947639138396935e-03,4.367392133932440114e-03
1.196558022148851291e-01,3.425588972311628677e-02,-6.053123240077497302e-02
-2.889831718097756602e-02,-4.866905569425687000e-02,6.817497471190773518e-03
4.104347700528115234e-02,-2.937939381262977268e-02,-1.869346757915842788e-02
4.558101071156539508e-02,-1.711707893649541006e-04,-4.448594398294562768e-02
1.411785929431548861e-02,-2.349399363453111983e-02,4.619841570581133261e-02
3.480949458998656293e-02,-6.517813102623234989e-02,-3.018055470249554617e-02
-9.866910382650768280e-03,2.005101738073977735e-02,-2.623335531014477431e-02
2.304814114860848431e-02,2.800912054081055452e-02,5.250757329188628780e-02
2.449653746335728188e-02,-1.907523058622362724e-02,2.099993793976899156e-02
-1.201952272505439623e-02,-6.121921140650372906e-02,-6.190553163279093746e-02
1.348926073820190009e-02,-2.897001767670854058e-02,2.097692151785032766e-02
1.931307192954841850e-02,1.311852076147405552e-02,4.891436255081388351e-02
-2.565570893291599028e-02,6.534524033412617006e-02,-3.144819824519920481e-02
8.459301268926669448e-02,-1.757966285856626606e-02,1.770316193938546723e-03
6.341499296550119624e-02,2.551312699052383365e-02,1.495734502307722626e-02
-1.766900575179910062e-03,3.067888517018400527e-02,1.480975388349545577e-02
-2.249700202117561540e-02,2.865370320217295458e-02,1.599222858121250026e-03
1.039358151123081359e-02,-3.409815332184469583e-02,-1.328970075460114697e-02
6.067705210904150021e-02,4.927383100463816890e-02,-2.798314292433444483e-02
-4.034518191520992253e-02,-1.532611306122585657e-02,3.633152150807567732e-02
1.276480308373195878e-02,-2.210940940330689830e-03,3.756547459166407338e-02
6.559372393753687414e-02,-5.255933068407536018e-02,-1.994531178267409596e-02
-9.090163347624125728e-03,1.527014441604164323e-02,6.639502033599460618e-02
2.366499142795305127e-02,1.663583519494364962e-02,1.211594220183146928e-02
3.093884217291032260e-02,-8.255971964952779629e-02,-1.541058746182386897e-02
3.581082622775193930e-02,-3.770386825385130172e-03,4.282535052336770148e-02
1.215351669195473792e-02,3.524493133345921181e-02,7.234732135230190209e-02
5.634481361145915468e-02,-1.790240764452157365e-02,2.486610161842373479e-03
-3.733027710508115410e-02,8.566112852572743686e-02,-4.854293007920478659e-02
-1.731490688768870870e-02,-2.810149435218189246e-02,-2.370763645659817315e-02
-1.272720217235904713e-02,4.028990859378418776e-02,7.440160644803055483e-04
2.942479922605502687e-02,1.596484132375956561e-03,5.598743977847231781e-03
5.052449324683744997e-02,-5.587158075174354643e-03,1.222115172930658689e-02
5.451198332612118558e-02,1.947625245352433906e-02,4.464521832555493237e-03
1.510077094124216701e-02,-3.686853665071251895e-02,3.276138697224056928e-02
-1.022358339693975673e-02,-2.910803897145010713e-02,2.843208164519940486e-03
8.038664616375101879e-02,-4.935494116121800882e-03,-1.956798292899526726e-03
4.774330188398911989e-02,-1.039379701969501552e-01,4.447603972756352525e-03
8.981338266979027596e-03,5.830280768695458166e-02,-8.992926203250260417e-03
-1.720897822138987149e-02,7.099088261519212462e-02,2.971553283992168365e-03
-2.399700491786755860e-02,6.947220202218633289e-02,8.674391181588227140e-02
-4.827635142603363405e-02,-1.377991688421197417e-02,6.753360000734057178e-02
5.286806528871878380e-03,5.757010156113953614e-02,2.752828172153836024e-03
4.671375648410715231e-02,1.345510132544856102e-02,-2.870357333470574882e-02
-9.476239248041373048e-03,6.830054407556277254e-03,-2.837098648312298677e-05
2.983299589980095701e-02,-5.777356813326459117e-02,4.896091643598007859e-02
-2.985978565078455452e-02,-6.325856334218278414e-03,2.696982951543412665e-02
5.884249719387772692e-02,3.185180936274339264e-02,5.649490261619373455e-02
5.356701323224383193e-02,4.309928660487895996e-02,-9.611308466594882527e-02
-2.238559560765126036e-02,-8.288228564985718194e-02,-1.879367872616456020e-02
-1.995536108669111047e-02,2.580694835145024447e-03,-6.942885169532814205e-02
9.023123199848426951e-03,5.175671388573965109e-02,3.050177735888139757e-02
2.192954794404135266e-02,1.475615672295379696e-02,1.051038001836399408e-02
-2.313406480759979192e-03,3.578605405271374513e-03,-2.473984350069587806e-02
-6.580285877726028097e-03,-4.808932240292904808e-02,-8.217033156397439420e-02
3.194494302781732825e-02,3.080480857702069114e-04,4.684194341711984955e-02
-1.260243998366375982e-02,-1.254461083183460064e-02,-1.602524037974845800e-02
-3.206632434512176472e-02,5.020372065728264527e-02,-1.476631126606993243e-02
8.280160232728889930e-03,-4.641415180473434932e-02,-7.459104993610453718e-03
-2.695661129497475481e-02,3.666779777907533400e-02,-4.518409876850697920e-02
-6.279533498464048846e-02,-8.252162027012749368e-02,-1.146679539966863337e-02
4.103216114178353385e-02,9.138568903727972356e-03,-8.969733725309078989e-03
6.656782630769283136e-03,3.770483161254346155e-02,4.780495416737898240e-02
1.833956361723973472e-02,2.807347513489050900e-02,4.921348951177315773e-02
3.088628253252952843e-02,-1.047822167104749212e-03,-8.127290700556555336e-02
-7.017349580126208686e-02,1.044331546059893735e-02,2.156707115025937108e-02
-9.706834437575544497e-03,1.967467624515678234e-02,-2.638082410079941806e-02
-8.630056374591967006e-02,-9.822910595995146266e-03,7.908676825018097489e-02
1.078370083010430150e-02,2.229346907414402404e-02,1.228961901207139759e-02
-1.798032119071282797e-02,-9.296710361828296187e-03,1.678815428951190361e-02
-1.664735458534323184e-02,4.389392357217498930e-02,4.405987831120444093e-02
2.780556911300422970e-02,2.646874998950637242e-02,1.219243469390966263e-02
-3.062265614928511015e-02,3.288728749315953520e-02,4.077544372858015603e-02
6.096891826273508758e-02,4.395572797528100872e-02,-3.652589646442007398e-02
8.923985478710939889e-02,-3.264853429087788417e-02,5.419429127096330595e-02
-3.279422529361893796e-02,6.158150627992279441e-02,-3.739021585136626663e-02
9.902725852441037271e-03,1.717200746874397721e-02,6.307162995396924099e-02
-9.075453954045324678e-02,-1.693398691106079434e-02,-9.238033058453234969e-02
3.446177535914202172e-02,1.404973616203298442e-02,-2.193381580847043877e-02
-1.976500620108202419e-02,4.318868894116800056e-02,5.955881707975688166e-02
-4.198272219644516579e-02,4.732061290358411006e-03,-4.404954668548714120e-02
-2.173715695883495294e-02,-4.446656558802222770e-02,8.076668002943898639e-02
4.774408112641483071e-02,1.516834944202066771e-02,-4.942826994987215006e-02
-3.010355063678126983e-02,1.893617405562141379e-02,3.888070742833889260e-02
2.219070356331108787e-02,-2.951285423599254998e-02,-1.458354760376609320e-02
3.169247491317093296e-02,-6.892222508356805367e-03,2.410828334936555156e-02
-2.962544065842096647e-02,9.120627402568079467e-02,7.297980989945311581e-02
-1.003832421709901362e-02,2.279228197820668683e-02,-6.127013992830501569e-03
-1.090523360358436056e-01,1.623773855952934803e-02,2.546899082468634737e-02
-1.712052213299121439e-02,1.001374963791055311e-02,-3.426797274795164577e-02
2.488007426096196587e-02,-1.494731931382357361e-02,-3.950574374108653530e-02
8.553430417812835085e-02,1.114957229540185779e-01,-1.993426884472935048e-02
4.337836907922769381e-02,3.439307057432289261e-02,4.210965807541357936e-02
-4.415044842423448621e-03,1.282918263900349742e-02,2.179003390739361543e-02
-2.521504257482384478e-02,-1.732736169726472805e-02,-5.555426762726124734e-02
2.985446088113288474e-02,2.097569991676863366e-02,-9.488140426724555807e-03
2.390963107785791433e-03,-6.856908011174499273e-02,6.551817489126718352e-02
9.149938050461003253e-03,-4.154796685150663298e-03,3.190948021795936285e-02
-1.626458809914860595e-02,5.149031206477901884e-02,-3.519367127458025019e-02
-1.392109410243380814e-02,-3.751515339092314355e-02,-9.797882233534012386e-03
-2.521425911859554586e-02,-7.204263190687396068e-02,-2.527015830442403896e-02
-4.991715458259785021e-02,6.817149681556342392e-03,-2.171395144858051171e-02
-5.572671608537130283e-02,-6.908062830476845162e-02,5.147276169823822647e-03
9.867387583699205322e-03,-3.630957978423175747e-02,4.708795996681169188e-02
-2.662273461008613645e-02,3.726986041678773121e-02,-7.597300656392308449e-02
6.262524574494087934e-03,-1.158113997104569595e-02,2.075712464456656858e-02
8.844041036387234557e-04,1.595581651531655445e-02,-2.607443432003934275e-02
-5.287422205941751802e-02,7.625482440698801156e-02,4.471931715405393776e-02
-2.444329234676661383e-02,2.612960913600655740e-03,-3.939127696918255650e-02
7.627797953136326858e-02,-4.459519710519548041e-02,4.971236683404930967e-02
9.756177717394499266e-03,-1.697793440955661093e-02,4.725066574794991973e-03
-1.906123928232884499e-02,5.626171903274487796e-02,-8.601018809773871426e-03
-1.641909315936602304e-02,-3.809458035561153616e-02,1.814233189408218788e-02
-2.022165563920348685e-02,-2.105076351505839535e-02,-6.421589550635774246e-02
-5.258322456040290943e-02,-3.792045116994526227e-04,-6.035024418590573952e-02
-4.659297043782837516e-02,3.435536109691233412e-03,8.976157204685702648e-03
5.049607226504440605e-02,-1.255076384258629711e-02,-2.961403550167308191e-02
-2.128093223385196103e-02,-5.464949147268071544e-02,-5.245560525876197949e-02
3.112921337854846968e-02,-2.240094102070242996e-02,8.397821841305672108e-02
2.293842084089182595e-02,1.120079507882344727e-02,-1.269616964206149445e-02
2.321828531036498194e-02,2.288479297046404348e-02,-5.513315516792501557e-03
-2.099642754984483786e-02,-5.654407175677291474e-03,1.218054717107020825e-02
-4.161655476656165448e-02,-4.010575473761026884e-04,1.706859456412825743e-02
6.040155600934125901e-02,-5.931158156292513396e-03,5.457553564285466674e-02
1.006769365992182252e-01,6.498235349900297053e-02,-3.151922182533175437e-02
-5.737385012892720626e-02,-2.551007218337372762e-02,-4.658439471315933139e-02
2.906606125040655381e-02,5.209994853613390126e-02,1.055636195698352875e-01
-7.810830082481037828e-02,4.614956653367967981e-02,3.788318167062228788e-03
-2.526166046331502352e-02,2.761986664369502683e-03,-3.786352978682051840e-02
-4.489052638317785060e-02,-3.893851375245983848e-02,-2.318661094533538969e-02
1.126821038455160101e-01,-1.146999517737724329e-03,9.982824446306218236e-02
1.873750995612937301e-02,-7.733099764325498948e-02,-7.978866498818458150e-03
2.947058047182884652e-02,-3.163916970716720845e-02,1.529495698498860821e-02
-1.082070019747599469e-02,-2.336718147927248791e-03,-1.492050932682279906e-03
2.922942626436308977e-02,-2.870692748707537670e-02,-2.799383484572091213e-02
-2.454175866034219791e-02,3.457253469499525084e-02,-6.207944145971830939e-03
2.116079634541874824e-02,3.006619918167096044e-03,-3.961629196873502762e-02
2.622682468097106354e-02,6.797067863919559194e-02,-2.292055364973253490e-02
-3.005474571498264330e-02,-3.323469391383752219e-02,-1.378194413551470272e-02
-1.584385665419609651e-02,9.765832609765998443e-03,-5.503070467439679508e-02
-5.447582233551066105e-02,-2.012045791056551493e-03,-4.020775768404723401e-03
5.748146528403552669e-02,-6.729544836232802252e-02,-9.087817960854807642e-02
2.861928889136902340e-02,5.341507383973620460e-02,1.545759640523786463e-02
-7.967976065125420559e-02,1.492280892799825558e-02,2.959752553973979058e-02
-2.953707810228650352e-02,4.665967829413760620e-02,-1.127561407666217812e-02
1.339508492671205933e-02,7.932835771755726573e-02,-1.805190969972144885e-02
6.682038417784040606e-04,-6.708558828852223543e-02,6.638049387313080252e-02
-1.541825700061641088e-02,-6.062943051650627330e-02,-3.836639445298610507e-02
8.558602163371686888e-02,-3.424148231756080768e-02,4.814567173664696838e-03
9.336809261142436922e-02,3.103016182841926429e-02,-4.121635063103155916e-02
-6.026140653523184842e-02,-2.507029339936389656e-02,3.045290422580503378e-02
-9.900584739763690356e-02,2.451755757853153403e-02,5.879856228425575648e-02
2.743325444550208034e-02,-2.971175397276540342e-02,2.127960520116589302e-02
1.768315173507986615e-02,2.287290445317120488e-02,-6.278179451303124436e-02
7.075153660265900979e-02,-1.072689252605677108e-02,-7.617557980595369982e-02
4.187452148417539904e-02,-1.889836776543094704e-02,-9.219089412460762349e-04
-7.420729016900955155e-02,3.602632195078456917e-02,-1.363496601442786428e-04
1.066161415687237254e-02,-1.940822700626558886e-02,2.081113368253101337e-02
6.479151091639788473e-02,-4.004373356354783142e-02,2.620363699229890861e-02
-3.503941820940963321e-04,-4.715995367167302721e-02,-6.879257528942644973e-02
1.036075713072015167e-02,-1.918957820768604078e-02,-4.179550960727256709e-02
3.492152207470759079e-02,1.262710458130783357e-02,-4.474484155307015959e-02
5.402703512609458025e-02,-2.531176354745605026e-02,-4.883782318556454533e-02
-4.326391849334054220e-03,6.526687749736646837e-02,-7.770688699368503982e-02
-1.528053890293585258e-02,1.702222530459630498e-02,9.042631066704423862e-03
-1.597036662406530610e-02,-6.908475106897932205e-03,7.794387714452780634e-03
-2.379329634418221595e-02,-7.184020933092087613e-02,6.376015950837259083e-02
1.262284471581107299e-02,-7.807241041146485878e-03,9.354503482987197235e-03
5.234141153879354191e-02,1.559771765125455428e-02,-5.003776591358184700e-02
1.986431659404637451e-02,-4.222301815511923968e-03,3.450128347236065818e-02
-6.004065218744636390e-02,-1.081783407154162345e-02,9.219205540124671833e-03
2.065811966446134962e-02,-3.021210932397047980e-02,2.504120786611126886e-02
3.497884786686415032e-02,-3.507166531794971703e-02,-2.081527445052158698e-02
-2.160030922691863302e-03,-2.054642375647863783e-02,1.898369879867611160e-02
-2.847825760292282266e-03,5.087613930647833654e-02,-4.728477218844950869e-02
-2.993897526894251718e-02,1.386167292977297065e-02,1.427575042939844240e-02
3.025196417422120268e-02,6.430170955403696764e-02,1.692526000689323698e-02
-3.098275769421232270e-02,4.254984869569020112e-02,-4.665087559909224940e-02
2.067753462037280957e-02,6.052675921326151204e-02,6.867476345793241399e-02
7.713311586880108872e-02,-4.365909242087118863e-03,-6.231905075971758828e-02
-9.182455712111453616e-02,4.120075725276323153e-02,5.465113126926888359e-02
1.017935994366821195e-01,-3.410689976776602739e-02,6.472747428992263637e-03
-8.210438768789910663e-03,6.024280552578870074e-02,-4.636697093481158966e-02
1.270955086060373282e-03,-1.928944750724784565e-02,-3.693184247242996959e-02
-7.776444643284152920e-03,-4.305377111121586747e-02,-3.341861989875983402e-02
-8.754377055578174693e-03,5.714597525045980037e-02,2.845801380051257365e-02
-3.420604112006808001e-02,-1.799831027374996367e-02,-6.303677319049914851e-02
-5.101215419876773197e-03,-2.040410341937763314e-02,7.163718794434992959e-04
-5.555268605905275964e-02,2.329898893598209356e-02,1.852057775304995560e-02
-6.302695006232689190e-02,3.548403462473263825e-02,-9.062822384185291111e-03
5.300105245667325465e-02,2.007448888900536729e-02,2.158118468818944272e-02
4.834759070811277953e-02,1.020649018667732673e-02,-8.680023710662967962e-03
-4.368748046297044746e-02,-2.882741624258193525e-02,-3.323365977641627722e-02
-7.083608162903191896e-02,3.853436274839783238e-02,4.983131358671906430e-03
-1.578823827210929648e-02,8.203615751448451246e-03,1.432428991725119213e-02
4.001787674044457455e-02,5.109083907905058453e-02,2.257464169744302640e-02
1.198071629265152344e-01,4.257070068188333056e-02,5.896709500199909249e-03
4.827399362075261713e-03,-4.017345444102875252e-02,1.019616613780444450e-02
1.506303196835848297e-02,3.142526739783785272e-02,-3.741877642551103694e-02
4.005125523917536789e-02,-1.971346177414484008e-02,8.047400541869639129e-03
-5.958564035076474585e-02,8.901269233543326886e-02,-5.387668317326669426e-02
-1.736766961836323092e-02,1.228845519439667085e-02,-1.170378818057393605e-01
2.971060629299440703e-02,-4.538755221087317077e-02,1.165465349875139354e-02
-4.237249528974833257e-02,-2.297635467338598678e-02,-8.619053227162290498e-03
-2.042227242709252627e-02,-2.171633994671087059e-02,-2.393675823292397767e-02
-2.437795768836843388e-02,3.833170997459101059e-02,5.583458137712352803e-02
4.012565660149048502e-02,-6.616701639256719614e-02,-6.087562617980171037e-02
2.163432857400690579e-02,6.427332865404021892e-03,3.331561841748505864e-02
-4.995993364573953280e-03,-9.504065509739563402e-04,4.530589554612052261e-02
1.813617855903398727e-03,5.328884828309561617e-02,3.798598124819972666e-02
-1.329754058174007630e-02,-6.498115673335111246e-03,-4.000037128326357216e-02
4.836864938475963355e-03,-7.176737824077117356e-02,-1.552080067889246608e-02
3.466836874875686703e-02,6.486854699220495624e-02,2.930594656443087295e-02
3.260886371127916933e-02,3.628386034469562038e-02,1.614332354536078540e-02
2.537536258258060728e-02,2.415933411082397606e-02,1.958810738946952304e-03
-1.837468702507784671e-02,7.491769270594931564e-03,-8.118157564371290824e-02
-3.905768730007625616e-02,-5.173176309249078592e-02,1.799907817896162845e-02
3.976931454439468910e-02,5.901424736291847190e-02,-8.592208530242297082e-02
-9.789890032269541950e-03,-1.604492780728712653e-02,-6.271974139601067290e-03
1.562550366732216520e-02,-3.560827934958511742e-02,-1.042073664510296399e-02
-3.047646899892923061e-02,-6.694721839657873097e-02,7.232605782350343127e-02
1.678833889318594869e-02,1.274294359675903418e-02,-6.957012091498247786e-02
-6.811578380042102032e-02,5.490526469863291070e-02,-6.369895869875774608e-02
-3.564354981276914719e-02,8.244724392285426515e-03,-3.124843568348966566e-02
3.508109977057076445e-02,3.810198953570353292e-02,-4.875748268726353557e-02
-9.977331674968380193e-02,4.890115415462077675e-02,-1.505862238215736892e-02
2.236649311986989297e-02,-1.785971801888631971e-02,-6.953502834927467735e-02
-2.554579806911189480e-02,-6.938379344101429369e-02,1.021618871335270087e-02
4.300342908891574382e-03,1.646370649286748450e-02,-1.707549658818667635e-03
1.560301222490900926e-02,-6.253405357184349533e-02,2.458251871931934132e-02
6.125121427069267835e-03,-2.447831050578027842e-02,2.015753486502486549e-02
-1.157228210805801537e-02,3.142327061895352353e-02,-7.690540029071255002e-03
1.094894350549472511e-02,-2.067929894739045996e-02,-2.067088981361847252e-02
5.478223548689645922e-02,6.466834807197407997e-02,-3.899057401949963808e-02
1.471960332487337424e-02,-2.410351916028253064e-02,-1.151932479747606701e-02
-6.091677628186700083e-02,-8.433560773959382362e-02,5.758419933672215794e-03
1.070093231512504219e-02,-3.415499104494088695e-02,-4.079544776618418932e-03
5.938732744022988397e-02,2.066270124953994286e-02,-3.521179031151336347e-02
-1.334223393869218323e-02,-8.334600137679915033e-02,3.124159278315342177e-03
1.091673993516876703e-02,7.689182663160397391e-03,3.025494528589870585e-02
1.340661242473183482e-02,2.883978767659055309e-02,3.425935457648693339e-02
6.496804048361643803e-03,-1.839347809700615094e-02,2.864720197754123607e-02
-8.467424226895257228e-03,5.371013290956582614e-02,-1.047554121163297575e-01
-7.818966559802388583e-03,2.807620856212957039e-02,1.549459507354375605e-02
3.918991863448700874e-02,5.112048521303780985e-02,-6.034485695518064172e-03
-1.186637528224403042e-02,4.954657930049912633e-04,6.960951864222274243e-02
-1.497655021591559957e-02,-9.155926134254317728e-02,-2.608501834879478967e-02
4.060599373202695983e-02,-2.502784026217469079e-02,2.072396891873691874e-02
-6.640158264762549556e-02,-2.706477275073964489e-02,-4.019993294867152400e-02
-4.785061452573011881e-02,-5.549374471460100794e-02,-1.364896469753003631e-03
-2.570680363180756142e-02,-1.550170694520556780e-01,-2.326040065664155762e-02
3.651150946076766463e-02,-3.004522233752991017e-02,9.918096246179995690e-02
8.771629608031641934e-02,-1.320399866943700734e-02,-6.189033844531387912e-02
5.513231672167574760e-02,4.006559393560759318e-03,5.074718189060721703e-03
-1.373311069046376752e-02,-5.768588752540444731e-02,-7.079827372190169998e-02
-4.694106862678080333e-02,-2.675115038267645434e-02,-4.196935815324422808e-02
1.133719110385274752e-02,-1.274940457682880238e-02,-1.851637902835059912e-02
3.440223070681015793e-02,1.165545414783899017e-02,-8.215394464104447403e-02
1.716534966543397517e-02,-5.868568183457885390e-02,-1.653050838298082519e-03
2.908968357959502635e-02,3.466812388118267751e-02,-5.122516275089973592e-02
3.826196531912458981e-02,3.682302173567790493e-02,-1.837394803618811042e-03
1.994513350076331307e-02,5.555284245557771949e-02,1.978334745755063601e-02
2.115260028718349996e-05,-2.328388878780294699e-02,-6.082861438653804076e-02
-1.802666433420319677e-03,3.733924269646865524e-02,-3.791341330024469713e-02
-4.235912577048717154e-02,2.855933049637440074e-02,-3.928404699519638665e-02
5.324495696989478555e-02,6.858238066017324774e-02,-7.837687283511396430e-02
-9.979656381804316134e-05,6.835025443138263712e-02,-8.709461842743319512e-03
-5.276783787290428851e-02,-3.038543899203616921e-02,3.135474521883471755e-02
7.513760196635414779e-02,9.818524370575792970e-02,3.124050344601498816e-02
7.946914985872809145e-02,-4.329446078238161078e-02,-1.385846084338752948e-02
6.806582484164920566e-02,8.514068026194230449e-03,-3.966002853937688338e-02
-2.778858678389571450e-03,2.469419112447106789e-03,-5.094344142567643063e-02
-2.158513048668905115e-02,-5.211782238558072822e-02,1.995133651343620335e-02
8.573017111134499657e-02,2.870080427882776286e-02,-3.787006905440131604e-02
-3.696786512814836251e-02,3.303383013228023551e-02,2.575212036951387770e-02
1.187995562208737747e-02,-2.046547598858001679e-02,-6.843276931946546543e-03
6.429316858257439968e-03,7.629337526832428995e-02,-4.791911762343855491e-02
-2.528154235657872548e-02,4.047256428949694285e-02,4.812844225101915729e-02
-6.014594374412535194e-02,-1.867805344368494644e-02,-4.911315756998829024e-02
3.764897701261944729e-02,7.407278938476909678e-03,5.857035509198622869e-02
3.531593528048058289e-02,-2.666118699346843937e-02,1.793389523047585893e-02
-1.447806890684523451e-02,7.833071958582016325e-03,1.253861144706664398e-02
4.632882408932331199e-03,2.354485019815532112e-02,-4.395587037279376219e-02
1.053302769816989309e-01,2.884714617828568715e-03,6.579901576344847347e-02
-5.929970918740304874e-03,-2.226899461850734979e-02,4.631030803947411290e-02
-9.431691491932062132e-02,-7.000084249076667098e-02,-8.081165957596656013e-03
6.517615910052099171e-02,3.944720340693063688e-03,8.093731039262776900e-03
-1.885707666334343960e-02,4.988087046126717800e-02,6.337178957672963409e-02
-1.353679079319142827e-03,-9.245414877626563499e-02,-5.761223718585634090e-02
4.257164643843218410e-02,1.865466854223259141e-02,8.430142332432404018e-02
3.502092796274423880e-02,-1.212827284247929883e-02,-3.720768020100401197e-02
2.675593950984652206e-02,4.857952608332541042e-03,-1.126242758670888827e-02
-3.818454965889219593e-02,-8.688388277575422730e-03,-5.642315130421125466e-03
3.683462354102913505e-02,1.634679193445301784e-02,-5.076493756765352444e-02
6.439229838789622962e-02,4.947523617796222711e-02,-4.153762593402439418e-02
2.712593351057240171e-02,-2.096912078905944533e-03,-3.435563921573523642e-03
-1.916824527823864435e-02,5.878645137599588025e-03,-2.334577019903587031e-03
-2.181841895059736386e-02,1.735511032224971995e-02,6.626596773887754449e-03
6.551962268872010831e-02,8.021956446331839768e-03,-5.123710922869176548e-04
6.259852450481172281e-02,-4.844896188707471796e-02,-1.935669702449374294e-02
2.624106932650238644e-02,2.946568287021911897e-02,1.084577109327755987e-02
-1.673040878665266878e-02,-8.285514520247026782e-02,-7.766634717337894678e-02
7.915420300114323418e-03,-6.132340054395729601e-02,-3.632528019789597884e-02
6.519529500395364330e-02,2.494998960130698218e-02,-2.073332133334128760e-02
4.796209405059713438e-02,-4.470428209566820743e-02,1.873902374425235468e-02
1.008815363707833354e-02,-3.378221003520628929e-02,-2.028886012205759898e-02
-9.297861020030442902e-02,-6.546384874571004042e-02,-2.170331228818637645e-02
1.841271704991061589e-02,1.963772818972899653e-02,-1.949951265474405074e-02
3.045821654183772029e-02,-3.041903113104109727e-03,1.307550999732777150e-02
-2.624051620796740911e-03,2.456832939550928491e-02,6.136493399418684741e-02
4.186346482882186831e-02,-7.864338564035089352e-02,4.098856793644385654e-02
-4.636508261751651899e-02,-1.247904796796876076e-02,2.023612076226307191e-02
-2.257742548857532075e-02,2.839789082227401479e-02,-1.613147089270369414e-02
5.859807695624498838e-03,7.465855486303367428e-02,2.821087600912540461e-02
-5.635387140522764293e-02,-7.472783367541602217e-02,4.294517269048802460e-02
-2.334309421763334363e-02,4.634537341683502010e-02,7.078447835840942504e-02
1.083592364956423443e-01,-4.951140695082685561e-02,-5.326103995450991169e-03
7.203746750378273167e-02,2.380044048633825002e-02,7.860413390559664593e-03
-1.289828927292649939e-02,-1.225175306696928146e-01,1.252720553901577605e-02
-7.855753596850577336e-02,8.280446359813722554e-03,-4.697654803069543916e-02
-2.149263774921410589e-02,1.819417572028527233e-02,4.487194583112454754e-02
7.644987836782945675e-03,4.617009373632387226e-03,5.894224909537079671e-02
8.385156877313719448e-02,2.894578587050112770e-02,6.371064801924389287e-02
-7.293645736280902903e-02,-3.250965574358648247e-02,-5.182450204441717972e-02
6.240605578629575267e-02,9.495341808110537019e-02,1.399838179263444317e-02
-3.163425068629943399e-04,-3.756702674697951633e-02,2.773300896791508138e-02
-1.257792322822620656e-02,-1.066816813412084855e-02,4.696604811863917817e-02
-4.832793221394282839e-04,7.066702344238118272e-02,-6.514619183417350023e-03
3.023017300115779862e-02,3.937909393169808370e-02,1.031870196858030858e-01
2.286654206345636528e-02,-1.038187757388488348e-02,1.009746181695152650e-01
-1.462716038012497159e-02,1.569345954687804273e-02,7.793031066202876257e-03
-3.276561422893872148e-03,2.208632013878402897e-02,1.209812731246899704e-02
2.018460453027256726e-02,6.442154160574918012e-04,3.542416322430198827e-02
4.282023698894384112e-02,7.928224167214699414e-02,-4.494730356707121732e-02
2.870240536652188604e-02,3.489835107046922180e-02,-6.051956421281284165e-02
-4.849372617803367723e-03,-3.017586605814512324e-02,-1.576323178378284326e-02
-6.132412055779905280e-02,4.218152913098565521e-02,1.835623685364548563e-02
8.589131685574946662e-02,9.660666881197784925e-03,-5.031702101199026465e-03
9.202875671242186084e-02,3.658749484748599103e-03,4.803774598819288838e-02
3.133665310672703597e-02,-3.470647562738323616e-02,-9.732041177659271278e-03
6.646426636791392169e-04,3.250296195078517664e-02,-1.026306154641611589e-02
1.618068438965409098e-02,-9.124651864622282740e-03,1.546633357913088265e-02
-8.364041269593648631e-03,9.215641330960885544e-03,5.952851447349880032e-02
-2.093388820374935365e-03,6.123195299194936908e-02,3.480659684890301253e-02
-2.796632601011579330e-02,-2.095984510310604579e-02,3.486924133992846519e-03
4.187591556057354558e-02,-2.562948734395767425e-02,3.772010917840297461e-02
-5.408688637170520203e-02,6.201529415306485278e-03,-8.062407458424704354e-02
2.048417876825997172e-02,-1.010274001734721289e-02,-1.916142704446499416e-03
5.554253664925710293e-02,-1.966374636056146454e-03,-3.393604801753986877e-02
-4.956409994855581064e-02,-5.281624393459940364e-03,-2.664813081185131785e-02
1.782940267377685836e-02,2.855092092136225779e-02,2.600607510709684531e-02
-2.367106117966991802e-02,3.920932287552090015e-03,3.674736230281318294e-02
-3.444826718843646551e-02,-5.438005596380206946e-02,-5.687015331716190752e-02
9.367289054699806661e-02,-4.283245307940471841e-02,1.288697127098308200e-02
5.693928488271736421e-03,2.525779529792352568e-02,1.715776822735071150e-02
-3.495101046496463387e-02,-6.193519069153644030e-02,-3.052326962145457401e-02
-2.737710617107349392e-02,-1.593355553907143188e-02,-2.355345973682277869e-02
2.752271714666830200e-03,-9.463426188078716272e-03,-1.097227391015338782e-02
-7.899553242528988342e-03,-2.111026157309570106e-03,6.349089933818369280e-02
-1.087743151466181828e-02,2.337097270644132932e-02,-3.570321425658752601e-02
-2.643525167844686802e-02,-2.031043764358400269e-02,-6.643979594126660226e-02
-3.188775659155465049e-03,4.799753600932423619e-02,3.830418032956085100e-02
5.346324685415039524e-02,3.767269223725300958e-02,2.925039658079955224e-02
2.198217500522236037e-02,4.980124662834746474e-02,-2.412406948721016950e-02
-8.393258999238786128e-03,-3.305828369679771755e-02,-6.451113750559463178e-03
-9.092920976932687693e-02,-2.770968473714427102e-02,-1.435771000531727536e-02
4.277365542548651478e-02,2.213582545157485870e-02,-5.546944067235652642e-02
-1.213579980212855722e-02,-7.794761401618335861e-02,-4.655138162446367800e-02
1.313741241410980613e-03,-1.432299208037952475e-03,-4.451577722682475285e-02
-1.207506104838362328e-02,4.048392889307922404e-02,-3.134202984474406678e-02
2.097682846730428152e-02,5.315565575334879958e-03,7.984301774893219628e-02
-4.566834843182488585e-02,-3.681637923425541692e-02,-2.048834422924444149e-02
-6.024149740083475923e-02,-4.846907003222920146e-02,5.320742623681126021e-02
-2.245543399784679511e-02,7.124574498005677159e-02,3.872717219511394304e-02
2.461153842000295827e-02,-4.450434904791555207e-02,-4.470563630042431735e-02
-1.854676269784883563e-02,-4.455452128365795794e-02,4.184016080266754478e-02
-2.059244379072281556e-02,5.691419152348733274e-02,2.006658208084424397e-02
-2.815472213260534692e-02,-4.027508357459394506e-02,-9.482973240242432295e-03
-1.559701289388719381e-02,6.354675950811441987e-02,2.008090325892008046e-02
4.860433151574700128e-02,2.178674058437922445e-02,2.534628026721637284e-02
-4.220625893666060668e-02,-2.859636789233948456e-02,6.143457358434573079e-02
3.585707847589069547e-02,-4.102705397837409090e-02,-3.514763100458902223e-02
1.474215534074695133e-02,3.276970548504232195e-02,-6.647675357907075096e-03
-2.489936148468614371e-02,-2.929765155775389956e-02,-4.626559823659590759e-02
5.045234306657514489e-03,-1.233968737381962479e-02,-9.689815354162242128e-03
8.630106861266726576e-03,1.592564314699197644e-05,4.171299059334037523e-02
-2.785856684921260429e-02,8.353018232137565929e-04,-1.141037264957099270e-02
6.887421374213468714e-03,-1.050921807310425428e-02,4.557295014774004338e-02
2.957998840022961484e-02,4.491787071631585943e-02,6.118868246034573494e-02
3.974644269763931079e-03,-6.461139943468865998e-02,7.109940867254762285e-03
-2.928569290456411317e-02,-3.419177604481690724e-02,4.401013084271232847e-03
-9.459115604537583766e-02,-2.502316263277733557e-02,7.303974281522696010e-02
-2.169683935202394720e-02,4.931858653991306324e-02,-2.443260866754911470e-02
-4.389302535212221204e-03,-3.992524341194785692e-02,-3.430518728402582457e-02
5.914294172887726332e-03,-2.329033967714064235e-02,1.554673521743470122e-02
-8.773966200041254104e-02,3.138867399203738168e-02,-5.100697194668413897e-02
4.898785945254404556e-02,9.365806546081946113e-03,2.012759107178685100e-02
-1.014188301326430369e-02,-1.038173746645617568e-01,-9.142473465505358832e-02
1.789011459123062212e-02,-1.406133674914014989e-02,-5.848917398264914108e-02
4.794842350382618607e-02,-6.064248779199994666e-02,-1.857262899173843171e-02
3.728218392006248799e-02,1.162101292597030608e-03,-1.649783478964948757e-01
-3.753683305637032369e-02,2.821978240941588195e-02,-6.942565790871551776e-03
-8.330439359342858840e-02,-4.694648517900568141e-02,-1.056686329205328533e-02
8.181717593179189951e-02,4.017162960890822976e-02,6.939870941065437449e-02
-6.798447056235143275e-03,-2.471198175028916505e-02,-1.926424374070178844e-02
4.142971860295261571e-02,2.679386132980781515e-02,-5.401530430392311594e-02
3.372107022151109301e-02,-2.921386631826047853e-02,-6.153628532714802007e-02
-2.856156134656131010e-02,-4.603797741941737659e-02,2.747483537765179826e-02
3.509110780310487759e-02,3.269067010464090511e-02,-6.046396731099944882e-02
-8.024468109017922346e-02,2.471902577706965032e-02,4.601368753314393628e-02
1.223902006175739063e-02,-2.441232385228465657e-03,-3.565206772275367197e-02
-3.941838952727071306e-03,6.297724151140030383e-03,-1.203877042134649834e-02
-1.015998664758779434e-03,1.063317352969219698e-01,3.666329971228313167e-02
-4.463097152316231053e-02,7.819834433739508706e-02,4.217509857561263509e-02
2.424097290062905696e-02,-1.782024957031886139e-02,-8.180903906047536089e-02
-3.960220589203210240e-02,-3.797829336915845011e-02,-5.445505341883712797e-02
-5.902440401713492449e-03,-2.242390534143462108e-02,3.756410614082895949e-02
-4.748549756295476071e-02,8.494721674986634510e-03,-4.393922776740891850e-02
-2.387632648692677648e-02,-2.103941067469403819e-02,2.022329254337228849e-02
1.655560454464623243e-02,1.365472729959941456e-01,-6.744292990936144594e-02
5.520170500689464826e-02,-3.906183838783233025e-02,-3.294511016574713791e-02
-3.460878502822488378e-02,-6.589964791158312019e-02,6.957836611115217687e-03
9.837333794736570144e-03,-4.127682996116481540e-02,-1.932452425808961829e-02
2.206344672545026975e-02,5.221490996990078154e-02,3.747992483117695839e-02
-3.186678771805180176e-03,-3.650683189821255642e-02,8.830147220870036839e-02
-6.310916218647060708e-04,4.432828318246028604e-02,8.407224878860987058e-03
3.705304470849370146e-02,-6.972699888586741251e-03,3.163262041984339634e-02
2.700941907811150317e-02,-3.732664355129591133e-02,4.691308479357313155e-02
2.275476072029185975e-02,-1.172919586684498076e-02,-3.872131173573965541e-03
2.555028944184349615e-02,2.765506516978550721e-03,-3.628343861951318500e-02
1.346886036019659567e-02,-1.873142302890855315e-02,5.577564973397974857e-02
4.794073882159701622e-02,-5.802395633050492357e-03,1.692476315170060586e-02
2.950447980847775709e-02,1.042192923285359396e-02,-2.981469527069618985e-02
-6.114952746451119553e-02,3.721939556039284558e-02,-3.023858674434977412e-02
7.308280256053541202e-02,6.498280066940828603e-02,1.739188841377337178e-03
2.284955517508508588e-02,-7.171790509778125378e-02,-5.413800310555329925e-02
-4.844841551949955610e-02,5.032186715144038036e-02,-9.911369595029993762e-03
5.271133482029293112e-03,-4.938829709733449230e-02,2.396842934918337262e-02
9.980602017285044800e-03,-4.358585574625750692e-02,4.386704390866799641e-02
2.789795881077175056e-03,4.016923043305703489e-02,-1.148981895815730583e-02
4.076194740855188826e-03,4.382594671231580807e-03,5.299234798447562123e-02
1.600567786087589081e-02,4.938620914001996126e-02,-8.944823592730714520e-03
7.634541924502755150e-02,-1.420259589171148085e-02,3.561494578640069138e-03
-3.356443234932554500e-03,-4.449001695951921437e-02,-2.622680537966077044e-02
1.204925941551183988e-02,3.624669266924254729e-02,-6.684474939080297176e-03
-9.313033666854498779e-03,-3.090016768243454212e-02,7.203873508579182461e-02
-4.827678217325896692e-02,-2.251120131078478137e-02,-5.835301513608660839e-02
-5.653385100279489928e-02,-1.023717665793416219e-03,7.219550339631677742e-03
8.470274757876061766e-02,1.451088975052805541e-02,3.903150059837181413e-02
-3.057769824936052913e-02,8.322753244885547352e-02,-2.639932557189628159e-02
2.496513227869510271e-02,5.233474407185974980e-02,1.825069162949595079e-04
8.786101311168970085e-02,-3.069979899035595386e-02,5.972264422250522092e-02
4.135046559338041716e-02,4.212737280118269284e-02,4.760069552597201437e-02
-2.077407798010030837e-02,1.880227188835268326e-03,-5.899384911692850259e-02
2.403650087628629931e-02,-2.585204849892995538e-02,2.485397092933471289e-02
-1.634888267506570333e-02,5.267066428001317829e-02,3.788429662298929690e-02
-2.139203501900978008e-02,-1.890099144362507658e-02,2.922266279885496823e-02
2.152870960153744143e-02,-3.426394027940025955e-02,4.792036129386210291e-02
9.011291969277439307e-02,1.123844134930422275e-02,2.555035747203049379e-02
2.886654582243373957e-02,-1.022559061374853917e-01,3.232481801433930227e-03
2.061669420381027212e-02,-3.905407696153520569e-02,-7.190834631403782672e-03
-3.066849265513271403e-02,4.049850916831202558e-04,-4.941483864871220461e-02
-5.280614749571703459e-02,-5.744636530811156327e-03,-5.867447008860331333e-03
1.839021386417601794e-02,5.954238944070124745e-02,-1.894936487460650854e-02
-4.407486099155006644e-03,3.494996302406456340e-02,9.627755912133445504e-02
2.820565131964066982e-02,4.797891278087750011e-02,-1.033421312989267482e-02
3.239146751258988738e-02,3.217930493089293104e-02,4.858615709695765505e-02
4.019696199974765599e-02,1.694377921769135015e-02,-5.666739999500824965e-02
3.699534654201043146e-03,4.554603693775917395e-02,-7.001381601205247662e-02
-3.611211124041566189e-02,-3.600037317682193427e-02,2.455107689396385240e-02
4.274393855128669206e-02,1.091237995093390437e-02,-5.901364556706373797e-03
-2.444713347928500341e-02,7.374326492714291734e-03,-4.292794202087705895e-03
-6.085871466670172633e-03,-1.143691917725809040e-02,-1.045524139766138526e-02
-1.770241265507827705e-02,-2.135824342148709420e-02,-2.506442806134673296e-02
-3.546643829525723823e-02,-2.164490331798070086e-02,3.599038494747900351e-03
-3.618478879697065251e-03,-1.011406181637095579e-02,6.531211663715744131e-02
-9.632454184808250663e-03,9.533690481195847971e-03,-4.092727598835547986e-02
-1.883214274265891316e-02,4.356392421916687949e-03,2.477816830722944647e-02
4.291666374443628418e-02,5.488190741513958304e-02,-1.158732302182237904e-02
2.474245431108368365e-02,2.528016516068260638e-02,-2.140434211725661742e-02
-1.266097393867798154e-02,8.091066359752618897e-02,-8.753090954042529181e-02
-9.016111355705576369e-03,-1.799550967249046503e-03,3.497682228951624200e-02
-9.959880117389584286e-02,2.611002251149461759e-02,-7.322842604121097311e-03
3.225012349104791620e-02,9.643624470191299036e-03,1.434833977306926474e-02
-4.129606603298118656e-02,8.615025864943028078e-02,-1.646835191947337504e-02
-5.568603649484221013e-02,-9.087783677173451313e-02,6.063784949787669534e-03
3.913341843953883903e-02,8.800243991687570211e-02,-3.946526311307439749e-02
4.450777018796826454e-03,6.191193289214333255e-03,-9.567274066670119689e-03
1.007872863683877962e-01,-8.923969112207168208e-02,-2.053891945462879912e-02
5.024782311151527320e-02,5.757313009864987313e-03,3.972670681582487345e-02
3.685975514235381029e-02,2.434296170261471270e-02,3.665430502994680706e-02
2.865135488827089821e-02,1.874645980376912551e-03,-4.139563766332705896e-02
1.203481255101943592e-01,-4.252835633572798341e-03,3.195563956301429587e-02
-1.694410735881061308e-02,-2.144368155646427312e-02,-2.751337902147077755e-02
8.785851490506908779e-02,-1.210676949254987705e-03,1.776482784517739028e-02
6.193989941720156461e-02,-6.555093947336677884e-02,-2.966433260797414137e-02
-2.658016857177137801e-02,6.522517576265261449e-03,-4.786580694609505332e-02
-2.794991619652005543e-02,-1.226552083981943299e-02,-8.279030580789424956e-03
-1.650385535967632128e-02,-2.927421858418431319e-02,-2.409739389401926307e-02
-2.275702079314024726e-02,-3.581185250905672551e-02,6.742756006609447461e-02
-1.969291103871155871e-02,2.449472210819192072e-02,-7.407051957398003150e-02
1.603791110238015488e-02,4.719494295259076162e-03,2.332244857110207445e-02
1.047172400395340701e-02,8.833052071694233540e-04,-9.848933289257198742e-03
3.711718769568516513e-02,-4.318411130024372990e-02,3.033017946189904904e-02
2.932043429831208969e-02,-3.219187354994077627e-02,-1.069082063734328875e-01
5.713582982120124981e-05,-4.330459983158371079e-02,1.048989892379406305e-02
-9.286699292817245099e-02,4.029455627773095155e-02,1.430420491222797637e-02
6.525203720218976725e-03,-1.229094041729392531e-02,5.986547540037252813e-02
-1.277312882003553071e-02,3.795468069495610414e-02,3.452751527987776153e-02
-9.464155211435147305e-03,3.158439512839399804e-02,2.715400499546014382e-02
2.011903401871813907e-02,-5.042306506001803523e-02,-1.150480915463034798e-02
-4.567060780562153671e-02,-8.910888292794946763e-02,4.808431797000459890e-02
-2.542330826153072279e-02,-2.129065002858578082e-02,-5.767711793904825579e-02
4.027734845586706386e-02,-3.948937308007904184e-02,-1.147117410914782684e-02
2.141874375115538492e-02,4.508982875117317768e-02,2.273606346576292035e-04
5.122869400288031921e-02,-4.958415478069009598e-03,-4.263919647881721231e-02
-9.992499867370392697e-03,7.663917683357190404e-03,-1.841324990428504053e-03
6.615441252855619458e-02,3.734112000558647421e-02,3.505121178066548937e-02
5.126569312525178571e-03,1.184508909316621048e-02,1.178239517808340022e-03
1.131336839627535180e-02,-2.599508032393905640e-03,-1.082108415553411918e-01
7.790066029255934485e-03,6.668147290928025384e-02,4.026224776144864820e-02
5.243896342261180482e-02,3.166853457543662709e-02,1.775196222256329162e-03
-1.968163618189418262e-02,7.142879483325376665e-03,-1.839151811572339520e-02
5.182321638376577444e-02,-1.964030356407462166e-02,5.505179862785787928e-03
1.557043881443403869e-03,-1.577871312708083174e-02,-6.476629332089134383e-02
-1.327463259791039629e-02,-1.116364565005690222e-02,-5.617597886419196246e-02
-2.382529900278548135e-02,3.922563096747826161e-02,3.303949297567871507e-02
-1.802924309001737238e-02,-6.788162419668103409e-02,2.095445638453691251e-02
1.398567970704061615e-02,-1.670775376336772200e-02,-3.189640936410514244e-02
-1.148712092641747569e-02,4.827119628523884355e-03,6.057345137573411781e-02
-9.473062360225071102e-03,9.873145103966923450e-04,2.366039815908163590e-02
-2.816880739523702770e-02,6.436987716706754625e-02,5.940624586226589225e-03
1.806045972161550786e-02,4.210841697991567906e-02,-3.010461551138734343e-02
-8.171144257500297103e-04,-8.321043945899664340e-02,5.628322216226599312e-02
7.147262693627959469e-03,-4.473170197687306726e-02,9.903679081309270382e-03
1.729891274020511210e-02,7.382668598440869125e-03,-6.554303688118515159e-02
4.920486286418628702e-02,-1.568625456775714702e-02,-2.783344315337348343e-02
8.184013235868571601e-03,-1.088460442524349231e-02,7.617163791310777032e-02
-8.430972239537684945e-03,4.679246429010699873e-04,-9.634666673644630419e-02
-5.034362612243027668e-03,1.360920740396399098e-01,-2.885910443798689676e-02
-5.704016148855410757e-03,-4.980343662578163438e-02,3.037634881373246082e-02
2.248414493285827431e-02,-2.359918715431697997e-02,-9.467151553293036426e-03
-3.958811711338668105e-02,-5.011967457446612345e-02,3.205006509677547216e-02
3.906999578518033367e-02,1.194240819687254207e-01,-5.801948543026476390e-02
3.607756992772883503e-02,2.071535320151328755e-02,-7.532606799576445356e-02
6.421444325198774616e-02,7.544346288746420215e-02,-2.742076943576434583e-02
5.455335121010697341e-02,-1.227522516540872563e-02,2.744584773258169734e-03
6.864384005792723009e-02,3.045225762696167349e-02,3.534332117804075968e-02
1.573618708650494427e-02,3.010926021193630064e-02,-1.006535140299856870e-02
1.362203377378009769e-02,1.705522864874575370e-02,-4.018467320284545979e-02
-6.656684749036671789e-02,-2.614106827553296878e-03,3.433317373812379281e-02
-1.049136798647155033e-01,-7.864243468436298012e-02,2.841230388973104912e-02
-2.369805232763029165e-02,2.023365795800103825e-02,1.087551295645965361e-03
1.656555993991501094e-02,4.036116863855977385e-03,-9.309286499481731966e-03
5.150099263240415920e-02,-6.172915334637197465e-02,-3.222325514210076097e-02
6.428123445154811100e-02,-1.861651548190268977e-03,-5.147671045547546481e-02
-9.509857889355718963e-02,3.801325250079659167e-03,-6.003275356939074409e-02
4.468699792032542611e-02,7.927597293486855767e-02,-3.157930365566142400e-02
3.382281656126000929e-02,1.952293215050868516e-03,9.908427614781275400e-04
2.354836513843805781e-02,-2.900656822404128893e-03,-6.113616562694545314e-02
1.772456952238020411e-02,2.758706863453736641e-02,-2.234862407499471973e-02
-3.620457666550936943e-03,3.875290314525979551e-02,7.649855475373784283e-03
5.789771839024060278e-03,1.117072082263104345e-02,-2.182713824953451398e-02
1.482237850887696638e-03,-4.127596825821964327e-02,4.654461466102705752e-02
-7.904666993397645169e-02,-4.899104640570473707e-02,-2.685685723499667277e-02
-3.255973176691222964e-02,-1.611067449439549520e-02,-4.932973942059694361e-03
-6.768533744413526843e-02,2.994057005456602499e-02,-7.257959761259905052e-02
7.738087938311259684e-02,-1.449685110206042071e-02,4.352469634436658026e-04
7.200487222563624334e-02,-4.241365658436344055e-02,5.865343406047805047e-02
5.985293968280502863e-02,3.647138023993402867e-02,5.579277146182252609e-03
2.380588796029413021e-02,-4.719846869149729382e-03,3.969934926892729893e-02
1.359644605324698829e-02,-6.914849805328198915e-03,2.394154088040286593e-02
-4.347172623063585983e-02,1.228431133996498890e-03,-2.170035142139173714e-02
3.315815004398077470e-02,4.806157448018390232e-02,4.618949303601350281e-02
-1.221214045177742170e-03,8.483413471237183368e-02,-2.816428291114575835e-02
-3.515606809563429080e-02,-1.582140382000124523e-02,2.104237564880583403e-02
-5.392890773703756108e-02,2.435423717058971156e-03,6.494824646130360757e-02
-3.227215085955074947e-02,3.513802440938763177e-02,7.161015748753843391e-03
4.544358266299031168e-02,-4.065248514807929398e-02,3.990722453015340537e-02
2.255316349062847642e-02,1.034973283024882007e-01,6.436529061162980792e-02
-1.024022855432386858e-01,-4.411837443043353096e-02,-6.370101484812212833e-02
-2.697906311312051400e-02,-6.770439107315899541e-02,-5.562843857741034403e-02
6.836282712157065733e-02,-3.542747227440726232e-02,1.413901856750548851e-02
-3.278144181530587287e-02,-1.365025485774746389e-02,-2.506943307507131583e-02
4.192493040685153771e-02,1.540467933423846775e-02,-3.498817435610050708e-02
2.411937764047846627e-02,-6.272398066213858391e-03,-1.057831203417707380e-02
-1.822198520121915549e-02,5.250658778163435486e-02,-8.587084529522852339e-02
3.282405258088184202e-02,-9.708893182836271637e-04,-5.752244935014902416e-02
-2.830025324066192186e-03,8.326736027644318638e-02,-1.561124644780832217e-02
-9.364372587308485846e-03,-1.754607993911569408e-02,8.848273824667166054e-02
-2.882009047678643198e-03,-6.990121236568824781e-02,-1.094988098276763744e-01
4.427160092258891795e-03,-5.502974919710577895e-02,1.978376415138593733e-02
-5.425968674064361730e-02,-8.856280962110170407e-02,5.058285154549535534e-02
3.922001484137853378e-02,4.566810879359665086e-03,-6.149577193662767588e-02
-6.899849668370658384e-02,4.489002760578014728e-02,4.859161981536131575e-02
-2.469653191278399149e-02,3.154285767203750777e-03,4.776089296475301976e-02
5.444040711988661074e-02,1.589367639276762639e-02,-6.404899519841192324e-02
4.811979967480172621e-02,-8.606233083248536475e-02,-1.710176370187798181e-02
-1.583608262054067572e-02,1.811679635428244161e-03,6.225358311902413205e-02
-3.362982906026576718e-04,-9.130928960628385826e-02,-3.255807508497143149e-02
1.118743931250952561e-02,-7.923754935686234957e-03,-2.152195109815440571e-02
-5.025670213955479859e-02,-2.830117119876300342e-03,3.783046052647127955e-02
4.231350031834920158e-03,-1.264122168929842499e-02,8.654337471639036994e-02
1.189786609302286198e-02,-1.122851168146100226e-01,1.511603238181321619e-02
4.874058859637214747e-02,7.617632464631848670e-04,-1.133800570303528515e-01
-1.816316087859947900e-02,4.351073962281957683e-03,8.204309986371587831e-04
-2.141481176611161746e-02,-6.498356808237768867e-04,-1.002696733424737058e-02
-3.542318853747271346e-02,-3.938167858668947113e-02,1.656801616922988453e-03
4.963406163918109015e-02,8.455948557527015463e-02,1.092493197397605975e-01
-5.328476794763134516e-02,9.761880453542920791e-03,-5.719707698791431927e-02
5.031821722415241033e-02,4.484162412249748791e-02,-1.891750838065260620e-02
-2.687525665374980097e-02,-3.371725919663943419e-03,1.633798729322251050e-02
-6.205458078403347510e-02,-2.120051410851948870e-02,1.393335258528569445e-02
3.213727812914346938e-03,3.041466306070842937e-02,3.844082329877505227e-02
-3.547415144079255414e-03,-2.016864177677669262e-02,1.510151797926210203e-02
3.836763748404738855e-02,-1.265752260268058690e-02,-2.102887315829413128e-02
2.759917124820331427e-02,-8.789889911838931133e-03,4.119510427166343802e-02
1.544144225067546313e-03,-6.148020825886117008e-02,-3.210169473860733508e-02
2.591834182488535199e-02,-1.397786791154731478e-02,1.850693328051714048e-02
3.490277255730847572e-02,1.033138575716528208e-02,-3.607465643091236490e-02
2.261399436614697916e-02,-1.271654383099808140e-02,-2.499977592499526280e-02
4.378851645034226997e-03,-5.339191228572931491e-02,-4.697086023284430256e-02
-2.531249506969066379e-02,4.818240147740459473e-02,-5.172832427131414390e-02
-7.348402098555541218e-02,3.539037087922289326e-02,-3.695152738502060011e-03
-4.198689253100433560e-02,4.726336570718224495e-02,-1.682353445941373732e-02
4.679685965207677073e-02,-2.864733251870735936e-02,-3.312416459896051768e-02
5.881158893094196732e-02,-2.105295871716267309e-02,6.442737272303648843e-03
-2.319919393692848261e-02,-6.437617752221223844e-02,3.498760181872779401e-02
-6.308865560634908942e-02,-7.771058351462851836e-03,-2.566917353432416476e-02
-3.248476740823291742e-02,-1.459980104448553757e-02,4.354536964164557045e-02
9.131604705747978223e-02,-3.034183501314142647e-02,6.600530382640534127e-03
-6.334324385114424409e-03,1.605517831572320434e-02,-2.689034116342945910e-02
1.332196942587266170e-03,-3.028444479508314927e-02,2.309645743304890655e-02
-6.615486281898506904e-02,5.394337144161107794e-02,2.379020469968091966e-02
2.716872660776096030e-02,-8.704310597288633655e-02,6.948089385054479795e-03
-2.557621165456400170e-02,4.263200944833777511e-02,4.795528770986561690e-02
8.183351659286856178e-03,-2.977948472042189765e-02,2.646623858616439437e-02
2.057351892756819484e-02,-9.405938331300506966e-03,-1.929369123488883925e-02
3.248070073270834662e-02,4.253600450390901400e-03,-9.442082976898341640e-02
-4.797365763320043941e-02,-2.534348985799693768e-02,2.433653833874683745e-02
-2.140839029264328050e-02,-4.908172522826750872e-02,4.180457408044312151e-03
-6.310219929584726627e-03,-6.038135021717560419e-02,3.935966664207143223e-03
-4.214416555104361778e-02,-1.532653584253775882e-02,-3.918910830472824985e-02
-5.975939223438263975e-03,7.744352454838305394e-03,-5.913485789224749711e-02
8.416872715566068794e-03,5.158882244139470497e-02,-4.998686821346769171e-02
2.901680254509712582e-03,-3.534323262407629979e-02,1.407439666365398016e-02
2.999408517047253905e-02,1.856757688961810718e-02,1.063870377821569957e-02
-3.546799925262261732e-02,7.651503047874751162e-02,6.052111155655188340e-02
-2.216764507048466296e-02,1.562317017728746295e-02,3.368210769321615394e-02
1.874320790433315828e-02,-2.050491358207563036e-02,-4.104588311402044415e-02
3.951230216639139980e-02,-1.637785926055157840e-02,-3.604892763716913834e-02
-1.679258727886446742e-02,9.779849109101871815e-03,-1.621454429170044245e-02
6.310536645653178067e-02,3.359600132097824432e-02,-1.738062269236375149e-02
4.012650213624324724e-02,3.839874910982845474e-02,1.195821692345510473e-02
-1.967201425112686392e-02,-7.763189617908959617e-02,-2.793933504647177352e-02
5.681267413036691048e-03,-1.009484112666189232e-01,8.411890174742480894e-03
2.770299037784338531e-03,1.805012591516169662e-02,-4.775043539716050667e-02
-1.000618315831925363e-02,-6.526845112040401999e-03,5.932262973044586524e-02
-3.327885164985211301e-03,9.543222326294552652e-03,-3.624080334501283973e-02
-7.898628096343614235e-02,-6.776248017624175723e-02,-1.129651640214996838e-01
8.484957526038366948e-03,-3.675945212039816862e-02,3.064989450389267456e-02
2.996919155551483818e-02,2.099089961101799351e-02,-3.091566675356956923e-02
-1.853203977817246108e-03,8.721012170820600928e-02,3.711932272205646643e-02
2.456142931211819508e-02,-5.130406557979234200e-02,4.359848166141747083e-02
-2.124634781217672394e-03,3.071536094229678285e-02,-5.568786262938286297e-02
1.545375012808089879e-02,3.667846914756138499e-02,-3.789265024308217933e-02
-1.941672194815173298e-03,1.252139289326089158e-02,2.444208275603242456e-02
2.727623984260265852e-02,1.097119536830078596e-01,5.547922202751616461e-02
-4.205543859352844915e-02,2.270366378265573429e-02,-7.007365433116302667e-02
6.083097310154921000e-02,-1.717200393331691846e-02,-2.145006882639999279e-02
1.553698584525627091e-02,-1.050229304045923427e-02,-3.113443324783049526e-02
-3.983654725775861299e-02,-1.101983940204117988e-02,-4.918394486374419450e-03
2.758785858708648342e-02,4.180234075262486033e-03,-3.372124047022078547e-02
-1.312161258175086401e-02,-1.310794605912056314e-02,-3.852326595254606384e-02
4.355426436001595680e-02,-4.290013722015313669e-02,1.315208730031830128e-03
-2.013255746208544514e-02,-2.301644727271394755e-02,-3.496842523410322728e-02
1.976559295106635611e-02,-1.231870183235378620e-02,-4.342808683527232122e-02
4.350642419643084569e-02,3.256720526262511101e-02,-1.480592635776729026e-02
-2.972170358108483512e-02,1.487672637636191543e-02,3.932301597225672934e-02
-7.060183948487665229e-02,1.974180674266246688e-02,-2.896974732199551414e-02
-1.617410958144653230e-02,8.835857953692241584e-02,-8.833828599960798222e-02
6.042524010688985620e-02,-1.671234989757192438e-02,-4.268989562124372861e-02
-3.311301753707877882e-02,-8.242420923786245718e-03,-7.456312562428579760e-02
2.060374517322088178e-02,2.918259797035748296e-02,-2.697074873880898026e-03
-2.479577360006149714e-02,3.178722852284061873e-02,-5.568812821974983979e-02
5.046769137513409942e-02,-3.988384772778303528e-02,4.789323452035187945e-02
6.983684137280374987e-03,3.068636982439164329e-02,3.816826625588246730e-03
-2.302342999146965875e-03,3.884257402341909082e-02,-1.575137078654539804e-03
-6.964492120255981467e-02,-3.513792497774721052e-02,-5.532994082366018973e-02
-3.255997931694119829e-02,-1.460875931209039934e-02,2.849023430076494737e-02
1.048570382425577374e-02,-1.002936140794536031e-02,1.639822909970265266e-02
1.088858990878544819e-01,-5.149598316918614638e-02,-6.319119659390012855e-03
-3.859749661919384400e-02,7.069199356478171603e-03,-3.930986762331516171e-02
8.655109087715995297e-03,-6.834626648455591202e-02,-1.207670227569064905e-02
2.570250964308060104e-03,-8.829183976130679234e-02,-5.134051878106077327e-02
1.347577229935614275e-02,9.997918890565311856e-02,-4.191474487518064007e-02
5.060287608658639580e-02,2.345283396133904241e-02,5.138428966469514581e-02
-5.641518496676285049e-02,1.510725360078274924e-02,4.881544743542770570e-02
5.656384402077890144e-02,-4.896808010451196569e-02,7.370334655497363940e-02
2.373358622285800731e-02,2.474799377128413663e-02,-5.529487398237920015e-02
-4.006376199247863035e-02,1.876565845905403887e-02,9.811912483176279953e-02
3.007103356240292333e-02,1.639543803115918463e-02,6.716154346749250714e-02
5.363292091143705836e-03,1.244887873924176158e-03,-1.687192059286313824e-03
-1.888114514083450574e-02,2.257760486108855227e-02,4.181345357229936804e-02
-8.202396473826603640e-03,7.242181830851515678e-02,-1.189858217435315821e-02
1.553241732140913101e-01,2.540339874380744337e-02,3.550869529661175583e-02
1.177460950633134242e-03,-6.889319522979757415e-02,1.572905952980155689e-02
1.112181771765425632e-02,1.326558114567479539e-02,8.677308575572866001e-02
-5.883029365530546839e-02,3.482525488992781887e-02,-7.193876713189868363e-03
1.537193814847885413e-02,3.175445883843784015e-03,2.257480461917776848e-02
-1.599741808015882338e-02,-2.603972726834821727e-02,-5.258399843849129174e-02
-5.364898072037814838e-03,4.632537973157447447e-02,-2.309867551894880314e-02
-1.036725587498594017e-02,1.777273635452717576e-02,3.853775222136109069e-02
-4.944171065275875659e-03,-9.919467975574620955e-02,2.592196860370183861e-02
-9.786007146554656644e-03,-2.311690230727462408e-02,1.752978288145183583e-02
-1.158627275855891696e-02,7.566102395988339238e-03,-3.699626000258611491e-02
2.254440391179628189e-02,3.504254753229143343e-02,1.091705762038021853e-02
4.178425143945764531e-02,-3.036350424486975244e-02,-1.120799253989239117e-02
5.977075078872627926e-04,-5.489502350305237345e-03,6.988667650505026203e-03
6.427821192454379051e-02,-5.072485981603311322e-02,-1.173102249245687803e-02
8.976334855079650191e-03,-3.784732832257523688e-02,-4.350097469298216946e-02
2.809943250424181901e-02,8.995725308697240935e-03,-3.766539619299152236e-02
-1.923622465555871030e-03,8.147214143838539535e-02,-1.683374385574546231e-02
3.264464985458593108e-03,2.762814544949768192e-02,-1.645007300024083421e-02
5.773653124611945187e-02,1.109560182597625275e-02,9.374039364861838641e-02
3.335040971045816205e-02,6.770623941832032422e-02,5.050614123943500400e-02
-4.211031328039666066e-02,5.900852895575557644e-02,1.265441306528274357e-01
4.818443192785890755e-02,-3.409885415220169358e-02,-3.244867074827603726e-02
9.497937422957148171e-03,-5.268276193905621629e-02,-5.690848610335357688e-02
-8.669570033756972618e-03,1.635059917780123592e-02,2.898325308453405819e-03
7.149079578539059565e-02,-3.499394166037362447e-02,-1.872846639501165797e-02
1.463491434875284145e-02,3.071014674766860131e-02,7.322720777187292918e-02
-3.508913125673499694e-02,3.929587126389869761e-02,-1.468034650756974528e-02
1.927245576661756540e-02,-3.095246435349829905e-02,-3.170300479868019133e-02
4.817637883430720552e-02,-3.673187651395277975e-02,7.706071545756097750e-04
7.392420113162949738e-03,4.424088138230215100e-02,-4.480149942378524458e-02
9.923113680734571909e-03,-2.146583172204753406e-02,-4.308754730723475534e-02
6.962028481916243683e-02,-4.645814022218281575e-02,-2.711084876387044942e-02
-6.709460122992393083e-02,-4.693676410304469665e-02,-1.411128154344313580e-03
8.544463936749968624e-02,-3.484734738543751598e-02,2.368584835255138632e-02
1.540466248566223911e-02,-2.435675959782092684e-02,-1.246858662040033726e-02
-3.628064537652241767e-02,-4.420436923019806230e-02,1.517430080163793479e-02
6.058962243469283998e-03,-1.916402967546114097e-02,3.981951759247977056e-03
7.772414033604871549e-03,-4.037010059691543973e-02,-1.829276734235895860e-02
5.891570339687421907e-04,4.657381742345217956e-02,-7.791579200317087436e-03
-4.270173590688816916e-04,1.350694032580112376e-03,6.031816309456516922e-02
-4.020413688832065631e-03,2.841237745666358450e-02,-5.605127560288626805e-03
1.293519431682469854e-03,-3.080584574787344210e-02,-2.076547101648200735e-02
-3.242532211025257044e-02,-2.736683632956836421e-02,3.843480061465320147e-02
2.624390844008155782e-02,-2.805638314033127682e-03,4.649453790488409372e-02
5.320961480266998833e-02,2.777054376753845810e-02,-5.302018123786043403e-03
3.203784691457877559e-02,4.065026166717525952e-02,6.108878188494762385e-02
-5.321881862276893645e-03,-5.497100194487211655e-02,7.096770314977365879e-02
9.773548799537580545e-02,-5.687697117073042818e-02,-7.775148068286913405e-03
4.707092802208041188e-02,-1.146733416086290550e-02,6.739500123884458078e-03
1.586445325747244325e-02,-4.649481585664766436e-02,-6.878743068460144161e-02
2.967527218548000195e-02,-1.474714024807650091e-02,7.164861699105180663e-04
-1.306379894050996521e-03,1.108784746883594886e-02,9.357503274311207431e-02
4.911390474122071317e-03,5.708090263566072825e-02,4.000394534919748252e-02
-1.857584628771770038e-02,2.518752972067384022e-02,-3.992306035727599851e-03
-7.433625799690420782e-03,-2.349793039534000746e-02,1.721568608120128963e-02
-5.051731716363123958e-02,-1.198230257486630201e-01,-5.659386450680935904e-02
-1.563764478284889944e-02,4.348446108853694023e-03,5.512074960875671531e-02
1.801580444106835183e-02,5.238569301663684175e-02,7.194242209933356287e-03
-9.379456704705825543e-02,-5.673984915436582413e-03,-6.799202277602306443e-02
-3.590681915377218203e-02,3.827835603485086474e-02,-1.408765907387560072e-02
7.967293530082926456e-02,-3.054443105991734922e-02,-4.847898185473679955e-02
-3.707554881549122994e-02,-5.465646922122859019e-02,-2.901714153193681728e-02
1.297438544747274089e-02,-2.455606960097298647e-02,-3.910756937001788613e-02
2.147659489587108034e-02,-8.243696231199755531e-03,1.294244333105160419e-02
3.356828373786328173e-02,-5.254626839784277276e-02,-5.659077806831724899e-02
3.832794543916389490e-02,8.656708947475484292e-03,-6.233323661011663797e-02
-1.397982387470329477e-02,-1.337451183974796773e-02,-1.388706251099709570e-02
-1.281050804372522306e-03,2.231692523081246771e-02,9.368056434615554956e-03
3.772641567749459440e-02,-4.694879943813038553e-02,-9.632401618041690206e-02
-3.771829425004783604e-02,1.962051067591559853e-02,-6.371205832741691499e-02
2.154175942991554821e-02,-1.460872225961605542e-03,6.453029950286143929e-03
1.940853722088374186e-02,-2.741641558989404981e-02,-4.441253618281960913e-02
-2.174697243623762918e-02,5.776530796539311452e-02,-8.623356794740815248e-03
-2.249992238840874820e-02,5.612872858992860176e-02,-7.033660469103493462e-02
9.973101344957931158e-02,-4.469684255925075733e-02,5.847933287120745532e-02
-5.831938221709837694e-02,-4.048538567487252465e-02,5.284381542629776329e-02
-1.542770763556582797e-02,-6.313855450652098265e-03,1.557595297184852928e-02
-2.888970001472261628e-02,7.439627387140511361e-02,8.422960619015295788e-03
-3.294430911874846567e-03,-1.782715112324480267e-02,8.639559203208590360e-03
9.602059465373461583e-03,-1.423910056112817624e-02,-4.244427491760574545e-02
6.458137050687061398e-02,-1.722439819751245271e-02,-4.786826182717657252e-02
5.498984155197259721e-02,-5.765714527686963131e-02,-4.047836129061820748e-02
6.212030098898571086e-03,3.145277948289492559e-02,-2.943968299190357837e-02
7.288897867477667214e-02,-9.871703948875203138e-03,-8.792090282609950347e-02
3.085955360550511617e-02,1.798340035102412651e-02,6.725548745090718927e-02
3.143214130200899098e-02,-3.940486926392949146e-02,-9.039837084595866989e-02
3.429968439331829849e-02,-1.089975376966885803e-02,-3.373983030851759879e-02
2.187408064335416569e-02,2.961702247696337137e-02,5.873539642487692752e-02
1.004618264737192242e-02,2.055556671173803217e-03,1.523056639673260083e-02
4.156184028527932367e-02,9.794841437344178545e-03,-7.954184777586398303e-02
-7.323786896165358773e-02,1.173969700566922930e-01,-1.088086672730141473e-02
-6.234444981210877923e-02,3.493768065484387925e-02,-1.241673911775487485e-02
5.669922657162243876e-03,-5.340476326135634721e-02,-2.014693632529663408e-02
-1.054368655462028931e-01,-6.444434618017304273e-02,9.199752263839144906e-02
1.197521020205956181e-02,3.801463159000752212e-02,-1.259605593815656469e-02
-9.689477034564167313e-02,-3.644783001890697371e-02,-5.946603649431542356e-03
-2.378567149683936260e-02,-1.029691298050645215e-02,-3.609814473221933939e-02
-6.428611144981589975e-02,1.396314944709033286e-02,1.823464695601915986e-02
8.519735361899394635e-03,1.675773296095745685e-02,-1.518446386306786938e-02
6.091037476589732796e-02,-4.749523538536538220e-02,-2.292211071292564462e-02
7.957978245458412203e-02,8.720098034099020567e-02,-5.488726242877852574e-02
-1.018609388435559593e-02,3.133501270939181849e-02,4.566544754633470454e-02
4.038334022993986944e-02,2.152041246030072033e-02,6.576120476036433071e-02
2.072073116351797265e-02,2.971200087718877531e-02,3.980275726491670774e-03
1.661053155260224304e-02,4.963563992878420456e-02,3.499780086930995987e-02
4.903881830306008882e-02,-3.697926883564562478e-02,-4.027030398137914496e-02
-1.180288606202666880e-03,-1.760739006385897767e-02,8.855806184975617557e-02
-4.672174243852568465e-02,-5.894971107892476442e-02,-2.978111629974631094e-02
4.350763830019934580e-02,7.375353884549056688e-03,3.780086573350158359e-03
3.662624582514613369e-02,1.249893045559316573e-01,-1.122719657547332182e-02
-3.311669398465987707e-02,2.424749393536748676e-02,5.011952760917835065e-02
-4.687549891087786080e-02,-1.010877344744291924e-02,1.626534584937171582e-02
3.797670466539383467e-03,3.876280572494885442e-03,-3.444773543052014747e-02
-2.628446834895572810e-03,4.324457685716329852e-02,-2.587503164288456128e-02
2.019189030695706100e-02,2.480550853123692640e-02,4.908262474547855914e-02
2.808214075259083883e-02,2.547455724868063695e-02,-1.117090976125564329e-02
1.268930958735551770e-02,3.704486013085762225e-02,2.161060389122450211e-03
1.671457840773450318e-02,-4.111635991664288475e-02,-1.962639942455849870e-02
-2.831231279632349940e-02,-2.491140130824016918e-02,-2.927641131787663345e-02
3.918397475963177751e-02,4.731520666839155592e-02,-1.684711718471731956e-02
2.271300782363235016e-02,2.323999349981328844e-02,-7.337459629274345474e-02
-1.450619944402660108e-02,-4.696638157448522477e-02,-4.154066469128608191e-02
-7.456880451861739798e-03,5.545539058550068984e-02,3.167060765921657361e-02
-5.750461659557339761e-02,2.359791769862837688e-02,-1.877000554812280342e-02
-2.200640669013756087e-02,3.919247035574383031e-02,6.205632095739894299e-03
-1.471113792360069852e-02,-2.337525636329395792e-02,-2.632034573480880255e-02
8.845837100522956076e-02,2.041106029500220839e-02,5.848845269472070091e-02
-8.715038025689609766e-03,3.322963624213242512e-02,3.511571265864923963e-02
1.792704503869117436e-02,-5.593680911518692303e-03,-2.388561073796978407e-02
7.002049451142627889e-02,-6.569917268905966709e-03,5.472226211753821595e-02
-2.359916721638666975e-02,-8.267221993306005101e-02,-6.112951186094699174e-02
5.285202972736735474e-04,1.185095842437145289e-02,2.334569535872463991e-02
-1.674206019730911307e-02,-3.644408649110348480e-02,4.255571933395407846e-02
2.834792714612675846e-02,3.611939034618728145e-02,2.901196123420153247e-02
7.824185405369731006e-02,4.867019559833152265e-03,6.001761427593670095e-03
-3.299450404224072569e-02,-2.824464441473027373e-02,1.446316200593502493e-02
2.298965101414696122e-02,1.453566825330817984e-02,3.276972698852793214e-02
1.933922456911663047e-03,7.123918407528932739e-02,-4.668742387840493085e-02
5.925535797601919064e-02,2.057453535069669187e-02,4.202068442766001416e-02
1.380709758013071164e-02,-2.076418778277150726e-02,5.450103992822814131e-02
-5.087629740929845018e-02,2.635638418124539029e-02,-1.299248011241644074e-01
-3.519539364581207586e-02,-2.657427563064919743e-02,-6.013399702548016812e-02
2.132181178884758402e-02,6.142637808322982257e-02,5.656968529277971169e-02
1.826653218166977887e-03,-1.617481942446100107e-02,2.929738492543770487e-02
4.253536590149031849e-02,2.999001877258007306e-02,2.399705126647088890e-02
1.643074659022796197e-03,4.223146358351240193e-02,-5.023090905210252088e-02
9.935365920728926950e-03,2.809609605590166620e-02,-6.501761192485000507e-02
4.673754976471455186e-02,6.437153556190365611e-02,-6.980611448922259890e-03
-5.236210860138190010e-02,-8.723478185379321403e-02,-1.739782140449642675e-02
4.009146816105815803e-02,2.105023486341032687e-02,-7.325143122155930442e-02
-1.069384990511465100e-01,-6.234548742724655562e-02,-2.869396560407015337e-02
-7.503636049931547425e-02,3.167006647403690367e-02,2.279134152745111719e-02
-4.627376613931675348e-02,-1.193090761144235089e-02,-5.793115939173495987e-02
5.027967890928713296e-02,1.672731417631782846e-02,-8.038674085118976964e-02
1.674494197846877405e-02,6.340712278702666238e-02,4.633194302257634921e-03
-3.519272533289997951e-02,3.591468985603608194e-02,-1.272418136940060840e-02
-1.674572657283364407e-02,-1.267849618280645629e-01,1.411336278413177596e-02
-1.963590697875871802e-02,4.579866633493208383e-02,-3.694221187505489917e-02
-5.164895449250499898e-02,5.969256971581148735e-02,-1.550255330472839581e-02
-5.583246212977068662e-02,-2.084678239219822302e-03,4.875245692139596604e-02
-1.201032737334513378e-02,-1.392354641034147453e-02,-3.037196155030172026e-02
7.713577277441238667e-02,2.242502995984020642e-02,3.963995192812529156e-02
-6.736927295618396275e-03,1.418496395070039176e-02,3.741661040380261233e-02
2.964896242751493410e-02,-3.828447534128579660e-02,8.121064494156708669e-02
3.842239236165491401e-02,3.476859397269531360e-02,3.101884912453397800e-02
-4.681117405630116218e-02,-3.841938007103749136e-02,-2.076876415895709954e-02
8.126759843449311155e-03,-1.464278416478602581e-02,-2.319641128755688467e-02
9.212245324342472133e-03,6.730148612398480917e-03,3.352433409182309170e-04
2.390135701226231771e-02,-7.227424735354899023e-03,1.887420780552929653e-02
3.491204016897418716e-02,9.026655841354798079e-03,1.952749866460138858e-02
1.193421295317608974e-02,-2.272021764847948367e-03,-5.671020267052978570e-02
4.181106137573935289e-02,-1.948141064722241911e-03,2.927900999460904957e-02
-2.909697876901999603e-02,-9.284874564013752274e-02,3.294438303671532483e-04
2.573188319425238554e-02,-4.487452833201537039e-02,-2.683404841273460614e-02
9.544794456800119453e-02,4.907719550806210161e-03,-3.443300446351169053e-02
4.185417444865878467e-02,8.257500171088222665e-03,4.096012631859879266e-02
4.619433279503521068e-03,-3.531461098347417338e-02,4.452141803503045780e-02
6.315287145607076380e-02,3.333170479975140765e-02,-2.717496593149718379e-02
1.967793295413887769e-02,-1.527568849671449716e-03,1.174615997557160174e-02
-1.141692165111483914e-02,2.320652357465580531e-02,-2.768960361503862433e-03
-3.506065359779949459e-02,5.831775661269523320e-02,4.141194251086446204e-02
-4.663863832416808089e-03,-3.848237933435419422e-02,2.500462864543970959e-02
1.135922097151768765e-03,3.989997713345791452e-02,6.268544338778009317e-02
-2.505246271663981103e-02,-6.566456855819287342e-02,-8.537972324299345633e-03
-1.951940470682418270e-03,-1.112460953842622086e-02,1.484945410288782824e-02
-7.010434908389522046e-02,-3.776590856232636684e-02,-2.492875846218137875e-02
3.524775864898924138e-02,3.771582615452523379e-02,-7.366378796015558839e-03
1.188370023872472279e-02,5.077318538384792846e-04,-9.547056404728294227e-03
8.063507129367775139e-02,-3.602379462434454616e-02,7.887248446410682207e-03
-1.401816751471856616e-02,5.025614837635814652e-02,-3.326462716764760214e-02
3.949906159414503376e-02,-5.660912962556692574e-02,-5.423018307792792231e-02
-8.743048560785936577e-03,-1.517797623582231407e-02,-1.095340844333985743e-03
-4.905310973427561699e-02,1.792134504420298197e-03,-5.981611195606344189e-02
5.900777574420455057e-03,4.525938016800751945e-02,-1.702048238274197697e-02
1.329160209718440074e-02,-1.076973706534906615e-02,5.633876910044867403e-02
4.243371232467923332e-02,-4.232040143287178063e-02,2.620507407064596225e-03
1.102552097830003779e-03,-3.437113265714956956e-02,-2.809120464257452987e-02
-7.150416246247599805e-02,2.109179457274469247e-02,-2.556417233741675038e-02
8.075886876306979240e-03,4.281764874015492328e-02,-3.026802114735911362e-02
1.853937299986705561e-02,4.968264427961694742e-03,1.522737915468970644e-02
-3.450965418719703637e-02,3.077936492488604625e-02,8.570734289386637561e-02
-9.948922238497397846e-03,3.053317738846366217e-02,2.598768638975419709e-02
2.354443538388396526e-02,8.457094195829880159e-03,1.307439859246952579e-02
-5.680414097504435378e-02,-2.123483162302840579e-02,-2.935643159219191150e-03
-3.010110151914107898e-02,3.755785567179055484e-02,3.743064881001675632e-03
5.507956354461603782e-03,1.682274988296884877e-02,-3.018463338544307567e-02
3.066265243508643074e-02,-7.143246378035116029e-02,-6.072592401651610156e-02
-4.039733649791805992e-02,5.198837959724503938e-02,-4.661468513003855924e-02
-8.189499164863306424e-02,-2.840273603997986538e-03,-4.003561046025368164e-02
-2.585069976536544592e-02,6.486064113312739465e-02,-1.868495446825639214e-02
-2.399228511070584935e-02,4.084088656367945019e-02,5.849003501921958004e-02
4.493103668040929893e-02,-1.350761581046341919e-02,3.189775390021527823e-02
-3.432763735711664294e-02,-5.646418306722619795e-02,-2.711986973345844806e-02
-3.465224243859921227e-02,4.148898108926894757e-02,2.456519313008089303e-02
3.045297555757517372e-02,-2.836017961494111464e-02,-5.028123745927912981e-04
-5.163042092712402664e-02,-2.883769483026805622e-02,-3.726185533145313922e-02
-2.738316871400938574e-02,-7.961122469090611137e-03,8.995740516502587214e-02
-8.632043339397888967e-03,-1.272432911126783646e-02,-3.045589467529340351e-03
4.317298391023392801e-02,6.429673701750575343e-02,-6.663146109377991906e-03
-6.113222949101881215e-02,-6.832559131760408688e-02,4.875106821145054614e-02
-5.418792574067431145e-02,-8.595318834609473602e-02,-2.721399558737843533e-02
7.809056764423506769e-02,-3.428964240321373536e-02,3.237053417550529721e-02
-1.926476751307253793e-02,-8.873900311300853688e-03,1.141732635667922066e-03
-3.591466246161049286e-02,-4.018935413944808160e-02,-1.152106627766784526e-02
-6.476398599228487540e-02,-7.642566713147239121e-02,-4.257115684742828615e-02
1.209168680641164832e-02,2.051194633139834939e-02,-3.807474868721699018e-02
-8.699503706778790799e-03,-4.906286073449750429e-02,3.322037552411523376e-02
6.114024577273883231e-03,7.739627211972319697e-03,-6.009640667946015286e-02
-2.539306727854797469e-02,3.797836862330614127e-02,-2.050248956070294462e-02
-5.327444542462050903e-02,8.636002034285829645e-03,1.459604195435118372e-02
-2.116086996485302615e-02,-4.002745305711580964e-02,-4.821463344854198807e-03
1.941126125237204554e-03,5.057597049471755646e-02,3.896737192710074404e-02
1.094504922292324073e-02,-6.148415083078726147e-03,1.418807263151871008e-02
4.596833354947993389e-02,9.190051580807456766e-02,-5.278292363707816348e-02
-2.208956901188380631e-02,-2.141951655610298613e-02,4.527630421473740827e-03
-2.834385726071451603e-02,2.486975848644036591e-02,1.529089122593224777e-02
-8.948969045647871268e-02,7.929231665181805597e-03,3.221128770416559900e-02
5.075339210749557628e-02,9.338751609289441813e-02,2.965488293305785540e-03
-6.748238643256461444e-02,5.231939580849211818e-02,-4.501658808145939800e-02
6.522191033602174615e-02,-6.820807153913435728e-02,-6.512561265210854711e-02
-1.416219974178101471e-01,5.379419349167534337e-02,2.308328857394178341e-02
8.123155621316301145e-02,-3.749088267370093847e-02,-3.398929839852404822e-02
-2.934522051898743808e-02,5.424823682487644322e-02,1.474004704461899691e-02
1.404123934904160861e-02,9.366768755367885224e-02,9.716057634718975461e-03
9.719308750857931500e-02,-3.682072027917004248e-02,-4.466602925115787000e-03
4.736853201230746546e-02,2.838172289513778146e-02,7.408649562518168641e-02
4.755645980379290955e-02,-4.431516465729105902e-02,2.018155923402852048e-02
-6.078208183860717845e-02,3.134941343259166346e-03,4.538255603725066534e-02
-7.884897162095258960e-04,-1.210907749871501481e-02,8.676054839330425705e-02
-4.619756894213648823e-02,-2.195718454860471486e-02,1.770818277592548992e-02
2.323692457221490648e-02,4.107266344382461826e-02,-4.847256514923461990e-02
2.457121676994480572e-02,-9.553426314370089267e-03,2.793668089609313218e-02
-3.655302701489537148e-02,-3.975592645182458862e-02,2.409214316098904490e-02
8.683146179652075081e-02,-3.914903063993018656e-02,-6.006522981588410803e-02
-1.523459741286369538e-03,-3.948426218174195396e-02,-2.088263021459884142e-02
4.878897435992083677e-03,-1.895227063096770886e-02,-8.870816235607696665e-02
4.793258202044095757e-03,2.691869924575061856e-02,-3.809931746191316110e-02
5.063787395707840255e-02,-1.687705647201758960e-02,1.351779353067099863e-02
5.855185203023925700e-02,-1.030028877403130552e-02,-2.162215388064456321e-03
5.254566561713908124e-02,-7.390240891769074560e-02,3.529681236777065800e-02
4.568136234434788841e-03,-1.661043028581783015e-02,-6.000403789916181757e-02
6.029040111344848712e-02,-6.807674675918840013e-02,1.190553386822826819e-02
3.268267820224222270e-02,-6.275974187269756479e-07,-2.255114687905945478e-02
-3.094855772614420533e-02,-2.490937236494965290e-02,3.214354866845820641e-02
-7.339974915557367918e-02,1.584739227218305091e-03,1.346592648722489023e-02
2.976395470437909890e-02,-5.399914674154742550e-02,-6.443675179453453236e-03
-5.854760870541447088e-02,-2.117654656075909636e-02,8.884775765841467637e-03
2.501164001586030777e-02,-3.842636513197156267e-02,-1.647159660381073559e-02
-5.067344356877227091e-02,-2.364863018125318989e-02,-4.073330992910906279e-02
-7.595681315090022090e-02,-7.318012539131087124e-02,-8.804247857638905495e-03
3.450060013648652280e-02,9.145941471773556819e-02,-6.034764075348391342e-04
5.390881571515115933e-02,-3.044572599603614926e-02,-2.668969646516675814e-02
2.478099163641910019e-02,-8.583694017319588908e-04,1.557442335139465860e-02
4.510735268555460947e-03,1.046285669413615609e-02,4.599288473531339821e-02
-3.487088817674938168e-02,2.201143467056322980e-02,2.473030083918478436e-02
-7.321970471350318366e-02,-1.019128850601638964e-01,-1.891032964077974093e-03
9.816583372997197618e-03,-1.370242324284594582e-01,6.392750592092882878e-02
3.135235049427086140e-02,-2.235553963350593934e-02,-4.331347239309306374e-02
-5.613149369105058240e-02,8.348464989322871774e-03,-1.126870304760519206e-03
1.155043271284167221e-02,-5.042601096449275504e-03,4.321434888694798693e-02
1.627364494489700469e-02,-8.783071795405703042e-03,-3.083683945940458512e-02
2.147411471603976468e-02,-6.322724617349434473e-02,-5.226834832256266154e-03
2.735831195869222951e-03,-5.683800951058656445e-03,-5.124029488188161507e-02
3.890298090286147415e-03,2.198790935714161829e-02,9.581043782563643252e-03
-5.672196052233366426e-02,-1.274568772078359807e-03,-2.852350373512967108e-02
3.405506757775116772e-02,3.669958992352118782e-02,-5.895018477000864981e-02
-5.270235858136991872e-03,-1.845215951240998520e-02,-2.252878325417686720e-02
4.103197419001899243e-02,3.512841620991187519e-02,2.812751573677348474e-02
4.378671229370589141e-03,-4.543137012378693079e-02,2.157876499923734592e-02
1.303057418308101352e-02,-7.301206326868909732e-03,-1.098173903154195212e-02
2.962278082350202832e-02,-5.679629650330388774e-02,-1.327806055013480702e-02
3.559856075096732436e-02,-7.974308010855865603e-02,-1.072680693171183634e-02
6.623460222453750323e-02,4.830800039454932922e-03,5.003212442803699894e-02
-3.208150738691580017e-02,8.374354320232341164e-04,1.760248722634364521e-02
2.648795386073854799e-02,5.349339380330721955e-02,-8.879800915642507841e-02
6.336165671648061326e-02,3.958855072947757570e-02,-2.551218111364475169e-02
-1.886803546123577008e-02,-7.885830609289601334e-02,5.192473933529623970e-02
5.638556388083372506e-02,3.307653552166539557e-02,1.981525673122075740e-02
-1.766401437121358766e-03,-1.803475351926648804e-02,-2.648067927689012196e-02
6.080028075991104203e-02,-1.631214984935830392e-02,-5.206103603488997783e-02
-3.780795957888370001e-02,-1.663503927162443205e-02,1.281308513256416808e-02
8.759704158319681078e-02,-1.404547935368684157e-02,-1.301431076964207692e-02
-6.521196851979534082e-02,-1.178491752382103269e-01,4.642120530727235350e-02
-7.933385239685774096e-03,7.102573126107906976e-02,5.713234391375341531e-02
-6.100409161591130447e-02,-8.072878708576007242e-03,1.411505906157462485e-02
4.923748484660143282e-02,7.027788441654178597e-03,-9.061897568708504949e-03
7.625513066026011477e-02,-3.511164019900527705e-02,4.335929453060236027e-02
1.460889196779059564e-03,4.386112391178932646e-02,-3.963994864209695324e-02
-2.073482269062093541e-02,-7.374022463344970246e-02,-7.794173268353574331e-03
5.904048684037014466e-02,-1.120311160747948682e-02,-5.868054279160459658e-02
4.871618789821015316e-02,1.714116349463001149e-02,-3.076051835034140924e-02
8.692021055424134501e-02,3.702226811871953127e-02,1.354255825776391232e-03
-2.941458891292500488e-02,4.498142342424943374e-02,-3.398882190853104793e-03
2.665442560771068975e-02,-3.507346228565539487e-02,-4.861526884425274031e-03
-4.309555776976485564e-02,5.875865158242361136e-03,-2.145638615668334949e-03
-3.282869487307826101e-02,-1.879618682593668655e-02,3.785545080447185601e-02
9.571221021916929972e-02,-2.323940387929090273e-02,-1.250758891649899826e-02
4.904464834204919077e-02,2.555069288600406250e-03,-5.804163787783108569e-02
1.075709117420648939e-02,5.951019549532889780e-02,-2.954274695817193236e-02
-2.513225189132706899e-02,-7.732428390622149428e-02,5.567785291802537090e-02
-5.088096318938479384e-02,-2.643494322198754534e-02,4.238120668139451486e-02
-4.339977837171132835e-02,-2.173091048314368043e-02,7.678621709339652178e-03
-7.386862814093547724e-02,-1.155343599505177787e-03,-1.922798289366517074e-02
8.228870761684140001e-02,4.809161459676114178e-03,5.835548215224357904e-02
3.727835221989604653e-02,-7.160634449412119074e-02,-7.655916564368188057e-03
-3.597250270814162515e-03,-3.375975321245396760e-02,1.517835959874014838e-02
6.621084905993245874e-03,6.609894195000860784e-02,-1.199366372870021985e-02
-1.801083433255942778e-02,6.226936819781795501e-02,-2.708295866562789381e-02
2.920746163831239306e-02,-8.532517306767516130e-02,3.206749507784213693e-02
6.400151487869037981e-02,-5.726654897999320162e-03,3.265891582046664271e-02
-2.192099963770904880e-02,-5.267860004951193525e-02,-3.374797271979746143e-03
-2.922113526413708598e-02,2.395686449409262578e-02,-3.362489407781104472e-02
6.952003023673539173e-02,1.016506134561168395e-01,-4.759926482861913909e-03
-2.644189509803814703e-02,-4.125699766941590824e-02,-7.445916701751119360e-02
-3.726062894509866996e-02,7.530712453536390905e-02,-1.647164602676682091e-02
3.281183131120228580e-02,-4.495862907530213948e-02,-6.014773122654269027e-02
-2.143067289488143068e-02,4.346322019715681551e-02,-2.112105335140534654e-03
5.090725768336747115e-02,4.365302424643110329e-02,-7.965862490672617757e-02
-9.442192570905047488e-02,7.781874100876495781e-02,-5.164990998573235070e-02
-1.067194415296115750e-01,-7.524883495281357165e-03,-1.277534839663796787e-02
2.106647477597453893e-03,6.641383070943597533e-02,3.153820159839676451e-02
-1.635358710842277352e-02,8.309856537555089864e-03,4.233380560777132151e-02
-5.047260767141055482e-02,-1.073959663401920506e-01,-9.502957090184964558e-04
3.689417092966872092e-02,-1.845593460799093213e-02,3.904880586107364188e-02
-1.703734385510423388e-02,-3.961869308901903169e-02,-2.651660297960157023e-02
-8.208111284623630793e-03,-7.388487334709942927e-04,-2.800491249948876271e-02
6.251376966512872668e-02,3.824659049554319373e-02,2.780245727028869338e-02
-2.532491616242847285e-02,2.742097209819880504e-02,-1.617279754011266731e-03
-6.958824366099897185e-02,-5.589250130016929982e-03,-4.656651580663564299e-02
-6.773665503351934680e-03,5.726857140191683043e-02,1.850092300244371261e-03
8.649750805782421142e-03,3.733104591396068511e-02,-5.144050940424404333e-02
-2.140670397890485563e-02,-2.212771501163358565e-02,-6.557002134697945128e-02
-1.270260892497288366e-02,-6.833420824387559725e-03,2.459623140375969200e-02
-9.202282123348008019e-03,6.289357054900820976e-02,-2.917480577320819349e-02
7.227089790040636119e-03,-4.386868414846768066e-02,7.335943232462826700e-04
1.667236956680847107e-02,-2.671622972539050393e-03,-1.899438472056198465e-02
-1.456918469976055744e-02,5.716612395769771898e-02,3.961761181769693496e-02
7.738377889722325431e-02,4.022860443078804527e-02,-1.562898889025351318e-02
1.392299665470695530e-02,-3.167673903893295645e-02,-2.032074681634329916e-02
-1.032493485747518897e-01,-7.885253067512386360e-02,6.704102133393627372e-02
4.795815104268317391e-02,2.826056687895244987e-02,1.791990241849761301e-02
-4.904288434218317255e-02,2.484931233426414948e-02,-2.732502328846813430e-03
6.442360305655623481e-03,7.163670719821504940e-03,-7.740234103790525136e-03
-2.746555294370931627e-02,7.354284724878160096e-02,6.137395723975969802e-02
-1.587997364433382450e-02,2.749953396494061314e-02,4.336709248658590643e-02
-4.895542918938477518e-03,1.183683469972569846e-02,-4.299334336509224447e-02
4.420880592524024932e-02,-2.087536034556615808e-02,3.901848159818188666e-02
-8.462456222463062006e-02,4.231070757297315799e-02,4.832000446411572475e-02
1.182161811361460459e-02,5.383672286310466071e-02,1.687205023273773141e-02
9.709073231885088917e-02,7.422626831986165602e-03,-7.811277646240096309e-03
1.677438077988936960e-01,-1.598614233263987491e-04,9.185688994233770846e-03
-2.203011338523833476e-02,-2.518346058863143652e-02,3.551399687903248475e-02
-5.352524312792549671e-02,-2.118790455412869131e-02,4.779570511641781372e-02
-1.271748190312620846e-02,-1.526818388044143097e-02,-2.295331312609335747e-02
-3.377341346050937582e-02,3.833775791275875755e-02,-3.086301590767604949e-02
2.103866255492120585e-02,-1.136906266976032238e-03,9.834045774431504627e-03
1.357847131885203673e-01,-1.685415484660732210e-02,-2.957489818514164037e-02
-5.726761929376046958e-03,-5.687121580145809707e-02,-4.429015833516009026e-02
2.431779831486483717e-02,-1.523536306547039823e-02,-5.404934178446355909e-03
7.459103668981549584e-02,9.355626197087478502e-02,5.229508616308505692e-02
-4.503309810274502833e-02,7.448692431530520332e-03,-2.745617800113714022e-02
6.562590201900526943e-02,8.868576946306822029e-02,2.535068191032062695e-03
-2.072027719592581859e-03,-8.689843761581180544e-04,-6.994501323563540041e-02
6.474300887678476057e-02,2.759016134199742017e-03,2.744868796293045005e-02
7.586952340433399111e-02,-1.595024696151886925e-02,1.221133287922749472e-02
2.365376676073244460e-03,3.741363649603295094e-02,7.865578462060671128e-02
-1.651172904513750414e-02,6.439796452577592478e-02,-1.938001750673399052e-03
1.012840675204048635e-01,-1.190885877624170072e-02,-2.338939023783995902e-02
-4.888995078858598964e-02,3.726517884663684693e-02,-3.343305099109360884e-02
-6.853746600351313771e-03,4.830819248341769456e-02,1.984711322018240746e-03
3.698626752632575704e-02,2.535610406529261937e-02,-2.864814931799464226e-02
-2.284752593322755213e-03,6.272369706857090776e-02,-2.783675723690203982e-02
-1.408703117340466722e-02,-4.518025729129690471e-02,-4.486645810634423692e-02
-3.441721523554413381e-02,6.613770698336271514e-02,3.232878901889499942e-03
2.739798633685162216e-02,-6.340441188044510130e-03,-1.806908733486857488e-02
-5.474678433138238653e-02,5.826116406708896356e-02,-1.305825911364232039e-02
-2.214684270140375444e-02,-4.427363657265641350e-03,-4.701614176692927444e-02
-1.612162109492520186e-03,2.895408537422457587e-03,-3.335823045465566988e-02
4.545578719696358704e-03,-7.732744370906169395e-02,-2.364243195885836271e-02
-2.481977763196400316e-02,1.612782661771934925e-02,6.735925206598494808e-02
8.478311952731958090e-02,-1.599597431637902675e-02,6.203658974199669635e-03
-6.635841081868785150e-03,4.551254393776935775e-02,4.533109590328791155e-02
1.547125417715822064e-02,1.939106719754216460e-02,-1.933371259379541851e-02
4.376261282031328192e-02,2.201081662014999288e-02,-3.452382298556188472e-02
1.499564956514132762e-03,-8.803258733929607630e-03,-2.284646286365016321e-02
5.845956375303747177e-02,-5.015783223492375868e-03,3.027056870015379028e-02
4.493001462029366788e-02,8.990760391899490925e-04,-5.254238503973734237e-02
9.982165675989347273e-03,3.053168009558115611e-02,-1.899393135720335991e-04
-1.837923000339673762e-02,-4.398404391327829155e-04,-1.403431318856891014e-02
3.773075279232441376e-02,-1.213083713115380331e-02,2.367131853760408994e-02
6.653059661084824265e-03,-2.046514692168412836e-02,4.834083932346634749e-02
4.661112698505403412e-02,6.151550758711111719e-03,-4.395039729822921605e-03
4.138273982159124120e-02,-2.813152082665202822e-02,-1.075812129386825855e-02
-1.399576151708057390e-03,-2.512564829592537838e-02,5.727485131790981121e-02
-8.310081682656334651e-03,-2.394474269764607435e-02,8.297852760902805699e-03
3.391288596861146559e-02,7.393883980942508177e-03,9.340825084372547660e-02
-2.780130376406143855e-02,2.206550014195595918e-02,-5.799015312523591453e-02
-3.013414428145292506e-02,-1.616528714050055604e-02,2.854610790190671710e-02
4.178388664838730837e-02,-5.455035831339906209e-03,3.064709641704889756e-02
2.194145408528797372e-02,9.435722926811860450e-03,4.156705155618504316e-02
1.497512863742313412e-02,-4.584309260140202735e-02,6.137839668501859219e-02
-1.531683131033807418e-02,7.683318096354342652e-02,5.161865261137497940e-02
4.157742082581427495e-02,-3.074730625982236010e-02,-3.912791903844424317e-03
8.543348213424313553e-02,1.492358709473912831e-02,1.915564490379425763e-02
-2.520643062882245086e-02,-1.068981311392871222e-03,-3.112401710918158426e-02
-3.686510667726566881e-02,5.093778768611368496e-02,-2.251873702902739555e-02
-3.763977504126200802e-02,1.364840041937217564e-03,-2.693934598753736434e-02
-4.596761300271498540e-02,3.423230875725106342e-03,4.893630998923531941e-03
3.083902802559645995e-02,-2.521072414021952729e-02,4.326830363748397222e-04
1.954167132810547339e-02,-5.281957329342269747e-02,1.073816895616461035e-02
5.999770969622995886e-02,-7.249418848507979685e-02,1.332598655574845914e-02
7.593828633696473283e-03,6.687592616474427598e-02,-1.613054965223166548e-02
-5.488293127846959052e-02,-1.599794466820068928e-02,7.475290870910906993e-02
-4.764104435089876188e-02,-4.658588527515055908e-03,-9.005840755285801982e-03
7.241012364300524438e-03,2.890229084147056399e-02,3.219733206041511253e-02
-9.522067398090411708e-03,2.995084262351584148e-02,3.981198573788254785e-02
1.324324457926622824e-02,7.612209367829958495e-02,1.138567364601495574e-02
-3.401370898540425486e-02,3.628524931900822814e-02,3.306862646019452599e-03
3.119690692467554441e-02,5.283120628197578855e-02,-3.071275806747520223e-02
-5.570411589173008930e-03,3.827638488751392010e-02,3.960503671285266203e-02
-1.554571861328480319e-02,3.021531627853468738e-02,-6.111965623237419765e-02
2.649931275836281408e-02,-4.867270895744489796e-03,-4.061579292645247502e-02
-3.887217993682764994e-02,4.097324252438005326e-02,3.141293260387929831e-02
-1.175661279624515797e-02,3.420998054414894907e-02,-1.025727272861053085e-02
-6.397568849167318834e-05,-2.497252796660309748e-02,6.765923502511703332e-03
-8.129812957257449846e-02,7.338566123288679105e-03,-2.026441782161679528e-02
-3.151129940311027389e-02,-3.765093232365841758e-02,3.173313545681812758e-02
7.694283550365704771e-02,5.294017597107576051e-02,3.286890101509123280e-02
-4.180449427208732249e-02,-2.003202453032561919e-02,-1.339224227481122971e-02
4.431837567639405895e-02,1.417621752130021444e-02,-3.755674357554877191e-02
4.460655343992883659e-02,-6.000340241275520931e-02,-4.688609637285765658e-02
3.602816165664071701e-02,3.264995285896883648e-02,8.405091388129054542e-02
2.212140241215708458e-03,4.246842999290897924e-02,1.915419203112277147e-02
-8.087115569982390034e-03,2.239688258402659088e-02,-8.953725498359182966e-03
-6.564903605277762344e-02,-1.232950117466715886e-02,-2.032996921267803125e-02
6.504369517115562993e-02,6.789302553849244776e-03,4.105188216731719963e-02
-8.497720729552743490e-02,1.234617876248604931e-02,-5.278172061207509619e-02
-6.031363706727078250e-02,2.533869785648943523e-02,-5.455534866647179099e-02
2.890749699035684989e-02,-2.231083031821921858e-02,2.478751615289025850e-02
4.386494483421142510e-02,-4.736848337916133023e-02,5.798269544260043623e-02
7.193730379562122967e-02,-6.815437447431434148e-02,-2.210129411121759119e-02
1.112545800323354664e-02,8.039816688322606875e-02,-2.569809882891341962e-02
1.439835331930345262e-02,1.206705791139373041e-02,-6.269214636035459753e-02
5.464945586278011080e-02,-1.840574168911488645e-02,1.199612014088436047e-02
-6.908826418851198026e-02,-1.417270901759642293e-02,-5.885101153193261075e-02
6.335684484611099621e-02,9.189531416617151499e-04,-5.466094453596393420e-03
4.323156939590466763e-02,4.308461369362201476e-02,2.845706542961097194e-02
2.169970612738080992e-02,1.430050036982719736e-02,4.472101649424888720e-02
-2.766303112199381201e-03,6.200552112432680674e-02,-4.326718520303882848e-02
-3.830376576645017073e-02,-1.665689286661163615e-02,-3.161768280454241298e-02
-4.671918431142528527e-03,-3.058085090404211517e-02,-6.839816800563222610e-02
-3.531144786661646190e-02,-3.035830837530490052e-03,5.440228202291400722e-02
-3.539277802909838316e-02,1.122114118937483362e-01,4.528628027966861286e-02
-3.389164631034953523e-02,-4.253219901549450122e-02,7.310888633763748534e-02
3.008113972021583815e-02,2.516690686433553301e-02,1.722283740810076971e-02
-8.957313874401481510e-03,-4.230056161244026211e-03,-3.157228425317167020e-02
5.639014385301286542e-02,-1.510337854905535737e-02,1.774115296154669605e-02
7.487478998699984359e-03,-4.178751980615413170e-02,8.236700043401111448e-02
4.106620943043372968e-02,-5.158820603370013747e-02,-4.283476865114597618e-03
5.167553876351656250e-03,1.915639671924054821e-02,-6.277142609985751631e-02
5.510226001258876349e-02,-1.010965415919053700e-01,4.323849904087788409e-02
1.521897348435169439e-02,1.181530233647658662e-01,4.639992104669731637e-02
-4.584644340939731527e-02,1.334714942915700246e-02,-2.321412884199221954e-02
4.882806031598532076e-02,2.208140384634235676e-02,2.362388807917497821e-02
-4.926796339237702466e-02,4.798090346202726897e-02,1.887818594212876955e-02
-1.172572372113345369e-02,-2.881129782192129452e-02,3.342184002932292643e-03
-4.470771499470359983e-02,-9.268839035785136904e-02,3.171149421905872234e-02
-2.173462787350515651e-03,-6.359000091653062292e-02,1.486745016560260535e-02
4.796422650110609975e-02,4.569433257435412399e-02,6.800584302775644630e-02
-1.215340590983168267e-01,-4.790207979379699360e-02,5.562793945625457009e-02
2.796717754792873382e-03,-9.855484869471134272e-04,-9.719612461899854172e-03
-4.605333389936994842e-02,-3.547540163590617163e-02,-1.968159482256088069e-02
-1.416390975580475095e-02,5.986886113607596711e-03,-1.212638611642305984e-02
1.350182443305858113e-02,-7.926783132584361638e-03,4.198727922086248690e-03
8.391576006709514438e-03,6.803305077424112723e-02,-2.234139925860486806e-02
5.713469228899790281e-03,2.440484835237476113e-02,1.194296122166793317e-01
-9.681117268287595199e-04,-2.884148844772674888e-04,7.802394243853240374e-03
-3.080580030035557845e-02,-5.775541683752616340e-02,1.383345686787329672e-02
5.132024703146762651e-02,-1.620648531407240661e-02,-2.549145755761384954e-03
5.221648808391899516e-02,5.444110025157410798e-02,1.820822496630423656e-02
1.650153050857147696e-02,-5.844383412855953808e-02,5.266299306589642543e-02
-1.708782534457436650e-02,-8.018562077461360155e-03,-8.304583665506379275e-02
5.114920550700115948e-02,-3.527881445093064561e-02,6.298470426213310935e-02
1.889925177996382155e-02,-8.234053007830408055e-02,-1.876842434077610755e-02
7.338077523212302444e-02,6.482623027503446600e-02,5.937317188466378903e-02
-4.858723688421314607e-02,-2.920505686963819486e-02,4.152763850813606661e-02
-4.648261881630159909e-02,7.705109417108320369e-02,-8.638795813645440847e-04
6.901808330025120675e-02,-3.944644862673696989e-02,5.040336108004757343e-02
2.248918958454444381e-02,-2.310714404312894099e-02,-2.235229885917205256e-02
1.101637460487810138e-02,3.307983664969155191e-02,-2.555506575887893025e-02
-4.607339742841765062e-02,9.863436236925312434e-03,-3.973076691900286755e-02
1.734052080688500185e-03,5.375462945743293697e-02,-8.911070205039185385e-03
2.680070068623447224e-02,-6.545196249448609858e-03,-5.745642770889732714e-02
-1.182707718978965976e-02,1.828806828689617109e-02,-3.703429389155227236e-02
1.474235008884118396e-02,-1.120490667226875124e-03,7.287762182213526618e-02
-2.028276702667918679e-02,4.968637530220931797e-02,-1.401182199902788368e-02
2.395108465537884243e-02,3.918109205394978284e-02,-7.163830239795743182e-02
4.477807303850659358e-03,-5.512464328101936151e-02,-2.560181995415476697e-02
1.367178909044215566e-02,-1.419752208805425894e-03,-1.192759015239704470e-02
1.015795563989686963e-02,-1.462524561464999913e-03,3.132356423392577277e-02
-5.957910951779255004e-02,3.393832369682067696e-02,-6.767062394586270679e-02
4.968362889594056010e-03,4.179646355132932145e-03,-4.688259294878662463e-03
-5.098467165248651845e-02,-2.638607913132134941e-02,-2.572470847930456023e-02
3.748030082507011057e-02,2.828341109261012232e-02,-3.489632213589096560e-02
6.648277322520997935e-03,-9.228930025112434474e-03,-2.986892610935456757e-02
-1.118737003423652884e-02,-3.920984098194356393e-02,-3.637835006974946689e-02
-2.656817559134858411e-02,-2.433708071783596133e-02,5.861946457228998930e-02
-1.922684878162355532e-02,-2.292727086484599996e-02,-6.066934607556315195e-02
-3.634341487342883370e-02,-4.033241493811993289e-02,-8.255262574580620252e-03
1.405996380509051506e-02,-5.257955504670108055e-02,1.644466646992108830e-02
-7.375843600297653365e-04,7.652681556645898886e-02,-2.636359607805554769e-02
3.076450215455041066e-03,1.426390998394722401e-02,2.266080223222474363e-02
-5.271740038485718538e-02,-9.493850587682825873e-03,-2.546284906393608480e-02
3.449475030516544936e-04,1.015467397397626023e-02,-4.079348348183941403e-02
1.032407980866043191e-02,1.885687192026183276e-02,7.255668663262905549e-02
9.685906153648022460e-03,5.642993923799159706e-02,-4.850905198026809334e-03
-9.185136633422275043e-02,4.133056630022322042e-02,9.394192876978870593e-03
-6.351199063059405348e-02,-2.904028138381544930e-02,-3.876855428214098787e-02
3.763883925738069347e-02,6.003535314636646719e-02,-4.473019285774638976e-02
-7.005094979622825124e-02,-1.597763976851469814e-02,-3.984676130263448829e-03
2.984409659237765786e-02,5.405757255914796916e-02,-2.642288034099590788e-02
1.399484819285024472e-03,1.226539047351166319e-02,5.531851829651091923e-04
-8.444852829600897615e-03,-3.144396946299733014e-02,-2.990355486025772502e-02
1.733843728239602491e-02,1.112877711337064909e-02,-5.129399972364003663e-02
1.703347991859325769e-02,-2.444919045254832259e-03,3.217331729282171121e-02
-3.691294598721980846e-02,-1.052750859996078731e-02,2.250240683957042964e-02
1.164817269763119070e-02,2.144346580929372414e-02,-4.171719545474884827e-02
-4.418782871722419514e-02,-5.422425966317149376e-02,-3.729779248100377476e-02
4.041872371768888417e-02,-2.492131252958218815e-02,6.355876621205683308e-02
-2.518711644036834493e-02,4.290481385015902649e-02,-3.648939895843417852e-02
8.017353765007270705e-03,-2.387665496255832187e-03,-8.310679930026401013e-03
-6.037173596799187171e-03,1.865391387848554933e-02,8.824559351901444665e-03
2.362759508930374272e-02,2.341416691274303755e-02,-1.474889300687105657e-02
-1.009535429551093252e-03,-7.443940865214042357e-02,-3.633174126817463601e-02
3.954274024254804398e-02,2.070240800968507766e-02,2.519150258110942550e-02
2.584191804276028681e-02,-6.137386674616460147e-02,4.967653928753149040e-02
-5.743744598472321633e-02,-2.178049593966435021e-02,2.219043640592112746e-02
2.752193810724565259e-02,7.861697367344079590e-03,-1.393768526127508664e-02
-4.654361061344520351e-02,-5.575157006854438747e-04,5.877908877818646682e-02
5.826243485401284838e-02,6.131888499721949159e-02,-8.253768195075891073e-03
-4.648026640759897812e-03,3.584143574889184225e-02,-4.954491259037525214e-02
4.339860346579657580e-02,1.305078262669666887e-02,-3.396457285731500908e-02
-3.710467965975044330e-02,-6.367252647027180079e-02,-3.008271880463725054e-02
-3.488262045826816954e-02,-2.535435955936932509e-02,-3.053126438448903676e-02
1.379854111015372913e-02,-2.265375712906262523e-02,-3.745004939461213378e-02
7.327105771255461308e-02,2.609791598813436531e-03,-2.010792286681339566e-02
-2.080869088776593490e-02,2.949329843428253120e-02,-3.681111556232874449e-02
-7.448402043736006284e-02,6.104143220748763088e-02,-2.069371614059773226e-02
-8.854979800574430335e-03,2.031338298028156561e-02,-1.409070881508242903e-02
4.419158003780178368e-02,-4.722778968880955025e-02,5.431973887563985165e-02
6.748891835853532140e-02,-6.964161508474894791e-02,2.529704386028147275e-02
-6.195471547444481031e-02,2.118096413696270858e-02,4.580306214844456769e-02
1.307308967511743893e-02,2.620956266685477848e-02,3.232525894128274874e-02
4.130422000703068419e-02,1.900030640978165111e-02,2.255346904553273083e-03
-7.168831784676509174e-03,-5.263973343776557484e-02,-1.057684288746757115e-02
-1.316389320577027351e-02,6.984672620271413154e-03,-4.375688253754957818e-02
4.998061952586026896e-02,-6.356125677863304346e-02,7.891846883709017959e-04
8.377968415622889797e-02,2.476041060826275619e-02,-6.143498069871346397e-03
4.648106282331934680e-02,2.226475447430250471e-02,-2.875485962070527951e-02
6.745849248108787277e-02,-2.753653272461923859e-02,-3.565332724710806866e-02
-4.823961871603149598e-02,9.141409664122664494e-03,-2.240980638566909128e-02
-1.024742287133407863e-02,-7.547672612391732004e-03,1.665199672902557132e-02
3.525084064189218380e-02,1.433640575719910722e-02,6.166269811186437730e-03
-6.796774032835938006e-02,6.135460184450291371e-02,6.312266997940714497e-02
2.644209874182561746e-04,4.062425297767136706e-02,7.837191111901339879e-02
-8.730003175595875409e-02,-6.581225147241237527e-02,1.075033160865916139e-02
1.335956836152396750e-02,4.250674297270844865e-02,1.240319400097535801e-02
8.985630771021169139e-02,-1.422870224075113536e-02,5.306047573145910440e-02
3.862728391026943459e-02,3.257749850106212569e-02,4.888699959009947665e-02
-5.774649204219148985e-02,-3.943578361173533803e-02,9.684762272201898059e-02
-5.836894217350750702e-02,-1.630195124369291509e-02,-1.077275106446447944e-02
1.958333179990716030e-02,-5.052224050839740094e-04,4.552868399826615758e-02
8.022180331295886840e-03,3.384586335937687235e-02,-2.547202824092092976e-02
-3.956848899870461095e-02,1.140585795400787111e-01,-5.198014993078073701e-03
-1.563435744798779030e-03,1.370414279296798023e-02,-9.820014812287763267e-03
-1.633525369267355490e-02,5.916330083522575861e-02,3.815741278544170639e-02
-8.582229464644300365e-02,1.748867081077262742e-02,7.660222471968682056e-02
4.175730564928695210e-02,-6.777275527615857220e-02,-1.293913586665314079e-02
4.031409528740574622e-02,3.403691850133570840e-02,3.082923550341020477e-04
6.060263004069287723e-02,4.454045150349419946e-02,-2.597789790074017321e-02
6.044861441402552688e-02,1.537789070709522088e-02,1.852803690135465184e-02
-1.268169258161849777e-02,1.187017652112850041e-01,-5.958232592693295943e-02
3.693362119170911367e-02,-5.040717658866393502e-02,-3.530627361250952140e-02
3.871280812632232199e-02,-2.761736645224589781e-02,9.826922951324909561e-03
7.412163086055540556e-03,-3.123500125511257872e-02,5.084695400662523485e-02
-3.414972996257122778e-02,-3.226948321951501192e-02,7.661125425757100982e-02
-2.536840588696441176e-02,-1.378648534234683514e-03,3.950702538394995633e-03
4.430918060489430141e-03,1.036740353038798253e-02,7.801694936838337452e-03
1.799478967485362195e-03,8.537160289748028930e-02,3.289255007488626342e-02
-3.304045985117804590e-02,-1.385422254427102692e-02,1.257352153813102872e-03
2.123997009129758792e-02,6.816743099050259769e-02,-4.685411430192103904e-02
9.203398390664302431e-02,-7.278968345597736089e-02,1.587699891680223810e-02
-6.226256897802761453e-02,1.467693236555338634e-02,-1.974492281297901206e-02
1.890739680902593645e-02,1.645511908483770006e-02,-4.817317583585675050e-02
-6.331274518711257904e-02,2.709410559403279111e-03,6.891131421062758437e-04
6.076014598863834631e-02,-4.369228351241243036e-02,-1.374705315546607964e-02
-5.724835412079548602e-02,-7.310878416511468192e-02,-5.729204112273676708e-02
-4.683993466373223905e-03,-5.199866723100662197e-02,-3.390451576630564424e-04
2.356536632704644627e-02,1.425116607870954150e-02,-1.558067482637821421e-03
3.290621012175309196e-02,6.311469471015948574e-02,4.488431063113745151e-02
-3.138944821618245076e-03,-4.942848231837048550e-02,-2.758109945444729358e-02
1.047426291943569752e-02,1.798328490975770536e-02,-5.973304102399513982e-02
6.429357862157876469e-02,-4.610332543946205064e-02,4.135788904673887850e-02
4.304321822972111133e-02,-2.382081698067158373e-02,1.107261337763303446e-03
2.622169439477445296e-02,-2.648471113263359961e-02,-2.696289398882713989e-02
5.235976191037091526e-02,2.650035999857668773e-02,-7.384256072601679509e-03
-1.187703969148761439e-02,-6.997066814262233037e-02,-7.605966540492301031e-02
2.404813308566810734e-02,1.259134605668087437e-01,-1.251601911866768481e-02
4.236295898672688687e-02,4.341454114415538475e-03,9.127664803431513596e-02
5.383778903922205837e-03,-3.760332335257618452e-02,-2.930994780472716971e-02
-2.350160765343627806e-02,-5.040559217931362551e-02,-1.048741277964616858e-02
5.231910971871531896e-02,1.199741686061172111e-02,-6.201988698693576552e-02
8.525623438501694906e-02,4.433684361002269980e-02,-1.746348104571267268e-02
-3.616934810847702297e-02,-1.775139567887174669e-02,4.865356606130685768e-02
6.818530964251052866e-03,-3.118011232808907615e-02,-5.725259506537590248e-02
4.485777998093345986e-02,-3.887420355576273658e-03,5.072557149579242503e-02
-1.525595125033438193e-02,4.485719883617809295e-02,-1.626021136743129730e-02
-2.021597331433626007e-02,-2.845687397137242058e-02,1.679796947879448263e-02
-4.166809756737400311e-02,5.219237001493632483e-02,5.323344386538599732e-02
-3.139730701561050524e-02,3.160742622310253047e-02,-4.089600019185909985e-02
-6.495097682065328892e-02,-3.628325382090944601e-02,-6.189011843841777175e-03
-3.447597579868488804e-02,6.044946243859657814e-02,-3.622505750411923048e-02
-7.615481997191303606e-04,-3.580772396924408740e-02,-1.401189373216702241e-02
1.720343746643309552e-02,-3.691974153393599682e-03,2.530885943616164105e-02
-9.258646678797380000e-03,-1.007215049329040352e-02,-5.183459588685036118e-02
-4.960730599083365382e-03,3.093781052533214546e-02,3.427053771173772800e-02
3.111172506456445427e-02,-2.680594090080422841e-03,1.832880184296082141e-02
-5.727920586549679893e-02,9.755071692373632961e-03,-3.840142670481718618e-02
-5.951595362232675601e-02,2.048925321607978495e-02,6.261795350469669119e-02
-2.840214212622700282e-02,3.460750179221351586e-02,3.522214981991773908e-02
1.080784549540916677e-02,-3.760924694676395091e-02,-4.939562290058492622e-03
-1.927194225759073717e-02,-1.243201612214111379e-01,-4.710502157927237005e-02
2.825956191593900421e-02,-5.535393579313627882e-02,3.186839823019311374e-02
3.464063172604059382e-02,-1.474477752296019135e-02,4.157861346845454810e-03
1.220535606862167962e-03,4.204651367148953822e-02,-1.963084737652886352e-02
5.234655458263238505e-03,-2.132578902525101433e-02,4.190008024813283299e-02
2.561389194842260061e-02,-5.178953313278347736e-03,1.417101291347166135e-02
4.683911205838747760e-03,3.287718084543608116e-02,-2.301292136661371029e-02
-7.173840847052223406e-03,-2.165973948035704658e-02,-5.596453804313265140e-02
-4.648750769584777953e-02,-3.951950677827385794e-02,2.069703939244964611e-02
3.600416356279800140e-02,-4.009814131186070080e-02,3.367680574660474047e-02
6.236153776934151051e-03,-2.922124467033419652e-03,3.250472806611734433e-02
-8.171726925108119266e-02,5.857359259704242836e-03,3.199474768641356881e-02
-9.700738344094060606e-02,5.802654144363755817e-02,5.675711042136039400e-03
-3.060034803552047836e-02,-4.547230822408072221e-02,-3.849275117071798095e-03
-9.524242193320117331e-03,-1.909930388591578668e-02,4.077507350035079747e-02
1.999149089302548060e-02,5.367008962524317563e-03,-3.745407681316488980e-03
4.057753080780354682e-02,-4.265090352291942694e-02,5.713864632022515322e-02
8.048624297348171142e-03,4.546978289468738693e-02,5.172368835348089416e-02
-8.236098673924614755e-02,-3.744100769550718494e-02,-3.484016257278458456e-02
-6.580123222449357767e-03,-5.938878051958273313e-02,-6.106111491070861236e-02
1.749945058115478028e-02,-1.475913972036708988e-02,-2.643979444354575825e-02
-2.424397808698256634e-02,-2.074064413528713471e-02,-1.112195284750774546e-02
3.210468923951712711e-02,1.414634940996151863e-02,-1.079760406942744527e-01
3.592872361295212924e-02,-2.952138026855752675e-02,2.221805043410884570e-02
1.197308711007329107e-02,-3.263222816217933170e-02,2.020640553552378524e-02
3.845174215690931596e-02,6.447718852441672310e-02,-3.580247700992283261e-02
5.637213435631021480e-02,-1.994024913536890722e-03,-5.649842064042424894e-02
-3.639830467725713864e-02,-9.485292938817459218e-02,-6.976035100544826159e-03
-1.743531967365679822e-02,3.915533335862745289e-03,3.372966477915669004e-02
1.775936660018612515e-02,3.822621469674284539e-02,4.430007027656670399e-02
8.746062259148838780e-02,3.300691043720792306e-02,4.224602673708949957e-02
-2.144578550757763463e-03,4.028506760719420890e-04,-2.260756266626352123e-03
-2.868904793298670056e-03,9.371198547860094819e-02,1.192520962371429807e-03
-2.058622141262360025e-02,-3.332943855379291026e-02,-3.051185221280927617e-02
1.316070804229324542e-02,-8.222149553765786822e-02,-1.206392954362819729e-02
-1.910812085148597475e-02,1.196558642643917938e-02,2.083643776648718207e-02
1.204771476842042381e-02,-3.195612040459363742e-03,8.404284888742610815e-02
-3.650280000741205899e-02,-4.751737060240380367e-02,4.732044350212281231e-02
-9.226800578202156572e-03,-4.976122517826907926e-02,-8.171504274002522328e-02
-4.663806449650198527e-02,-3.981753814709053374e-02,-4.298194966810980205e-02
-1.413631843507517569e-03,3.664768071171050495e-02,1.596063874132119462e-02
3.853312136011044498e-02,9.195989409254106198e-03,-1.279744837576430976e-02
1.214664509047798900e-02,2.708714579683429990e-02,-6.684009039695974763e-02
9.272239634636667005e-02,3.635876723129067428e-02,-1.205619896349040612e-02
-6.111358199046152719e-03,-1.309086123389949403e-02,5.361459977888315132e-02
-3.339236949440517466e-02,4.280190047641273948e-02,2.907090051491948574e-02
-3.840926657813178297e-02,4.714979396938318718e-02,1.828772181954029527e-03
-1.454851922084723047e-02,3.799829789033915689e-02,-1.846859543818677590e-02
-2.314893254918594032e-02,-1.325577933382045444e-02,6.538374410816055748e-02
1.659003189340654827e-02,2.355160582439015313e-02,-6.575297655443410050e-02
2.895898376232656016e-02,-6.526402727931371155e-03,4.313768559378377415e-02
-5.941080708066366449e-03,-2.523720062212339577e-02,5.047054860189727904e-02
-1.118530805663985571e-02,-4.256438941931414699e-02,-2.497261009715878374e-02
5.640036366120063094e-02,-4.233688767108587797e-03,4.337616910624152167e-02
4.859944631656564623e-02,6.997218507581441649e-03,7.181394586473269920e-03
-1.961083956388621694e-03,-3.685052035795303646e-03,2.529358289690428890e-02
-2.335221053804910699e-02,9.703027349781508104e-02,6.074650630252539235e-02
-3.170338280557886274e-02,-7.921249679916105013e-02,5.906636780047012925e-02
5.580122271557769881e-02,-4.343387153575069964e-02,7.437573806493253531e-03
-8.239356992139110214e-03,-3.928081844486641661e-02,-5.580727500780749070e-03
6.240022913772334812e-02,9.299705098829253933e-03,1.170206202798253041e-02
-1.449782794335534655e-02,2.706922399368709431e-02,-6.608010100483480143e-02
-3.955304897568350138e-03,2.995966962799554920e-02,9.061749705320766221e-03
-2.016029068627073499e-04,-5.543649224698275063e-02,-2.494667736592772952e-02
5.737831781862724745e-02,-4.515610795099585933e-02,3.388070726211568628e-02
7.809508297340805871e-02,-2.436430312866910003e-02,-1.933696201110029003e-02
-4.719814743871387358e-03,-4.304627196037578291e-02,2.213996988797065774e-02
-6.663044408813845534e-03,-6.301049566467106788e-02,2.853312386929113958e-02
1.572957752680278695e-02,-2.421581913226672142e-02,-4.456024878322917965e-02
-2.843086023097200418e-02,-1.265925423551306495e-01,5.678601455979775774e-03
-4.736905005464328577e-02,1.604848749440257330e-03,6.325108518447393469e-02
-5.041430825501375980e-03,-1.845506658831205446e-02,4.383523648058744449e-02
2.239573593642886929e-03,5.614298162105491041e-02,-3.747310257517853793e-02
6.279806823919692471e-02,5.303066593462065631e-02,2.208927450529430195e-02
-3.220022599974513289e-02,-3.385388039365710977e-02,-7.734710977934386444e-02
-4.941224787116711009e-02,5.515948825933612854e-02,2.754286549636121573e-02
5.827932106439432519e-02,-2.398456671215319982e-02,-2.398155643772011125e-02
-3.243450017651326039e-02,2.090917228338397271e-02,5.839325217748030789e-03
2.942874726642607033e-02,1.446519945975272697e-02,8.861912200156181474e-02
7.888986538493148251e-03,5.835546835005778199e-02,5.514851927553241981e-03
1.284638055530069531e-02,1.651540707471196856e-02,8.380250623722301784e-03
7.696447427737825031e-02,4.845418479857567517e-02,6.559974151674341156e-03
5.091136338908285042e-02,3.820886266127541953e-02,4.127493476316108217e-02
-2.801194380593417105e-02,-2.250052620730818784e-02,-7.974894917485850221e-02
-7.740570764737166043e-02,-1.843026003561804363e-02,-3.680709873817399752e-02
-9.408890276800625785e-02,-1.840796812020555756e-02,-2.854331125245504822e-02
1.339677847235176168e-02,5.096931007758664228e-02,-5.218953007125316963e-03
-6.834754845189996292e-03,2.988506102682379761e-02,5.903407978499936037e-02
-3.637854605852432893e-02,4.499662466872906413e-02,-4.576591431984571717e-02
6.908417732371197051e-02,1.533403744803066120e-02,-2.586979651749031842e-02
4.122306293104093661e-02,4.149447747299077338e-02,-5.775234807111897899e-03
1.607810846447979905e-02,-4.387472671886149395e-02,-4.837459338377051582e-02
4.651029110111778303e-02,4.123243588309655205e-02,-1.577453829063901053e-02
-4.514977459461478465e-02,3.117699299654345252e-02,2.443043063464585968e-02
-1.120476076570531797e-02,1.298133429904514864e-02,1.580528557986016908e-02
-3.429765451510813357e-02,3.618585541820298207e-02,-2.137299185885600458e-02
2.005317028585542477e-02,-2.619942177605466549e-02,-8.360708920182297055e-02
-1.352672359315996824e-02,-6.463608672129965427e-02,-3.235356480245590860e-02
-9.130889437469280612e-02,-1.899852947863858374e-02,-4.391394047323121663e-02
-5.063174387682420341e-02,1.089569846623788564e-02,-8.231634375883681298e-02
-7.400954904454355547e-03,-3.194643575859337087e-02,3.720627751821885265e-02
4.472254569810674846e-02,-3.672718533565721977e-02,-2.443204690317462777e-02
1.425127310652847708e-02,-2.366793005403388175e-02,4.718743024410143247e-03
1.434811724107809766e-03,-4.844388070507732284e-03,-1.034788526086937166e-01
1.504480230509028064e-02,-6.179661057610008265e-03,-3.330174230495169265e-04
4.224576522612876611e-02,5.100052863296093003e-02,7.057699614561340797e-03
1.120799247408696270e-01,2.046325477773736079e-02,1.921658556908670615e-02
-4.515802877572908797e-02,-3.728961231406383026e-02,-8.108508973604074133e-02
2.483712041115910402e-02,3.425195646900162927e-02,-7.002603765869598595e-02
5.122001015865557810e-02,-2.597055362092688321e-02,5.676139430980445960e-02
3.479660213108171779e-02,-2.459510430070015879e-02,3.981058898755618358e-02
-2.525191435745142293e-02,8.801328105902742061e-03,2.296324224258749786e-03
2.725747964007591007e-02,-6.046350105984916318e-02,-5.367090764934971843e-03
2.991422672960654741e-02,1.616934561202183415e-02,2.051364522313873021e-02
-3.044758479720808750e-02,-9.501050760003927620e-02,-5.819154083058806354e-03
3.362205419997517375e-02,6.564803909973317142e-02,2.757375891560643472e-02
-4.198467059852845074e-02,2.115584020102675294e-02,-1.282125636615568179e-02
1.621244036252908818e-02,-1.182866041252214964e-02,1.915775340768481258e-02
1.420084902518283475e-02,8.255137906401513806e-03,-3.408153458212663804e-04
-4.803772373443727234e-02,-4.712319503160213550e-03,4.121168681512427795e-03
-1.393865800798283101e-02,-1.296398918174786023e-03,-1.142697178650552321e-02
-6.303936384909790414e-02,-6.326467223938706669e-03,-1.310923797054086223e-02
-6.273450849270055529e-02,-1.506721912707567222e-03,-4.119811231558939690e-02
-4.683633786665770266e-02,-2.843431327002103604e-02,4.809489203267534874e-02
-5.178096687067526571e-02,-2.853300711805926634e-02,-1.984997642428940057e-02
-4.235484931448305762e-02,-4.403697185764499089e-02,8.346303219427660125e-02
3.423480932847535602e-02,-2.077979028881395823e-02,2.632757035727947403e-03
2.445543380171210507e-02,2.158913394569816555e-02,-4.905481894699844324e-03
7.249300480944470201e-03,-2.287148678026204932e-02,6.374992507910852424e-02
-7.275161088888495997e-02,-2.172627013695675041e-02,3.710745093214605494e-02
-7.133555564128555258e-03,-2.493673514488679594e-03,5.295121690058880726e-02
-4.791504435317468780e-02,4.599848142582142405e-03,-6.288567926832138062e-03
-6.082020155250619092e-02,2.671432122330666056e-03,-6.906335106031367965e-02
-5.935839969439283409e-02,4.132105509098279311e-02,-3.242846357961247372e-02
-3.182807358407713227e-02,-9.690276594206166313e-03,5.100726387745950496e-02
-3.693072590257697602e-02,-2.761679632945664153e-02,-1.988368840398460971e-02
7.516971480357126367e-02,3.468750814425475282e-02,-3.079658614331739000e-02
1.690178807259866758e-02,4.103949483520739905e-03,-1.200924419863694248e-02
1.238196391382704806e-02,6.718831423740435904e-02,9.986207377866746990e-03
1.977725433850729270e-02,1.850364164668820074e-02,-8.237476067780785671e-02
3.246940084165062662e-02,-2.441090267836321104e-02,5.919568884045205148e-02
4.635427951217085951e-02,5.888185718513713751e-02,-4.235461165866764160e-02
1.312263406109797324e-02,-1.287184395387704246e-02,4.347798585503170193e-03
2.879769856706611633e-02,-3.112350701743018047e-02,3.457185161705486620e-02
6.871831788500218363e-02,-7.375215066758647464e-02,7.181616350103395274e-02
-2.756779672421900973e-02,1.713012300863088130e-02,8.052216696482111802e-02
-4.885712285785254357e-03,7.273824274627786746e-02,1.768926120302841132e-02
-9.814898100663372454e-04,1.000583964930009707e-02,-5.777110118256147814e-02
2.613483032100392955e-02,3.222073432260219583e-02,1.855797745057549686e-02
-1.083742937762182182e-02,-6.399311928095249846e-02,-9.378794092783937497e-02
-4.086928842734514206e-02,8.461420109896954089e-02,-2.523902511337021079e-02
-1.985796731762969405e-02,3.863161606452370465e-03,3.031189068168243378e-02
7.006761060700370317e-03,3.435332552301972875e-02,-2.015798234716051698e-02
-4.779295205982501266e-02,2.676928085868619800e-03,1.497984870847099068e-02
8.328129496145497690e-02,-1.824411922215099860e-02,4.372293043944386337e-02
1.900694471756600012e-03,2.316031971985044180e-02,-3.804155255475721170e-02
-4.572490572053496821e-02,-3.182793920043557045e-02,-2.864043194105533874e-02
-1.240600418359425090e-02,3.500930006898798214e-02,4.735781776264744863e-02
-6.709241006460071877e-02,-2.635560631937729562e-02,-9.068459543883244933e-02
-3.542774379828608766e-02,3.914913897402807347e-03,-9.034739530332748167e-03
-2.531264625837086057e-02,-5.552246099837505194e-02,5.990341680567484901e-03
9.495501925726094680e-03,-4.154347568718571443e-02,-9.560153284924327241e-03
5.489965178071325863e-02,-1.391974382070123098e-02,7.704030195060099229e-02
1.064186633719015236e-02,-4.822211736284821165e-03,-1.141231028476757774e-02
-2.034459724167754155e-02,-3.101700913534223558e-02,4.097614809451217976e-02
-2.303871851015891134e-02,8.086991653338977681e-02,4.970440080846326436e-02
1.340137209169692777e-03,-2.396834470260367569e-02,4.280913078608602172e-03
1.145096678826361576e-02,1.984426247777907118e-02,-4.210464951633872271e-02
1.217269715078844045e-02,-3.093027872683642293e-02,-2.574430895786696070e-03
1.096692668204583831e-02,2.490555377437299062e-03,-1.544789598984062581e-02
-3.787792343962813335e-02,-9.817814543223887108e-03,-6.934687921731698401e-02
2.890651391303147855e-02,-5.683794524253554109e-02,6.463596922325083594e-02
3.313993122849621942e-02,-3.888721828481134235e-02,4.694020160135342623e-02
6.714048242200287842e-03,-1.867100246892577919e-02,-4.378429313456606159e-02
-4.196216752502775205e-02,-4.429609510893525726e-02,5.541889674382328990e-02
-8.575807067812706366e-03,6.379647575085211665e-03,-5.579421691496010138e-02
2.708632500273381455e-02,2.913782053270170744e-02,3.157828042697299192e-02
4.256663822333116992e-02,-1.474450990624100004e-02,-1.173969942562495643e-02
1.299999972613802637e-02,3.815960411139715514e-02,-1.599859421036798832e-02
8.819761403149335710e-02,1.605052360054178701e-02,6.432569894114834042e-02
6.817699194674142760e-02,-3.675405382581759667e-02,2.592862651436354804e-02
2.769658967667515750e-02,1.877674624445396789e-02,-3.150248397835375691e-02
-7.774551611229227333e-02,3.589071235163452073e-04,6.970430894755093310e-02
-2.892649875943346591e-02,-2.991236080263276129e-02,-1.941653431838327726e-02
-2.815298963996360967e-02,3.397767923971296844e-02,2.289612097011504283e-02
5.558080236117339534e-02,-3.844924785632760494e-02,2.725368834465514631e-02
3.691243642817507858e-02,-6.676615798262797120e-04,-2.121815189959782091e-02
4.004483600950418942e-02,1.512981200306007072e-02,-1.605513827661332084e-03
-1.832794648095156754e-03,-3.044927513687469955e-03,-5.470890286502455568e-02
1.212389939974719937e-02,-3.386404291280956103e-02,-2.206661249085328791e-02
7.103080656107535473e-02,6.936207967854978243e-03,-2.520948610501181145e-02
-8.119812820636683470e-02,-4.183891534293268828e-03,-8.648757274620466964e-03
2.500149485911815246e-03,2.532211657894104309e-02,1.038406045513690784e-02
3.439707704624643970e-03,-6.111289126820825673e-02,2.394291622215503554e-02
2.963379449573559990e-02,2.004476622842577688e-02,-6.645345848275206573e-03
1.756202819907918405e-02,-4.534382649845680041e-02,3.317034921738007403e-02
6.975584521668747040e-02,-3.412902106738137376e-02,-1.232381836825136544e-02
2.773435422230377534e-02,6.835300372990528450e-02,4.277165258870520292e-02
5.446944993119694906e-02,9.069547550122929918e-04,-2.464217642328881894e-02
3.064314555825646547e-02,-1.730750239910115035e-02,-1.202151646117113476e-01
-2.495285764487992566e-02,-8.764940136524198666e-05,5.710358035260618137e-02
-8.554029654560351553e-03,-3.119316381344209785e-02,-3.582780195911622247e-03
-2.954887708847718161e-02,-3.436399043755506560e-02,3.660550200326725522e-03
3.839831088350897231e-02,5.949060689316839658e-03,-2.757272088782039207e-02
7.593038754024781720e-03,1.284403561930764701e-02,2.625085358970238175e-02
-1.016075776925305651e-02,-2.743157384810372343e-02,6.265582538844687022e-02
-1.813140983962626893e-02,-6.005361776840139471e-02,-2.245457201876517941e-02
6.524999327378108727e-02,1.498576110551225020e-02,7.110947277242286695e-03
-1.169494328894097046e-01,4.648221409245791025e-02,-2.864904160751053849e-02
4.024557458530008541e-02,-4.991452133730520102e-03,2.209211239807772065e-02
3.559200617011094858e-02,-7.127870442412583690e-03,2.763421029221046002e-02
3.582230083162558920e-02,-1.762650050102960303e-02,-1.552551992433588539e-02
-2.312901117439802867e-02,-8.177353858024616340e-02,1.339953278941453767e-03
-5.547061336863015829e-04,2.572956055871908343e-02,-4.730775799801998499e-02
-5.135206742108293669e-04,-9.522179132622750342e-02,4.754762188549836732e-02
-4.020085814804257029e-02,4.098159485929572798e-02,-5.059311818575343289e-02
6.312963114259742547e-02,-3.745547952953931503e-02,2.886813722805292234e-02
1.425774998800622383e-02,7.681656363603757420e-02,-1.436932924614526923e-02
2.173853826954043333e-02,1.662468918254423190e-04,5.040238834289296338e-02
-2.868607563473677541e-02,3.744474842517556828e-03,-1.596091347414820699e-02
2.348303887497669995e-02,7.051220516491744960e-04,2.687432530628871066e-02
-3.605999359953318550e-02,-2.078640311724597872e-02,3.944572770637988675e-03
1.624145186637031280e-02,7.541873910184218599e-02,-4.519736497551735815e-02
1.255830093040530239e-03,8.659080261167245371e-03,2.447490872983695484e-02
2.603414229046971048e-02,-3.044738808096986507e-02,9.136198195799985489e-03
-1.528560369070978454e-02,1.125133097151252357e-02,3.109425940949752006e-03
-5.014349014972530744e-02,2.796020001596869961e-02,-4.264787789926811901e-02
-8.445755379423347531e-02,-3.897708420898228325e-03,2.832123068211379532e-02
-3.304748022226930079e-03,-2.288122701935338052e-02,-1.527192907501420151e-02
8.245787892413340703e-02,6.521182144896442434e-02,-1.241808193991860050e-02
-6.868797639933192645e-02,2.439446237875279432e-03,2.244581863957399032e-02
3.059172284440716053e-02,3.649799633068936955e-02,1.958159991654442530e-02
-4.711648438894221885e-02,-4.232180106495737199e-02,5.422776112993938497e-02
4.150434205246305436e-02,-6.304124488997114861e-02,3.986096867737474320e-02
5.658046337428291467e-02,-4.491043280168057622e-02,-9.801314584274608069e-03
1.516548072904714975e-03,-1.598185923474838496e-02,-3.528068637637712252e-02
2.195393895044310539e-02,-2.990081799077605462e-02,-3.850233532744855823e-03
1.078910078745421060e-02,4.692137548064546221e-02,-2.080142303368396825e-02
7.190620440008456404e-02,-5.555657465626311076e-02,-2.391875202196883099e-02
2.919009674111736410e-02,-5.685564869717548570e-02,2.905170570323380858e-03
2.719431411809179397e-02,1.339690068693195381e-02,-3.640692352705235738e-03
-1.159323229360787431e-02,7.347532041479014342e-02,2.240320715800496812e-02
-5.053687466415005686e-02,4.492158172129535887e-03,1.539398545600152170e-04
5.508210954465238979e-02,-2.302681164832539110e-02,-5.541407079011981957e-02
-4.803302339485399607e-03,-6.138463949320240032e-02,6.864823907065985623e-03
-5.418780561722891242e-02,-1.417081551817689702e-02,-5.702101544860783272e-02
2.007221266869284315e-02,3.505442248501598745e-03,-6.841215673726087909e-02
1.740639447356117503e-02,3.140344217036961528e-03,1.952966530796918128e-03
5.440876229853935236e-02,2.286543440310531347e-02,9.748797931835466446e-03
-3.473131820932802427e-02,-3.137545550341913625e-02,5.352113362324758400e-02
2.170517430924038746e-02,2.268607396000359155e-02,-6.401043438109554895e-02
-4.334696710693920763e-02,-4.666208758552759656e-02,6.534680501332239266e-02
3.417729700384690428e-02,-3.513146307452830186e-02,7.038319858932937101e-02
-6.400812472197853209e-02,1.026708059484928576e-01,2.422688744965668245e-02
4.739083729968277675e-02,5.587280431739485159e-02,-1.444112882922822527e-02
1.221427612074371151e-02,-6.323125696199055623e-02,8.411634767324783872e-04
2.599024956411874129e-02,-2.358838137553094516e-02,7.297154847886019868e-02
1.001787104497488118e-01,-4.695664969109067735e-03,-3.192218326501614772e-02
-1.498383186107724767e-03,-6.884809105488971814e-05,1.843160047418182165e-02
-2.209283023742061175e-02,2.070398406588049023e-02,-9.718365470377610116e-02
1.955290841031509866e-02,1.068906864467617304e-02,-1.896865414933493477e-02
4.443300481438731617e-03,-4.053921813198083784e-02,-8.197264035795220893e-02
9.142340595333579845e-02,-6.904510498603294577e-02,3.033289056751085379e-04
2.664353152037943553e-02,5.408405304540791353e-02,-5.213050059153348514e-02
3.219636895917945413e-02,3.381986644163930550e-02,-4.683303183673047376e-02
-1.290700003689418396e-01,-2.446362261781252767e-02,2.882603758091424953e-02
2.609210166989857707e-02,-7.301838227862132713e-02,-3.535835893405622071e-02
1.087239924688822128e-02,-1.296290870327884703e-02,-6.610446439117725892e-02
-8.049105455136414122e-02,3.087321665159707337e-02,-2.157029067465108391e-02
-5.699152329249004140e-02,1.183710243603589181e-02,-6.571132964563153323e-02
4.187724090496666718e-02,-5.848669428308378437e-02,-3.951464749387372660e-02
-5.947535684582064969e-02,-8.644308244844307876e-03,-1.005846150657176696e-01
-4.356712721846388997e-02,8.624075865077882042e-02,-1.403253475481495982e-02
1.039353306174648460e-02,-2.150041969095622604e-02,-2.812587227831285855e-02
4.649296924962721678e-03,6.704656005402094381e-03,4.539278643458851542e-02
-1.762271207294234185e-02,-1.724717381452777268e-02,-7.368452933799506110e-02
4.951979943951869551e-02,-7.938138996849213036e-02,1.797711639791550048e-02
-2.444829146034167497e-02,-2.215888209251453203e-02,2.884234958355184897e-02
1.013306941651359594e-02,-1.265196364112074201e-02,-3.620507920870952995e-02
-4.236489294987864224e-02,3.208824751107623025e-02,-5.825059658677664981e-02
-6.337195546507156697e-03,4.499158083216704684e-02,-5.067155029741765571e-02
-6.289238946790217354e-03,-4.758289092105861401e-02,1.094233951357049123e-01
2.672578000200561549e-02,4.677210001370683129e-02,-8.880257205636156448e-03
5.521504245128849159e-02,1.520547840856728387e-02,4.784747423416903234e-02
-1.492039231782732456e-02,-1.539535319044850990e-02,4.432819711000027946e-02
6.372348659848316166e-02,-5.537444181220377987e-02,1.721091920959938806e-02
1.952559698313107925e-02,-2.516935661244282599e-02,7.904131884374364370e-02
6.162204191514879248e-02,-3.693710627790753633e-03,-2.154118428136197940e-03
2.525992095269720752e-02,-9.679396712398244396e-02,2.078351923739100993e-02
6.879755765066486450e-02,2.387172265880424527e-02,-3.705597571711823079e-02
3.287046899247941800e-02,-3.181604370334986664e-02,-1.833789945399822915e-02
3.922977807318329263e-02,-5.939781686377289954e-03,-3.933237000215841772e-02
4.688230329785980643e-02,-2.597807619242238630e-02,1.809181760754555515e-02
-8.652027973927592722e-03,3.966196460042255290e-02,2.686165097415780731e-02
-1.343952767959386181e-02,3.354055149882192999e-02,2.768256465533216332e-02
5.540724730311142460e-02,-4.492556113617109104e-02,4.872604247915483106e-02
-1.327426197967758459e-02,2.187332722413922598e-02,-1.329497177796330754e-02
1.127638575751534616e-01,-6.582511627572426582e-02,1.115760489373014176e-02
-6.455437749196854536e-02,1.912213828640524013e-02,-3.432028950186302718e-02
1.006130222884174530e-01,-8.579093420105275702e-02,-1.419481735618754493e-02
5.044263781087974380e-02,-4.336169256905862690e-02,3.911107638666841413e-02
8.112944231513070925e-02,5.206368486241198801e-02,-6.088518387461090697e-02
1.421649583371933229e-02,2.500102459798122373e-02,-4.575835326588798685e-02
-3.705525555003180010e-02,4.304899374996837974e-02,-1.392074264204542534e-02
-1.769317326707242621e-02,8.978715005761762555e-03,-5.308959914113746403e-02
-5.615224623228474987e-02,1.467330418756190337e-02,-6.281567985501351759e-02
-3.777290221764324080e-02,-3.521065073056831723e-02,6.576386097082135770e-03
5.734179319723509832e-02,-1.622534056452918511e-02,4.281245462135956775e-02
-2.958633926175785814e-02,6.481285119207087775e-02,-3.599457925911796891e-02
3.472093553262236426e-02,3.943313782489059338e-02,-1.062237848546530444e-01
1.067396193054454684e-02,-8.047756929034702994e-03,5.753723963491562225e-03
4.935469436261372828e-02,1.441646217726412146e-02,3.874041828764572537e-02
1.579377689935360790e-02,-3.436338248364956965e-02,-1.903358015013231763e-02
-6.742925717730845203e-02,1.188865216468703093e-02,-6.392879240259252693e-02
1.313329137622130244e-02,-3.694481753984697747e-02,7.426506998052499406e-03
1.511846429621583297e-02,-5.960641140489382483e-02,5.902316481294631739e-02
-4.974981830281110205e-03,-9.964268406099255002e-03,1.836506836605047988e-02
3.126632706414598367e-02,3.805080367342067449e-02,-4.361842505316902707e-02
-7.693729405307510490e-03,2.217674315623763964e-02,-4.063037912121333223e-02
3.276526476755912964e-02,1.003516650756806732e-02,-5.198641313947039745e-03
2.880859547222078786e-03,-5.847739751962888199e-02,-1.872749868721971730e-02
7.176318713528144662e-03,-3.876626660597359136e-02,4.254305080276364615e-02
2.541436434402050484e-02,2.746154273786725192e-02,6.297772742808394053e-02
8.595293068971419665e-04,-4.038004616399215943e-03,5.142120684503008118e-03
-1.087003154589893383e-01,1.853296296316326447e-02,3.290221575250684011e-02
-4.986831240229051138e-02,-3.804986642497092120e-02,-2.260375241167378660e-02
1.333140474068141099e-03,1.066271375519770442e-01,4.702509139100705116e-02
2.452187492680859074e-02,-8.622977631204183091e-02,-3.877272733799119742e-03
1.063214950085270526e-02,-2.544051289581831035e-02,3.781566969733589356e-02
2.825118614146271759e-02,7.028754273495468885e-02,4.465611056707334547e-03
-2.702500531626252089e-02,-7.344596908870467712e-03,-3.059708182081793265e-02
5.828316817577264969e-02,-1.258458551168746206e-02,-2.116622036879530974e-02
-3.425128422855676369e-02,1.069373225293789170e-01,-7.822843480367795699e-02
-3.466135920347118704e-02,2.361705905722764898e-02,-3.319917484424003001e-02
1.519491654038087475e-02,-2.482946036150773805e-02,4.860782822521367980e-02
-3.547605986124033328e-02,-2.286248947880706317e-02,5.877998239845407154e-03
-2.226610131504378962e-02,-2.793121571989501742e-02,-1.936016351824575155e-02
8.513058041078040705e-03,7.705642187800108844e-02,-4.524644206813076969e-02
3.508321718714969839e-02,3.991147391159040325e-02,3.316030639095697563e-02
-1.514871237771994901e-02,-2.254239615774196286e-03,-5.838962457133410611e-02
-4.215225396519659690e-02,-9.491114278271359228e-03,2.382020606776199742e-02
6.610859435106228310e-02,-7.473171003009481360e-03,-3.113153184043769561e-02
4.157399486019749957e-02,2.435344510052760147e-02,-1.603435211858737861e-03
-1.171047802105250682e-02,2.932218205957248108e-02,-3.867545016818892817e-02
1.711450007323904454e-02,2.673574260411849465e-02,-6.614889484292034438e-02
3.129723495357543406e-02,4.387596376912695356e-02,4.861444165610943891e-02
2.876966009059559251e-02,-1.379815265042866335e-01,-7.121876232108153085e-03
-5.581197564007365358e-02,5.944752023825843404e-03,8.707379180385279097e-03
-1.887125485911205977e-02,-5.309348206243810764e-02,2.755868488272877198e-02
7.236828841581038896e-02,3.679399261946120149e-04,1.966008148129387220e-02
-4.429519847213312517e-02,4.287352975190858451e-02,-6.025185701305516006e-03
8.122380604994770825e-02,9.745162905045066590e-03,-1.059403350450241303e-02
3.064184825326432202e-02,-2.304038412956899151e-02,-1.545230147700676730e-02
-4.834840143772620169e-02,1.900456647674440835e-02,3.583423325012601718e-02
-3.313570790836219832e-02,-3.890519815024667122e-02,3.365943614777963666e-02
1.304213597323798830e-02,-4.029008248929088348e-02,4.242699372993583018e-02
-4.471959025500051033e-02,-3.643770128253390889e-02,-1.158683303620713402e-02
-6.835203160576470982e-02,-5.209481935225682842e-02,2.740199243383815986e-02
5.549892354203252859e-02,-1.160046434936366604e-02,-1.818999483550385113e-02
2.125897772035888547e-02,8.862164256546858909e-03,4.072443327111423261e-02
6.184404201127217948e-02,-2.122005024643664264e-02,-4.193453477472756236e-02
5.600848242490285428e-02,6.269556464472435253e-02,4.383699624209484724e-02
-3.013536868415225833e-02,-3.841503114185147033e-02,-1.842812083974746176e-02
-4.099025250684251720e-02,-6.755965279405866386e-02,3.646946259113137412e-02
5.567292011866394053e-02,5.333990170844542765e-03,1.996067037442705860e-03
9.665761424980184868e-02,1.446140297284242288e-02,1.998674227594464392e-02
9.831303678144137637e-03,-6.323078049252338351e-02,-7.915533794331400252e-02
-5.996704893242859463e-02,-8.824964624727437562e-03,-2.173853241423930049e-02
-1.211329730008204285e-02,2.962022053641350655e-02,6.382229218846280187e-03
3.035609188595485633e-02,-2.208542109924264626e-02,-2.044962478983982507e-02
-6.459535968445938650e-03,4.403997618330193070e-02,3.588913197008249123e-02
-8.573233371885459475e-03,5.082803928019492129e-02,3.415017368852053814e-02
-4.527867848549563951e-02,-4.911074287674349614e-02,-6.058647871431128290e-02
3.023236507722189964e-02,3.175177589913146924e-03,-1.618641057821521359e-02
6.175781646591177454e-02,-5.486691274253397560e-02,1.248236618851684097e-03
-5.205193107764265192e-02,-9.696618210297332230e-03,-5.445355612794489097e-02
-2.396988843154744878e-02,4.743385849420769101e-02,3.450488357612033208e-02
-2.527140123714821662e-02,-1.233148410458324157e-02,-2.233953124087663042e-02
-7.902316329488550534e-03,3.460771377176912605e-02,-1.769497143949783080e-02
-1.017158224471854770e-02,2.992590055726368839e-02,7.837315330729738294e-02
-2.902529232561682285e-02,-1.335147713424917060e-01,-2.153764296448897400e-02
6.520698380875792829e-03,2.630004777106860654e-03,-1.503953526927981170e-02
-3.667033206018109615e-02,-5.822233608283444717e-02,3.689376225913667401e-02
5.707401622853628884e-03,2.860123434818483482e-02,1.752564786601971264e-02
1.304703719138634432e-03,-7.835556667206020065e-02,-7.479183611708002666e-02
-4.490583557802015069e-02,4.390532596717070662e-02,5.374052763328297094e-03
-2.636764267573945067e-02,-2.054175042317150576e-02,3.424877873816405821e-02
-2.824817882514555137e-02,-4.964862345797974724e-02,4.056291391674225755e-02
3.784777010749604959e-02,-1.028526025443338675e-02,2.650746919355776929e-02
4.440205520865343064e-02,1.374277708186213455e-02,7.732117666006707579e-02
2.927670848793997600e-03,3.520114910212172182e-02,9.531489741698411650e-03
-1.158516087015954051e-02,-2.781739218394593122e-02,5.129201894393742300e-02
6.553580933177660661e-02,-5.531173019521153089e-02,7.207963404365991603e-03
-5.092479285564520397e-02,-3.376633990128384555e-02,1.290475534765282532e-02
2.453450494996732567e-02,2.006419530804809392e-02,8.536255007116744231e-02
3.343143117892679803e-03,-4.687581602080450466e-02,6.552910578822043752e-02
-5.515695744461944494e-02,8.689691753319526979e-02,3.614666714413564824e-02
5.431578090813918291e-02,-7.116993940580636224e-02,-6.380324290818031874e-02
4.624952341142287565e-02,-5.713192954833145459e-02,1.784278528797432484e-02
-5.573862921969992973e-02,5.792780788607762577e-02,1.316186862653960683e-02
-2.260901587505266888e-02,-2.192823423085650536e-02,-6.324030634718411092e-02
1.864909074719091342e-02,-4.406283101499512342e-03,-3.349514995441903870e-02
-1.126162488361216567e-02,-3.396154937824634457e-02,-1.120004924324822723e-02
-3.815954520880735640e-02,-6.966206044115022533e-02,5.550468549949299883e-03
-4.001272160599434954e-03,-1.342542729824287677e-02,-3.854233500831190373e-02
-8.331319490616925783e-03,9.211697000229045196e-02,-3.282491067099848475e-02
-2.711108272228870963e-02,-4.501524873108884300e-02,-1.274659227530350672e-02
3.155640891103225071e-02,-7.637770974460524054e-02,4.150754106576209912e-02
-4.602943318425831848e-02,-2.142535029578849018e-03,2.437991907879970971e-02
7.692539237395995544e-02,5.638251009510619055e-02,1.545578457854376517e-02
2.410357767500219406e-02,-7.263069408661380899e-02,2.334609331768105339e-02
1.248202984390625256e-02,-2.885784557769061759e-02,-1.815373335369370802e-02
-3.234115564322555259e-02,4.746376588680566860e-02,3.484017687316594281e-02
4.686306631841824499e-02,3.010009008078449316e-02,4.630591441710808082e-02
-2.319294048698301858e-02,-2.847258410265416512e-02,-9.365085993755276408e-03
4.144948713000216195e-02,4.548470032608110947e-02,-9.783253061355216482e-03
2.675832325136369427e-02,-2.866904745842265359e-02,-5.532416824253481857e-02
-1.123918621488167839e-02,-1.427016170504686980e-02,-3.856565296477712772e-03
2.766091936030816087e-02,-2.602775357698560235e-02,-1.608301572618925368e-02
-3.676705672057489771e-02,1.949133527045779704e-02,-4.818683089133908581e-02
4.265842489014833733e-02,-8.430364574849335754e-03,1.138244909712350650e-02
-2.445613872467191849e-02,2.953638636927633648e-03,-3.379768742093474526e-02
2.816676595540652112e-02,-1.744796495172262416e-02,-9.069202401423814494e-03
-7.101218638122532532e-03,-2.838960902719717475e-02,1.855937072851539596e-02
4.066629633255289256e-02,-6.514403073191871174e-02,2.861791292690021166e-02
-1.088771174917991108e-01,3.822708309027214590e-02,7.054044345818856476e-02
1.099979684440787440e-02,1.850412165976030943e-03,-1.816125640270083164e-02
2.031081965588701216e-02,-4.392708831461722419e-02,6.893316685252157128e-03
-5.066195718002200130e-03,8.541996291776081385e-02,2.330377289024453819e-02
-8.130187793270614652e-03,2.185727802848114881e-02,-5.108520496438149344e-03
-6.363555322706655748e-02,-3.406209384310737026e-02,2.246805828509417305e-02
1.045574860141902512e-01,-2.604827692297408473e-02,6.053958528332691741e-03
-2.058956566126667401e-02,5.810029580307706637e-02,2.806131974182415542e-02
2.585927601425317551e-02,8.290802285373152780e-02,-1.565623023829620280e-03
-3.793259171528545054e-02,-2.820541082642211844e-02,-1.111003690806980498e-01
4.573431586343745109e-02,-2.794051130732050359e-02,2.470632554521940902e-02
6.200832824672666832e-02,5.275554616040970674e-02,-1.188139977308819324e-02
2.946994460072110272e-02,4.569984419989286950e-02,-8.836908246384965471e-03
-8.597797448034034951e-02,2.872959407860627840e-02,-2.216250633766192815e-02
4.287562942865877358e-02,-2.582798027954744460e-02,-3.216991430797834506e-02
3.780243690771085269e-03,-5.460026448986438768e-02,3.018460923054769665e-02
-3.109253204828270334e-02,-2.132956635267833564e-02,-4.284808891587030266e-02
8.613685983079018629e-03,2.561139293115982651e-02,1.163934261396421324e-02
2.575829980488410220e-02,-5.884010081820109650e-02,5.528615103035898135e-03
-3.414379308221664189e-02,-1.429557086190760828e-02,4.257851819134431115e-02
-7.374534642941567297e-02,-8.662751654484468142e-03,-3.053311019288476244e-02
-2.174648262017731676e-02,5.953365717972657067e-02,4.995750524622156324e-02
-4.937494635757919137e-02,-1.855990974615503997e-02,-6.645067542589554177e-02
-6.368535945373786887e-04,-7.609505731660684558e-02,1.809570151778742975e-02
-6.793035917306779192e-02,-1.384379733395734412e-02,-8.628659753640115226e-02
3.852345340101153044e-03,1.933316053451690844e-02,-2.613039034983365150e-02
6.201157192184687979e-03,-3.922293542652970783e-02,7.231166065378005769e-03
-2.691152096039561153e-02,9.237997594192040585e-03,-2.409822358214057381e-02
2.965483288614980967e-03,1.528673974303275916e-02,-1.853624641490538363e-02
-4.060544563643350702e-02,1.008856387771119439e-01,1.932239158402943371e-02
4.079576622784265166e-02,3.377186600811929451e-02,-1.143804175422663723e-02
2.393865217529997369e-02,3.491791261656524564e-02,3.192104887492663856e-02
4.287313546051060159e-02,-1.523811537351657183e-02,-2.896699864278920455e-02
1.774524059017039759e-02,7.056097037631547941e-03,-9.095033046786358405e-03
-2.973166591846074930e-02,-4.226809709460012388e-02,1.131131841102858866e-02
1.962309300650420980e-03,1.584639323078218878e-02,6.169797494393228915e-03
-1.658664539147386083e-02,3.044966054151116569e-02,3.953965487921867229e-03
3.240202259358709869e-02,-7.060653690353634049e-02,-3.793914621617056060e-02
-5.671605074832172799e-02,-9.667713783255205140e-03,8.296045504329421783e-02
-5.602711231548464232e-02,-5.697553331160982049e-04,4.460817248639164373e-02
5.137421926038442110e-02,-9.401691683099597935e-03,4.913253632451472508e-02
1.341582843049570622e-02,2.583983047442523200e-03,3.589526311857201002e-02
5.696822331398539857e-02,2.880769516078227066e-02,8.758668659675447610e-02
2.034585779129952782e-02,2.586005279039673560e-02,-1.442100711264782120e-02
2.468621329920226218e-02,9.904826591590955732e-04,-1.778854216149365272e-02
1.730601296888477358e-02,-6.707430466621845666e-02,3.771707249305366466e-02
2.672929407325335197e-02,4.499529481175454371e-02,1.209755016802137491e-02
-1.638328351549352005e-03,2.429960773885370476e-02,-1.922642726948026876e-02
-5.343583616936200403e-02,4.560161587906946812e-02,2.913039742215996902e-02
3.283697501269041558e-02,-8.118614203732378316e-04,-8.355934448841124615e-03
-7.400610930194503889e-02,-2.273759438327597939e-03,7.859862921865051755e-02
2.046266146054518190e-02,1.684850131071112186e-02,6.837780744437547964e-03
-6.123090701772578720e-02,1.034184295116965802e-01,-1.117567237521149281e-01
-5.935589496744463067e-02,-4.949701094848157901e-03,3.590128565207705708e-02
4.378330380408711198e-02,-2.141744004748468225e-02,-3.254118872465705525e-02
4.432303120602257979e-02,-1.384148813979262961e-02,6.887018768798000047e-03
-1.647211737875299911e-02,4.293999954607530256e-02,-3.804141644979562586e-02
-6.683070546213460035e-03,-5.198567151988139380e-03,-5.520251647547567975e-02
-7.193818825617341595e-02,9.964915071292044721e-03,2.673504784612642723e-02
-3.914377935295973443e-02,7.323053309346286288e-02,4.555322137538365262e-02
9.552722043693786039e-03,3.708289831849993431e-03,1.739044232771519774e-02
-4.809860549081292763e-02,2.902828511279376481e-02,-3.685333544718456117e-02
-3.999181451935323456e-02,4.592145237996293067e-02,6.393709793485304049e-02
-2.308594057523310691e-02,-1.790734238222619137e-02,8.644040556973194012e-02
-3.215576060213598368e-03,3.685754105194485354e-03,1.631978192524004972e-02
-2.406822574427905023e-02,-3.661765869476008017e-02,8.706785438394256532e-03
3.609927536572049567e-02,1.893948224250568968e-02,-1.407846094703902847e-03
5.749092342844699943e-02,-1.738064062304586418e-02,-1.377859878884998140e-02
8.111092427722058377e-04,4.969051780464153745e-02,2.091115696317738526e-02
-2.706131019365623155e-02,-8.913703857305712783e-03,-3.374949684663733351e-02
-7.942069044643557119e-02,-1.405597366842123615e-02,-3.693924306401095287e-02
-7.691737078803387306e-02,3.683858067065193254e-02,-4.745750953505605690e-02
-4.037132078887693126e-02,-1.013051606126070397e-02,2.045306549378202859e-02
-5.550248984646444922e-02,-7.423885008652027218e-02,-2.108596306189792612e-03
5.291335309590042280e-03,8.550821096460228810e-03,2.583526487250729919e-02
1.622746998673051111e-02,-4.575953630721498605e-02,5.955186081524556536e-03
-1.608003208443150450e-02,3.633351253162247357e-02,2.623440760056381868e-03
1.714382703080331860e-02,-4.800191254367395383e-02,-3.490395478006642904e-02
-1.820045581681156710e-02,-1.043860029429509312e-01,-6.674376931142816938e-02
-1.185121565319759568e-01,-1.705690566470495842e-02,-2.900184361179984627e-02
6.274457363363153406e-02,1.639082704388309872e-02,1.313853493421730280e-02
-1.783544377156671620e-02,-7.311328950812318386e-03,-2.814301412213340500e-02
-3.335649753370761167e-02,-7.524134509792972103e-02,7.664373465441472189e-02
-3.149016222825550687e-02,4.501725948927470800e-02,-2.298243372803832063e-02
3.430389406769086824e-02,-3.216416926997222453e-02,6.619008886274653503e-02
2.558680541215563320e-02,6.608078997559844493e-03,-4.336851020993013478e-02
-4.536782605245051614e-02,3.301860832105391746e-02,-1.988457560506394148e-02
-2.204682605015439653e-02,-2.584121790058744456e-02,-7.191483281639378389e-02
3.356844672356368992e-02,-1.601603505398377023e-02,2.452255550507496940e-02
-1.774626920554105494e-02,2.426605143434144157e-02,-9.018335098381730433e-03
2.765699838834290505e-02,3.451832666535891575e-02,-3.750026855029573586e-02
-4.918960531069933861e-02,-2.166138588042447813e-02,-2.676312496247143513e-02
4.423736397424549160e-02,3.258314854474125138e-02,4.835101222556580439e-03
2.015173236871534851e-02,8.683011736118162460e-02,4.089132927522635269e-02
-2.482628270485827057e-02,-5.257024938934465666e-03,-4.016339640364052777e-02
-1.938801750381984393e-02,2.432441627232260952e-03,-3.487751122450774652e-03
-9.851296704445340613e-02,-5.503226314370869565e-02,1.605710584540713873e-02
4.196006578998761477e-02,4.158785603353888465e-03,-1.966640791256259700e-03
6.580494044876582238e-02,1.906592934927389335e-02,4.739804748398480927e-02
6.392728342141817954e-02,1.296925675205634274e-02,-4.316048645863510697e-02
-4.526441326590717462e-02,-4.142845326511437193e-02,-4.525517594623913037e-02
6.171872866032113158e-02,-5.847676727425701187e-02,2.748803210193937960e-03
2.466036901680542306e-02,6.978272638743129863e-02,-3.060943062878701895e-02
6.253320690298054541e-02,-2.477501739722138760e-02,2.008770589575132812e-02
-1.126379932721491284e-01,-7.957070835769382289e-02,-5.794066571977669888e-02
-5.672123569697732487e-02,5.001805272899976368e-02,-3.329830456090357438e-02
1.369028415143257182e-02,-1.097954055076588373e-02,4.809901371869398923e-02
5.165755634958276582e-02,2.047032987529761455e-02,-3.402571465769073378e-02
2.031357295276458100e-02,-2.534987471116048954e-02,7.052247202827675865e-02
2.986488441850619060e-04,4.348399094587982600e-02,-4.582554590242605974e-02
2.664322252768597243e-02,-4.343549357852814763e-02,6.105784149142032963e-02
-5.952355445303608023e-02,4.406802644790747125e-02,-3.194384090183653019e-02
-4.266994038373340178e-04,8.250215742932342361e-03,-3.889240372005683174e-03
-8.348872440323384936e-02,-7.745703805828182964e-02,3.620136470484162233e-02
-8.351217463922748496e-03,-1.018590981596662060e-02,-5.349729251185604550e-02
-5.665281940321227616e-02,-5.410104372151233743e-02,-5.751254162749642324e-02
2.796813413317144822e-02,1.959751038252701555e-02,-3.330835422674625207e-02
4.405804604664592672e-02,1.016500779707159297e-02,-9.525486999882773476e-03
-5.675253306266610925e-03,2.514598569648351933e-02,7.082992999152361302e-02
-2.406716485581726281e-02,-2.936624791301183438e-02,7.389098822556772021e-03
-4.300505719961649626e-02,1.932846022738308328e-02,-6.137758444123640050e-02
1.561799788078740460e-02,-2.436967074999965913e-02,-3.813623528397803303e-02
2.696653518183452988e-03,4.873292866628866488e-02,2.124535460607677312e-03
-1.158771445221827741e-02,-2.490845742994827333e-02,9.745103982752807703e-02
6.279869003668908656e-02,6.393717530336481825e-02,1.585476233076858754e-02
4.360049060987827158e-02,3.904259260591148167e-02,-4.319376925818502189e-02
3.898382826493985986e-02,2.331640095225016862e-02,1.580719667179218690e-02
7.533249137951232143e-04,-2.552546935513652637e-02,4.915043280784203023e-02
5.687717996736183640e-02,4.092670181158907829e-03,-6.071712191152595084e-02
-9.121229505173812646e-02,8.462975812398691733e-02,7.786067126992626819e-02
-6.751900358691420578e-02,1.144235086097785195e-02,-3.347201367403952743e-02
4.373995813377882375e-02,-1.463630638695304596e-02,-6.886616120465605118e-02
5.355850340052571712e-02,-5.512892450669568817e-02,7.055095444420017570e-02
-4.398418639016202225e-02,4.701694609237230815e-02,4.243479633343004431e-02
2.101729400042257750e-02,-5.888136824651823281e-02,-5.407661826066813976e-02
-2.479880082623582560e-02,1.579335101955015377e-02,4.435695041269261361e-03
-2.500885044599917510e-03,-2.344834772663307101e-02,-2.020900052905641626e-03
-1.107999906416995244e-02,1.694836464531906950e-02,-2.069977810947693300e-02
5.822404080747813765e-02,-3.531878122885839105e-02,1.205088892296108868e-02
-3.379795794522541530e-02,-5.191645336260023585e-02,-8.077297443758102088e-03
-4.464754898683358231e-03,4.179088538815082382e-02,5.115473160250099544e-02
-6.645099514175985267e-02,-2.431635327052931658e-02,-1.084525761365245367e-01
1.114064319112448471e-02,-4.621646238528594880e-02,-4.975335891229543811e-02
4.119228546258044826e-02,-4.834304829143118432e-02,-8.558517501557316373e-03
7.115938085060462617e-03,-3.839911502053185155e-02,7.908334921609259938e-02
-5.438198648710318439e-02,2.740833756268989951e-02,-4.712200433339219785e-02
-5.497110261895150202e-02,-4.900476093415127854e-02,6.465713100242702349e-02
-2.050922836083444306e-02,1.795435512961021315e-02,-1.994290603686686009e-02
-1.753914176494355409e-02,-3.486686367585590390e-02,6.854225688840679190e-03
-4.251139395450304059e-02,2.892864182688753560e-02,1.247938316765406438e-02
2.557697940756667107e-02,4.132310872064502011e-02,-1.437252583884424291e-02
5.841136972156989182e-02,3.129942951626327879e-02,-8.766382334751823824e-02
-6.100500156487028564e-02,-4.435541213319497966e-02,2.310611354897624745e-02
1.170280058440157853e-02,-4.551962013002892882e-02,5.553256727597101830e-03
9.142473733573148326e-03,1.245954568544629937e-02,-7.135401517392317428e-02
6.585585854589868192e-03,3.750168734691196326e-02,8.410747178711119876e-02
-1.800342628972896944e-02,2.320384903082616662e-02,9.636894728094230755e-02
3.820464954182588996e-02,2.434364842208823487e-02,-9.241970027537359939e-03
-5.286394889578314993e-02,-6.524721813401752890e-03,3.036684342231892389e-02
1.183555477317428314e-02,-2.432439386459900668e-02,4.093817566951186981e-02
-3.609492199594688949e-02,-3.413191545601153287e-02,-5.290527354544390971e-03
-1.915262330306310339e-03,-1.555222254331424178e-02,-6.235747966532063924e-02
-1.821446039506929501e-02,7.056684082204920522e-03,-1.063610556178703169e-02
-1.246217054685558046e-01,-1.852363650172119888e-02,-4.905446249634660277e-02
4.669956705160531463e-02,-6.496170452174020995e-04,4.694654919687652611e-02
2.082342460004193291e-02,2.143391961752560970e-02,2.369154004245662554e-02
-4.543454873209806094e-02,-1.016621054801378557e-02,-1.254663233777929092e-02
-1.280428312983831682e-02,-3.170749177998838375e-02,2.000270481994307833e-02
1.079457688051677945e-02,-3.710986475714496413e-02,-1.885573320129658656e-02
1.020402822315294748e-03,-2.635562669731594462e-02,9.208856164433117802e-03
1.000108492612940096e-02,3.587994510017253336e-02,-3.165567096909029099e-02
3.362411045504266199e-02,3.170776149940073528e-03,5.087502924039807861e-02
5.461255198407677369e-02,1.078718416746167613e-01,5.045285470661050459e-02
7.849010125781112623e-02,1.162925798869645679e-02,4.145720738865512484e-03
5.471043745059669255e-02,-1.981808658826075126e-02,5.988553496462471065e-02
4.272254896696800475e-02,-3.658035500918793009e-02,-5.990236243074743144e-02
-3.707196535176577462e-02,7.700792015651312938e-02,1.272398801240440941e-02
-2.574503404805864037e-02,-3.300688417181581180e-02,-1.783340506161094907e-02
-6.107676350675323579e-02,2.268550124769721718e-02,7.942376116350761961e-02
1.239380924093545083e-02,6.825059267783284422e-02,-2.411556721554898933e-02
-5.522691645325059073e-02,2.044370723016568359e-02,-3.382300796262753539e-02
4.579748355888762362e-02,-3.574737362139230462e-02,-2.571528855004625094e-02
1.723887344629957893e-02,-2.466383624560238713e-02,2.067932289841362820e-02
2.958981390876146145e-02,4.334323033954481930e-02,-3.888935509332483442e-02
4.248033807254676664e-02,5.835542500509111746e-02,-2.086268654592462329e-02
3.461205685973218343e-02,-3.851034898137673662e-02,-2.580681870543040726e-02
7.508296580923859431e-02,-6.877312762185303595e-03,1.976456553865950025e-02
2.516493919444018693e-02,4.520047806980471983e-02,-8.041063352791781235e-03
-8.836439350408509252e-03,2.944799780249872032e-02,-8.789342775213246362e-03
-5.370851836341183211e-03,-3.085023786452906203e-02,-4.727401891152650804e-02
3.213956329900157644e-02,-4.058846861327954775e-02,-7.139516190572375853e-02
2.168069874907268060e-02,1.431192570252170376e-04,3.704363032097367919e-02
1.358487534831905041e-02,1.113047839536647141e-02,-5.903829027401835683e-02
-1.624007570168081033e-02,3.338772457048599929e-02,1.219679334939552384e-02
8.209677228485480829e-03,4.572668143534448087e-02,-6.046589924733332400e-02
2.334198046803866514e-02,-2.030930468892867477e-02,-3.277037670735286762e-02
-8.118138459904478133e-02,2.514449479080455019e-02,-5.368571231854940562e-02
2.289557380056121347e-02,5.573686859936788363e-02,4.514696194777116645e-03
-1.324939068684524539e-02,-2.114292445540107341e-04,5.600529122920269720e-02
-4.618079012445483467e-02,3.125272475603606964e-02,1.768964076060069307e-02
-7.229375854213759833e-02,-5.605474306204354535e-05,5.721938418148114422e-03
1.714336386066275461e-02,1.859585773872757600e-02,2.485163297098088447e-02
1.717293978825052206e-02,6.141653875847145200e-02,5.103915535806705962e-03
1.955689182875935614e-02,-1.915232641370591057e-02,1.068506278824074389e-02
-2.419894204126025322e-02,-2.800899863110374241e-02,-4.222967270740305562e-02
7.556633434885094702e-02,2.690107033680081555e-02,-1.759498548004908430e-02
1.502296296646031884e-02,-1.034260762461875621e-02,-7.541103778614632880e-02
1.226033622837843610e-02,9.449108809831685551e-02,3.916013802877385541e-02
-1.970004512097906640e-02,-2.847569141407206572e-02,3.934982157066028302e-02
1.596059977909306676e-02,7.205920270837221087e-02,-3.266050500900308240e-02
4.010598271098396971e-03,2.317385324384810263e-02,7.585342210423352480e-03
3.338585799963517814e-02,-1.395010455745471049e-02,-1.682239897580782356e-04
2.389255850607203274e-02,7.772070755801868680e-02,-3.849893871603739769e-03
1.318030589104183734e-02,2.692633154243613547e-02,-4.906196398212855914e-02
1.599358164789748543e-02,-3.794482663740090383e-02,-1.116216817865030991e-02
4.032578937526792168e-02,-7.401747477131906394e-02,1.535034760137155181e-02
7.444522896057438610e-02,1.539376094165210854e-03,-6.240437171329831986e-03
-5.840578826874200102e-03,1.059312322411273821e-02,5.460343380224899623e-03
-8.738433280252728974e-02,-3.135751787531724372e-02,-3.318878494241114807e-02
1.074381685722255314e-02,-3.101519404461727455e-02,2.105923387131137733e-02
9.058988211141903030e-03,1.687604774658934062e-02,-3.215786388745852514e-02
8.294443612482975403e-02,6.061093811889779748e-02,-9.355017412738749621e-03
-2.179261969090495179e-04,7.091683390632791406e-02,-4.862602335223180361e-02
6.787373523468878678e-02,9.914688377342263659e-02,-3.020235896102066095e-02
-6.878906898489588195e-02,2.353913523189496426e-02,-5.031105500651295026e-02
4.477994679690713159e-02,-1.582292590581869246e-02,2.927935322269160923e-02
-1.983112458948999447e-03,-1.044500321720248127e-02,-6.922621287485110353e-02
5.403152356523462790e-02,1.550358463620265387e-03,2.109692910466554397e-02
8.747226058036797203e-02,4.638197716849136454e-02,-3.984586223030955193e-02
3.398093938570245776e-02,-4.092163015272397286e-02,-5.774379681716032553e-02
-6.650358784851001341e-03,-2.899407825017633056e-02,7.506814324622978346e-03
8.377211904531167708e-02,3.274354726191715248e-02,5.326353199291702228e-02
-4.010960532450696947e-02,-3.591095024862575591e-02,-1.345104935606073436e-02
6.481690523125775358e-03,1.115805140517045629e-01,-4.487094047976997006e-03
7.715894797829821183e-02,3.716609406705068813e-02,1.261723195500587084e-02
6.711983630712058113e-02,4.413452086440596868e-03,1.895335619349901302e-02
-5.262713655630942358e-03,-1.039027029190506008e-03,1.772924567390068637e-02
6.492633980367240598e-02,6.582593680394148439e-02,-4.282893272924920974e-02
6.279217489271560031e-03,2.713994653625831713e-02,-4.431316590528636828e-02
5.125936746516396303e-02,7.908197817269322152e-03,-3.009906877488897903e-02
-3.508234379952773763e-02,3.092920526460958899e-02,-1.307487062484435740e-02
-4.073526462690385194e-03,7.083105914170319262e-02,-3.109371068668733210e-02
-1.756834542383188535e-02,1.901221701477879070e-02,3.287976422148817385e-02
-4.088487700356049220e-02,1.508296454999126512e-02,-6.605602793274129893e-03
-2.335075671656638291e-02,-6.034154265303431214e-02,-3.312227004799757346e-02
-9.148447845412208861e-04,7.873569629360102629e-03,1.050375689725523143e-01
-1.072335060975389102e-02,5.130905238032840848e-02,2.813604770292576010e-02
-2.928484795250631267e-02,-3.997513270474823549e-02,-4.852232429617413245e-02
3.176868197883429053e-03,-5.947777669507905290e-02,3.759461004050818674e-03
6.911259747122162900e-02,-1.277455733895791791e-02,-6.551326621697052544e-02
3.767307896960885721e-02,-3.483897083178087804e-03,8.451562336240999590e-03
-4.355984245807578703e-02,-4.803942385552952693e-02,-4.342465157088909455e-02
-5.394596435867172329e-02,8.665568257455236179e-03,-1.400546046702767257e-02
2.342895641208089796e-02,3.070932872001364694e-02,2.292321524392635160e-02
3.009325306063460534e-02,1.184305754923919464e-02,-1.875581899275373388e-02
-6.674930356086207495e-02,-4.440283018756232408e-02,-2.709859131829282092e-02
3.181338123078364388e-02,8.360643085865894497e-02,3.500762131443858199e-02
8.878377106563414140e-03,-4.023690064629965174e-02,9.106322596889260268e-03
6.238046768969435912e-02,1.342827621048602732e-02,-4.483988072598714403e-02
1.470010404263809474e-02,6.464492152266557157e-02,-5.306729286416724672e-02
-1.064903593119316321e-03,-5.810540914571545035e-02,-4.600497901330917461e-02
-5.733573337977713319e-02,-4.059459962344116879e-02,-8.154304174736686298e-03
-4.576042457841604516e-02,6.049987322896767383e-02,-5.316684070401654638e-02
-6.129403855051474698e-02,4.454490258126483221e-02,4.232398213639589762e-02
8.129892770542531067e-06,8.890201433984315504e-02,2.197741403757420484e-02
-5.518132630307732989e-02,-4.261700454742798488e-02,2.963100112359978375e-02
8.658527495554742270e-03,-2.077327917403647140e-02,-1.381689952213421141e-02
2.612164008485633529e-02,4.904307935938748142e-02,-3.708338010189057149e-02
2.485231186898642641e-02,3.350068304058544718e-03,3.781051601995610856e-02
1.033816379515172142e-02,-1.597566832205270584e-02,5.043789839085302540e-02
2.265769001771161112e-02,2.265736292266671767e-02,-6.137351993027893859e-02
2.628852356942030372e-02,4.998582516367521683e-02,-3.366372475360239480e-02
-2.856096309897741825e-03,1.781744819407945352e-02,3.010635746370789179e-02
3.666236929626325025e-02,9.124422833227301480e-03,1.642452373387926975e-02
-4.475885544471826932e-02,-9.404410437388084631e-02,-4.491604586260185272e-02
1.149168549604661846e-02,-5.764483482943691395e-02,2.233833356570414166e-02
4.919877347519016619e-02,-2.552610373139822808e-02,-2.448105948845896371e-02
-4.747699003861253521e-03,2.145948365156850890e-02,5.131934201050782074e-02
-2.334409148889309699e-02,3.399727867137895820e-02,3.303274815679285020e-02
1.188633747792965378e-01,-3.483082695775533560e-02,-2.920022327408239651e-02
-1.146175049639330985e-02,-3.323744914941360179e-02,-4.971097393026269184e-02
-3.418663424036650494e-02,5.864129998702061891e-02,7.823568197600458060e-03
5.890495281950520329e-02,2.590537983226091912e-02,-3.371996690802253442e-03
-3.346486865794096044e-02,5.284162868392253132e-02,5.080921700692271614e-02
3.471682687064540224e-02,1.539851925060232302e-02,8.567575560498469703e-03
8.153296203652102281e-02,5.683108574791776585e-02,1.216978505608914268e-02
9.094454096594847825e-02,8.355451058586592372e-02,5.408983161649571353e-02
3.336589477441213869e-02,2.828975292889220061e-02,2.180191192504450301e-02
2.606642489521504569e-02,5.699175903413986055e-02,-1.002375336092914361e-03
-1.074853190228008265e-02,3.185538776434332364e-02,-4.419943739627804624e-02
-2.988634616720718673e-02,-3.003884939737799104e-02,-6.794483028263794550e-03
-1.892495978909966917e-02,1.365038634277303438e-02,2.988679138971256019e-02
3.381592755944091283e-02,5.011432007746677297e-02,1.220000118465589152e-02
4.270465973677534804e-02,-4.169469976785086796e-02,-2.064925720004374965e-02
4.510007461030658693e-02,8.076485568866741127e-02,1.771727821485190313e-02
2.443126779880649274e-02,-2.615965405417666062e-02,-2.183484761439722505e-02
-3.820802458930728368e-02,-5.907029422009615893e-02,7.416209868336767763e-02
3.140808356625560821e-03,3.950031982109082629e-02,-7.550675671513514681e-03
4.750181088676373731e-02,5.942155986996373179e-02,4.195366875295421238e-02
5.406143988622170993e-02,-1.430403070204153311e-02,4.271766921846649988e-03
-1.037202312093835344e-01,-2.622908132589253996e-02,-6.610502719342914099e-03
5.220718291693227792e-02,5.048406509563299616e-02,3.063187199768645577e-02
3.267007111474850428e-02,-1.881855975682825101e-03,-1.321478796315614102e-01
-7.696411587907814669e-04,3.623917929646178551e-03,-3.238405667138691268e-02
1.159591635016066075e-01,4.598247030836167247e-04,-3.116332046218694626e-02
1.894344176619807904e-02,4.566925278084041362e-02,-1.388754775630224661e-02
8.068031645940143201e-03,3.463913686980645695e-02,5.654509989411145993e-02
6.481106004543911447e-02,4.353484345508437658e-02,4.274553505529107844e-02
2.524174286391228650e-02,-1.845245936764030453e-02,-8.967733857195582525e-02
8.939944832749725789e-02,1.250492205040362563e-02,6.603200463993232072e-02
5.988638027928986501e-02,-9.041845122583963557e-03,2.333820590101706033e-02
3.020267973106612047e-02,-2.767026604640293597e-02,7.669838127662345975e-03
-1.495712331746101333e-02,-2.997485349600374077e-02,4.260535654634242664e-02
-4.303363801527807647e-02,-5.575582350655543251e-02,5.731454005264632195e-02
2.581213391313745206e-02,3.782190030870060532e-02,-3.218020233259617779e-02
2.188662137694392246e-02,9.891163006694468629e-02,2.653421414002865401e-03
-3.689822301356783518e-02,2.896565983625472122e-03,-6.076156319784411369e-02
4.167581176803222126e-02,-1.298594999571912531e-02,-1.042231746211838735e-02
1.285528322353905045e-03,2.313346743818439633e-02,-4.251526271152070678e-03
1.558477369563503884e-02,-9.670240671767857572e-05,1.110634730588914293e-02
-3.181813553273913492e-02,-1.014761154689837047e-01,-4.864069289751490194e-02
5.701525341158370647e-02,-8.965356948994321340e-03,-2.389542122485113773e-02
-4.441912568224899022e-02,-1.059616115340843989e-01,9.263556824575633342e-02
2.009801889281355794e-02,1.591943724882088559e-02,-5.601948080947150022e-02
