gyro_x (deg/s),gyro_y (deg/s),gyro_z (deg/s)
3.734982018416714306e-03,-1.389753700324564134e-02,2.342881048931938839e-02
-4.933269935179055571e-02,3.473611340588683705e-02,3.851713010479599492e-02
-2.955076846527481677e-02,-2.602682792839099493e-02,-2.161790119809355384e-02
-9.195571728630520434e-05,1.077487694042810439e-02,-1.571704840116398133e-02
-3.364582853406651586e-02,-2.128374353805549245e-03,4.736948113894998147e-02
5.567622399709130226e-02,2.642020315005439574e-02,-1.543811841925537068e-02
-1.257937441919230667e-02,4.508903640647130701e-02,-6.143693146942852401e-02
1.027677103807058123e-01,8.537775695487012650e-02,-4.521496964102406785e-02
-3.926099727042466070e-02,9.276537928456458915e-02,-3.717956756177197286e-02
-3.297176815679451339e-02,-1.396596358168585537e-02,2.248609861417252484e-02
5.632681222974404711e-02,1.145878612885900365e-03,1.642047217816991478e-02
-1.674956342165114312e-02,-5.896773036103637039e-02,-2.586912890357082398e-02
-3.617835426482483158e-02,6.019428109619018134e-03,-3.535151358686943607e-02
-2.970208463910231200e-03,-2.096940102024079725e-02,8.341581815226058573e-04
5.875597493244565095e-02,-6.987293405695522985e-02,5.241660207214342889e-04
2.878325050865000734e-03,-7.040942173927589032e-03,8.109560068283205511e-03
-5.437105920276967715e-03,2.692046432581878326e-03,2.286319928329498866e-04
2.470462625818582378e-02,-5.703668437992456819e-03,-5.197991851000259740e-03
7.654618877818523785e-03,-5.429183051728789233e-02,-2.210880282734774532e-03
-4.545247836622749900e-03,2.522821824060273582e-02,-1.106636534926783502e-02
1.254314719386560861e-01,-5.631029336180076901e-03,1.235336217248279161e-02
4.701116218486970505e-02,4.896804404900262017e-03,-6.042440703316655920e-02
4.030877184337106067e-02,-4.252903303037630298e-03,-1.892383708349063345e-02
-3.001563812917923749e-02,-4.322894092298391888e-02,3.432477624357627849e-02
-4.175462112823691979e-02,-6.826523068967224606e-02,-1.514760269263170679e-02
4.076657118612334041e-02,-1.434295320263974036e-02,-9.720415248489846366e-03
3.007967930232086952e-03,9.673432810951856919e-03,-2.401020606782620220e-02
-3.029078623756757335e-02,8.685093880731123298e-04,-3.199056099169146627e-02
9.556199167346141748e-03,4.104085525294049602e-02,-3.075886072328904916e-02
-3.120667911944441375e-02,2.986033892346155044e-02,3.488148069626150621e-02
-2.976104152915790002e-02,-3.952647317903219132e-02,-1.639434709635212081e-02
-4.156127162812454619e-04,3.113937591514339201e-02,-2.982875549717097993e-02
5.061545762224740203e-02,1.890939701441376672e-02,2.080437549492806029e-02
2.838276463806480368e-02,-3.695081088873901961e-03,2.879720199289975691e-02
-6.470052663186080799e-02,3.312401962138495498e-02,-3.881644032883537973e-03
3.105411973013803492e-02,3.039094362155646267e-02,9.475071072625611268e-02
4.682982303005692876e-02,2.667912224205220423e-02,5.363472036490443684e-02
-1.109813069122901792e-02,1.685155628994636137e-03,3.159036206643454914e-02
6.689694095169595664e-03,4.676400401938556745e-02,1.378483929743519638e-02
-1.767276228548108827e-02,-3.286903441545535598e-02,-3.068571303248898013e-02
-1.085588053839097872e-01,-9.412074506255305173e-02,8.089451377724302117e-02
6.777897639457775014e-02,-1.544620498778094715e-02,-1.092484612680295203e-02
-3.655612164264507302e-02,3.770710755442332335e-02,-2.725664100842284648e-03
-5.048201532016689808e-02,-2.370764993435573245e-02,4.116745394347532533e-02
4.776992296484518230e-02,-3.842095652317139426e-02,1.232770748394780829e-03
-4.134246928056692361e-02,-3.514713664376011015e-02,4.811662143820118198e-02
6.781547173056919064e-02,-5.463113663122798336e-02,1.415260506297146351e-02
4.328479112030316975e-03,2.741702909045675568e-02,2.827030629198750561e-02
5.089524241659928831e-03,-7.144316340642541119e-02,1.330663463988813328e-02
1.960420582053545510e-02,-6.282787251510722586e-03,-1.141442812972236209e-02
9.478442670193463343e-03,-6.912331178071905169e-02,4.318093197034430369e-02
-4.405555371594879234e-03,-1.434987134136692793e-02,9.475470485084054248e-03
3.671879399118159470e-02,5.389542643577255321e-02,1.010040447159102741e-03
-2.379616420253713449e-02,3.517163459872823389e-02,1.858562695444227180e-03
3.369265844097830975e-02,2.710160702186325404e-02,-3.424678135181243033e-02
-7.206126128083539806e-02,-5.902201192409034514e-02,-4.858015000510001319e-02
9.480578863994199024e-03,2.027996730581320406e-02,4.195690744199687822e-02
4.877740091002397832e-02,9.740723629589097265e-02,4.106564575979197024e-02
2.744036965450089710e-02,-7.809522198056677994e-03,-7.324651817158836509e-02
-1.160557625618800250e-02,-5.581534237321195656e-03,6.736874323548604042e-03
3.811233090279859265e-02,9.507294790532423712e-03,-1.605814857438304238e-02
3.863051447596332205e-02,5.512190451340046732e-02,-1.295821743584971431e-01
5.784029477163755290e-02,-1.732227828497728481e-02,-1.219964979717702222e-02
-4.540212444112518703e-02,-5.263134287306153736e-03,7.427883046628686037e-02
-1.571151286149269355e-02,-1.763416971862854024e-02,3.804512640039715149e-02
-2.076714581653911831e-02,-3.472083677706169769e-02,1.224683444405428624e-02
3.827571485766100706e-02,2.025386558478418225e-02,-3.359508822143721790e-02
1.008992376825192522e-01,6.173361541918007470e-03,-4.147481048317584046e-02
-1.145747613865031461e-02,1.753881115594755832e-02,-3.824439226736172509e-02
-4.396495794700130966e-02,-5.267569744192036885e-02,3.515394420231070932e-02
-3.244334846435718150e-02,-6.675019023436871979e-02,-2.381751284788292261e-02
-3.030538062973006305e-02,-5.789175772588833757e-02,-4.669965803957731171e-02
-4.743149113234449918e-03,-1.805630372487925656e-02,1.655773298012639446e-03
3.690947325250271832e-02,-2.344052958036924039e-02,2.974289488365445058e-02
-6.919128651553069220e-02,-4.063909759601874727e-02,7.705200615544742504e-03
4.147881887051356811e-03,2.486291503049520638e-02,-2.657836057927513013e-02
7.452000205357336461e-03,-4.330143943217877600e-02,-2.752835451140696332e-03
7.065871059966506718e-02,-3.735535330369816470e-02,1.577936353628994412e-02
4.852459521009629129e-02,1.848914791267044014e-02,-4.123742588171113582e-02
-4.719974753629679887e-02,2.120517312177893059e-03,-6.044899370046243059e-03
1.429347328494234327e-02,1.762409972987748555e-02,-2.719060321627774987e-02
-4.251696695091746608e-02,-2.156677706551007878e-02,3.371091021209363797e-02
-1.083082677228531104e-01,-2.409826476860356739e-02,1.493606870092901127e-02
4.330134579702879516e-02,3.278925298232565622e-02,-5.814118920747558122e-02
-1.366917409367529243e-02,-5.615116243569072407e-02,-3.630185544243808016e-02
-6.660158978915893535e-02,2.491666986888367921e-02,-3.772426160064110134e-02
4.065735619826062880e-02,5.580203576636835056e-02,-6.960343010178580980e-03
6.881695606521455455e-02,-5.993491499437830078e-02,-1.952423931259982676e-02
-1.431181622883582506e-03,-3.665692055937245369e-02,-2.507352305561592887e-02
-2.708740577977222785e-02,-2.847822693220549567e-02,-1.636743929488285523e-02
-5.321666399229844913e-02,1.283933648852535192e-02,2.543851212194364955e-02
1.333758832279507284e-02,-1.069795487666873801e-03,3.452074660529286937e-02
3.235533663269915539e-02,-1.907816648073189930e-02,2.277727731943736053e-02
1.872699039271650840e-03,-6.074959438430794362e-02,4.124709949290065319e-02
-4.265959318932340677e-02,-1.026611689720906828e-01,1.115161391808619853e-02
-8.125744554995567581e-03,-6.717124304987857897e-02,-2.916210869076433024e-03
-3.652115350640863095e-02,-1.677696318168925890e-03,4.528672956964276131e-02
-2.490524477494075392e-02,-8.737596756391527789e-03,-5.353013062968191987e-02
-7.075279808300431739e-02,-2.142981205735515135e-02,-6.204756122110886146e-03
2.368578203035475675e-03,-9.798484105457657897e-03,1.724153948440753162e-02
1.617199218760708226e-02,-2.081705943309637014e-02,-5.968218343905512535e-02
-1.312379805830872319e-02,-9.904972329651351090e-03,9.524443033706298661e-03
-2.602951382326049515e-02,3.429905079429917264e-02,1.645170633719510861e-02
1.137263307743004680e-02,4.012028259765897803e-02,-1.524778792891252725e-02
1.236004820105244054e-02,-2.803807248981272232e-02,1.218345136260700311e-02
9.030953034134996116e-02,1.700289447197966472e-02,-1.057978290437856621e-02
-5.728959155606008075e-02,-9.217468067211560812e-02,4.781196772957347903e-04
3.545156820657820174e-02,-3.777314085996909265e-02,-5.827328532421467699e-03
-6.999790919456176652e-03,7.218965379210050270e-02,-5.042206839273807861e-02
9.160692804163945990e-02,3.071452795804751820e-02,1.265973436261305651e-02
3.775357923786933079e-02,-3.525733964630060890e-02,-4.788545146466786223e-02
5.527837434781486536e-02,-2.125288543534719493e-02,-2.252633786764933130e-02
-9.118434097836565153e-04,2.593115570128100636e-02,4.031674562269955964e-02
1.610851584392812216e-02,-6.532880999654201715e-02,2.751021423474014904e-02
7.681460917325928783e-02,3.203439442817810484e-02,-2.851418000009967382e-03
3.196028640983025054e-02,2.090900250790791309e-02,1.556769044728825886e-02
1.009951470639673665e-02,-4.573763967574633743e-02,8.024899680605659946e-02
-7.409604764124058489e-03,-1.980393124800096036e-02,-1.721947967999914314e-02
8.031854487199072135e-02,3.439399040507564852e-03,-8.853519663211437130e-02
1.202269202473345462e-02,3.864993459502265305e-02,-1.058860941666979428e-03
5.376485880103723525e-02,-3.764816443113473254e-03,-1.502321883778850922e-03
7.789440998306851154e-03,1.020997665238710522e-03,-6.517800456410260956e-02
-1.748340324925902467e-02,5.789414744122791529e-02,4.078132188000491154e-02
-3.440361782471491534e-03,-2.016674763801626011e-02,1.038378668268909732e-01
4.676403977131574421e-03,4.259825832044298460e-02,-1.973925797543381322e-02
-3.437603741260389367e-02,-2.760323489872342634e-03,2.642689848539447189e-02
-6.476430679035653781e-02,3.548482220062169207e-02,5.798610236983194749e-02
1.864489615113941803e-02,7.996701303357715840e-03,2.364765151917179106e-02
-4.885770192508608056e-02,3.619540410591465251e-02,-5.657230189427023964e-02
5.565838608694657214e-02,-4.474941607432720951e-03,2.385570442479766767e-02
-9.216935872641759953e-03,6.578354044521465827e-02,6.727700251439400203e-02
-4.289948822793593700e-03,-3.880092617188971721e-02,1.722028809332282889e-02
6.645473206080661915e-03,1.288015714940485001e-01,-1.961947897462161874e-02
-3.018281329468377669e-02,3.957988331545827382e-02,-1.255323199433466992e-02
-2.641987361370364343e-02,-2.829198141092493721e-02,6.688131960101793838e-02
3.823966585076589431e-02,8.667213526587393135e-02,9.839224274276682503e-02
5.568787395741486845e-02,6.631539873795441742e-02,-6.237586734095027646e-02
2.601004899681511398e-02,-4.057305670050564278e-02,6.777343786698815375e-02
-5.056331879483064173e-02,-7.376849641166359495e-02,-3.045283466584930085e-02
2.108219399843376529e-02,3.562698015023534753e-02,9.524597817152206936e-02
2.915973170336549208e-02,-6.060120748362015156e-03,3.969122468968229456e-02
1.146958304487202297e-02,7.736441173389758952e-02,2.927878450796955398e-02
1.023182094409606259e-02,3.785248906136745584e-02,-4.671089540002921515e-03
4.808478525329124009e-02,-5.497891037224390126e-02,-4.930511887274456606e-02
3.102774578171153472e-02,-1.057207483804366299e-02,3.936142977170217772e-02
-1.074206263431766624e-02,-2.601297474591937609e-02,-8.072292981967445213e-02
-1.392364782185041491e-02,9.693388574676076522e-03,5.394548413184574454e-02
5.553941976206581282e-02,-2.313881938972985053e-02,-5.435336390425041936e-03
-4.019384546909054307e-02,3.042866874877946104e-02,5.888611930363822633e-03
9.371409499472420704e-03,2.467743366316881709e-02,-9.092896750934002098e-03
3.251916087096338309e-02,-2.164183702756397598e-02,-1.182930465460398269e-02
3.205106072669225425e-02,-2.377092370315924200e-02,-4.917834071861020874e-03
-2.238431111760285849e-02,-1.049602892007946847e-02,-1.176326745193064238e-01
2.602030099880221423e-02,3.183804123933673541e-02,-8.130932828066773574e-03
1.524343307873596461e-02,-1.178926109848059314e-03,-2.848294530207884021e-02
4.084240658842403643e-02,-3.350135558541176423e-02,3.330383513317512322e-03
-8.530982235504779021e-02,1.124006084640192908e-02,2.785389284604562060e-02
3.280635540055865107e-02,8.453293357578789413e-02,3.508041748369947546e-03
-6.544273690086230104e-03,-3.862211790838390030e-02,3.939572890151758766e-02
2.691705500171177531e-02,7.757351379554799919e-02,4.550010652004687385e-04
-3.894671045785041280e-02,1.896957830301818429e-02,1.150067840262742995e-02
7.180717951512392838e-03,9.821902243231808716e-02,-2.481668681479316102e-02
-3.414339878840418063e-02,-2.284419585889015114e-02,-1.975086140611253399e-02
1.792800232223700982e-02,-4.093571884698046087e-02,-2.180104297563433338e-02
-4.772006051916236058e-02,7.651064658206786773e-03,-4.688137810069323980e-02
-3.312112931354944945e-02,-2.598924888707133257e-02,2.859775339847047196e-02
2.034903829954910065e-02,-2.984628725215738090e-02,-8.083933706789628304e-03
4.277099967546690862e-02,3.321704156534657781e-02,2.287365485630235562e-02
-1.544428767523640597e-02,-1.980282671300061942e-02,-6.553025635357684515e-03
6.342832451806307281e-02,1.576746029550543660e-02,4.722263894210730617e-03
9.230208266084627411e-02,3.730233907053201459e-02,2.143179758992730041e-02
-3.011268581825554420e-03,-7.764531551469597281e-02,-5.218756556019051723e-02
8.405629980031669932e-03,-1.140923951197604230e-01,5.788912080004240263e-02
-9.197905633284743365e-02,9.229638818710854398e-04,-2.651582652837388906e-02
-2.121919475176085000e-03,7.266162046632224092e-02,-2.055480828190819897e-02
-5.266273103546415674e-02,1.500011585702192528e-02,8.473898439210899095e-03
4.699016019549701897e-04,3.442939074016239387e-02,3.676836302112711317e-03
5.907126381577069811e-03,1.162027318151040260e-02,2.257437787893933762e-02
-6.658693668637451213e-02,8.693207790818485454e-04,-6.286496427222244832e-02
1.003704212404675500e-02,5.543597228003852018e-02,-8.813703552270849700e-03
1.012389913752297262e-02,2.712212302896247970e-02,2.268077908501608259e-02
-4.251518843976146572e-02,1.517330504553487946e-02,-6.982598960919069592e-03
9.689465425738535975e-03,5.575663537874307740e-02,-5.051621923698901284e-02
2.802017156876600214e-03,8.183024686571852002e-03,6.268262844097025055e-02
-1.589499147078162616e-02,1.885956966576890145e-02,1.679725883791524654e-02
-4.637395924185120678e-03,-3.684706788828220198e-02,2.131978727089509779e-02
-3.755725513578981462e-02,6.387163942566802255e-02,-5.841106193415967346e-02
-1.945984676939294111e-02,-3.883602070639033399e-02,-1.958865870272899837e-02
1.094867837481866280e-01,1.765750053991861634e-02,-3.020244819351917617e-02
5.252044851862491120e-03,9.686012514841275955e-02,-1.115807589920219008e-02
2.071988972117377870e-02,-7.400071006578290422e-02,-2.203007237437200685e-02
-1.071403660022970938e-02,1.528711469492680108e-02,6.366910511575162371e-03
-3.301549985804257126e-02,-3.492845777452546763e-02,9.785487941287810548e-04
-6.241566919009810567e-03,6.205670800947150206e-02,2.540051094952381489e-02
3.174724156471538800e-02,-4.276006958158213439e-02,-6.011922336020193020e-02
-1.531179910044490854e-02,5.712563236188387267e-02,2.388040537315318582e-02
-2.341557517207162268e-03,1.093072626978501133e-01,-2.337261112478017724e-02
4.841545594170906103e-03,-5.728611460630406854e-03,5.690180570035294205e-02
1.328392375504749111e-02,9.278691933679871634e-03,-1.523780296277117349e-02
6.713861631641507115e-03,1.714983629375883833e-02,-5.827985317264521882e-03
6.105696417408472410e-02,4.233556533991830219e-03,-6.872861929875384579e-02
-6.700810166972681614e-02,-1.902471816093702014e-02,-1.649592547630410492e-03
6.978378355802791755e-02,6.783177269586121438e-02,2.995651275341729841e-02
1.782476550254569192e-02,1.274098936407493804e-02,3.116914871719983840e-02
7.454368747834770950e-03,-6.632835766961758805e-02,1.621010265707726813e-02
5.606451269318052377e-03,1.729164029568914726e-02,2.772941591571616640e-02
-2.333687884105314567e-02,1.755683196376217614e-02,-4.958797064717738318e-02
1.926289935884505089e-02,-1.631001727717818622e-02,5.224490603050532811e-02
2.943638994519643011e-03,4.548933632784638026e-02,-6.194955481005505471e-02
4.420050432089707437e-02,-3.726353612058357946e-03,3.515756853159617001e-02
-1.833938792266394044e-02,3.774439784743176263e-02,4.773806760663276000e-02
-3.161029283254761929e-02,-5.861420862932317614e-03,-7.133485808130332791e-03
2.701725001967171177e-02,4.464711225196601324e-02,-7.442526538747830378e-02
4.865850352591141043e-02,2.824285164407951132e-02,-8.413842680180829564e-03
-2.120950625624198199e-03,6.099651905036729271e-02,-1.073947675812813446e-01
-2.162830008338454194e-02,3.333098347803948452e-02,-3.193446713764598599e-02
2.420029045382130276e-02,-5.873195296831760365e-02,-1.335868526455928976e-02
4.227231111209559661e-02,6.893410208419842138e-03,2.233390868009252231e-04
-2.564782800823859482e-02,3.130644527294650092e-02,-3.393525744981620851e-02
4.116959711844404846e-02,-3.503641394138564541e-02,-1.406779485415361394e-02
-1.039993330995681031e-01,-3.976636072557991619e-02,-2.897036645181890260e-02
-5.132093593616211639e-03,-1.528924763256240237e-02,-3.402196536288461248e-02
-5.280795895102751922e-03,-1.081498404713347045e-02,-1.094291279803337874e-01
-4.389864247460182473e-02,-9.375085534984329422e-03,-2.484866251185914934e-02
-5.715150767365584708e-03,-7.537346838915509606e-02,1.450990494322764238e-03
7.268986502553793569e-03,2.206798453142858052e-02,-6.013678791933151080e-02
4.950671623753643419e-02,1.624449823512093619e-02,-5.321714580770298131e-02
-1.908170929472087843e-02,-7.133125189552752543e-02,3.521473531222864099e-03
3.889179850155895929e-02,-5.028819263856283694e-02,1.753747264124214458e-02
-2.991842566103907440e-03,-6.805845049393298082e-03,-5.460388538942027858e-02
1.754718237793173943e-02,-3.733661773958819874e-02,1.188647232433270862e-02
4.935358815733391358e-02,-1.113281594834314436e-02,-6.337208629380119973e-02
1.221965667205332853e-02,3.675641452546415944e-02,-2.391430879884909669e-02
1.140798881007986862e-02,-4.418537866421619331e-02,-2.349555585651251152e-02
1.135183120419981477e-02,2.040093735118212945e-02,-1.036906616182523694e-02
2.571524553609700128e-02,-8.853419760900105295e-02,-2.980880277301405134e-04
6.007414813147787108e-02,2.604529438522636478e-02,2.542672930994832603e-02
5.390701263063079479e-02,-4.743406671826863596e-02,3.814566196508357293e-02
-1.725757352349251844e-02,5.661461644002765969e-02,-5.137053638740846084e-02
-3.344927261436581728e-02,3.412436670075947448e-03,1.515210147414091657e-01
1.186628886035005076e-02,1.011026817343579909e-02,2.066646352427456423e-02
4.483505952625640306e-02,2.137402741102871137e-02,-4.200691185520046000e-02
8.853172240566122009e-03,-1.505039284164108072e-02,-2.225173722948403654e-02
9.741145058790411440e-03,-6.777068913778952486e-02,-3.306249678251330093e-02
-3.447735840686252939e-02,-1.213169839708202113e-03,-5.625047960327120289e-02
5.356319018040085755e-02,1.349819092216292780e-02,7.821493509336667482e-02
5.687814826469642787e-02,-5.344074821239450232e-04,1.132966078427806965e-02
1.241212295919752288e-02,1.588056647040674962e-03,6.280238532665978479e-02
-1.698546473376674054e-02,5.973332899712919392e-02,-6.318581175716312358e-03
-6.152911979467246689e-02,-4.000193416082452325e-03,2.824750696078724352e-02
-3.529759642322796015e-02,-3.378376601795594902e-02,2.678634561896160032e-02
-4.152305951776151527e-02,-1.214356191354907036e-02,-2.670807012499876176e-02
-2.435870836300055645e-02,3.401688453084673186e-02,-1.357321505604012872e-02
6.658133752230512015e-02,6.125643976846856936e-02,4.157242377772253639e-02
4.093980792117749012e-02,1.809246523357235098e-02,4.824043095521163976e-02
1.266498825457296022e-02,-1.695251479266315225e-02,1.959625402563478641e-03
3.874850085228608021e-02,6.209899340829766468e-02,2.679243205796850991e-02
7.118964508098971078e-02,-2.013534484038390429e-02,-3.784021195903762569e-02
2.547562395807360935e-02,1.733705727391172957e-02,1.347353379360027165e-02
-2.436644697373758703e-02,1.720723583400596279e-02,-4.379502191745376222e-02
-5.780166983189811460e-03,1.421541067854111169e-02,2.881375988514875246e-03
1.584073196185527971e-02,6.060297854220712127e-02,8.762981324477099251e-03
1.126747456358281885e-03,-4.384173226207273982e-02,1.047482316854350670e-02
5.364343938707259035e-02,-1.849341158003263083e-02,2.193871521272943922e-02
-3.994728922453570641e-02,5.193931670810020967e-03,-1.953577445867298729e-02
5.774341547325709950e-02,-2.063390282216730903e-02,5.168381419779060487e-02
-7.598382634455051743e-02,1.394086322072976688e-03,-3.650980249809864658e-02
-2.376188724309122660e-03,1.649318008192995899e-02,-2.370769604885543044e-02
2.311176079067479849e-02,-9.744780692512393372e-02,8.432912494081222510e-02
-4.444713838344751394e-02,-1.943812099671762871e-03,4.370993521835413523e-03
-1.764009276299274148e-02,-3.346099488032461267e-02,5.210054772705036141e-02
6.944701720559044895e-03,2.366074816087424329e-02,4.505467518731207099e-02
1.930362939526591645e-02,-5.832320085102548485e-03,4.941377533560199070e-02
-6.704755012428692366e-03,-4.250034907460870787e-02,3.681343096882602750e-02
-2.227671275722157077e-02,-4.678634732198976715e-02,3.482195475307008764e-02
-5.965820954589729636e-02,-4.038247267495710668e-02,-2.603766685700150286e-03
-3.832534406440223779e-02,-1.310155967571003353e-02,-1.031545307781617238e-02
-6.272496802818000247e-03,-3.094310621525879143e-02,2.982885986860626601e-02
-4.344913601961167271e-02,8.468443909777211009e-02,-4.442714302914511568e-03
-1.492048198023734548e-02,1.842014699260262345e-02,1.043207877443992800e-02
-6.191540689340691017e-02,-3.269626880642019506e-02,1.404436475021753755e-02
7.893901346429787677e-03,1.831325521727511160e-02,1.245222815679828399e-01
-4.198767536501668562e-02,8.080025595897227797e-02,6.065785017403532015e-02
3.510478723378922250e-02,-4.057803799989313787e-02,2.139885791070025856e-02
-1.699874230579902917e-02,3.961002971359894875e-02,1.710734309601046749e-02
9.044964300000134239e-02,-8.021198858815067889e-02,-7.694547407505125669e-02
3.260498701669140020e-02,2.757732695013010923e-02,-1.355897977013098034e-03
6.041588677564525833e-02,-1.164179873546631466e-02,4.570227158324292188e-02
-4.917156005530597812e-02,-1.215102075365394677e-02,7.715727261533916748e-02
-2.738375643257991154e-02,-1.658633911075320724e-02,3.013546969849465948e-02
-2.854880582644664724e-02,-8.463130016638702180e-02,-2.058445928793255914e-02
6.652110254173981829e-02,2.780645049505519467e-02,-5.740538366134434467e-02
-7.905140359713504206e-02,-1.349772999025822783e-02,-8.412639079250387730e-02
2.526665066096379572e-02,-3.316182118158557401e-02,3.061273597813858605e-02
-7.843039902729791180e-02,-4.566298626192310389e-02,1.823425073784158354e-04
-8.345779950040927223e-03,4.129914195288964668e-02,-1.302245455338709064e-02
-4.337828461507017841e-02,-1.201675290902378193e-02,-1.418206578762200819e-02
1.867325263898746493e-02,1.929054077872152662e-02,3.790353173378074869e-02
4.136282126820441107e-02,-3.586348407308712766e-02,-4.856179380535939312e-04
3.185290262858191113e-02,-4.728285109306974709e-02,3.962724032596254969e-02
-1.904975708688003144e-02,1.828015127985618826e-02,-1.911704089573665073e-04
7.422784439070824816e-03,-5.240709474886874608e-02,-3.057199863412262894e-02
5.198062077481867965e-02,2.433296263829779307e-04,-8.213716687341051509e-03
3.157640230190146557e-02,-8.115843639561444445e-02,-2.364829221557586403e-02
5.741303612494205039e-02,-2.250686945691462992e-02,-3.435417546429591490e-02
-4.721248871381193701e-03,-1.580583476784506612e-03,5.718766816906584866e-02
-4.197896321292114707e-02,1.232648086846864152e-02,4.057419260565749836e-02
2.715754217347705543e-02,4.448678084475599787e-02,6.249999675574298419e-02
-2.205872372941517640e-02,-7.382433623642441212e-02,7.676167972018500818e-02
2.987028868558450762e-02,-3.451451521892101061e-03,1.693854126299472809e-02
-1.303299857747928191e-02,-3.860673182001653908e-02,4.288950386702266443e-02
8.591395483586708806e-03,-3.197887210177327577e-02,1.684246282329589922e-02
7.384316466993175176e-03,-5.138413570439104988e-02,-2.648582308511937891e-02
-2.848146174117485371e-02,-4.440520070640294713e-03,-5.674152742351069867e-02
2.510630557359531598e-02,5.682923306141098724e-02,2.866165173354840931e-02
1.742230450080937618e-02,-2.991494624319600629e-02,1.723537208382051530e-02
-4.382671011021252797e-03,-3.198657272484009551e-02,-5.689974498490265112e-03
1.592038646100456950e-02,1.396821784787036225e-02,2.779938528305430853e-02
-5.295328939136156182e-02,3.177990059276822321e-02,8.128161344291420787e-02
1.245272205962914824e-02,-4.347902380639999398e-02,3.181893437709203132e-02
-7.814422966507876545e-02,5.121639793868692885e-03,1.320184257329116637e-02
3.554137314073621545e-02,2.620295631741124259e-02,3.160516016929154626e-02
-6.006581153099421755e-02,1.809226554871631171e-02,-5.474147580510228817e-02
-2.194063254082577030e-03,3.389334996822211503e-03,3.290276889533932936e-02
1.281843345056296254e-02,8.538086335873119534e-03,-6.261438547669148126e-03
7.077439880800824590e-02,-1.072233462234735250e-02,-5.054272149417026599e-02
7.178345668484636607e-03,-4.271558988095992132e-02,-1.438554707118297471e-02
-4.514478827758369034e-02,-1.271686116926271440e-02,-9.623062497330714740e-03
-1.888211182946703329e-02,3.675013144193463310e-02,-1.879184222092448314e-02
4.299650686941584171e-02,-7.347635581939454888e-03,4.352641028348207958e-02
7.584477278014697954e-02,6.697406222940843756e-02,-7.398519550496122921e-02
1.072036477753055819e-03,1.282819039099516653e-02,-2.236742252465932432e-02
-3.339296339740926295e-02,1.197493332174778824e-02,7.775627710596057056e-03
-2.305364305580511960e-02,-1.660691431681429048e-02,-2.621059925620143269e-02
2.051748869528356722e-02,2.357826534617256387e-02,4.042623894964345044e-02
2.517470284700582678e-02,-2.197968041950744411e-02,-3.325303508042381367e-02
7.680279307799410538e-02,5.590503554556325999e-02,2.176814516677887806e-02
-3.118641517929720934e-03,2.630535673889212913e-03,-2.803395531662528778e-02
-8.315219433975755067e-03,2.711975210718414048e-02,2.092165956244843288e-03
2.590837727557033371e-02,-2.243013527901136298e-02,3.421285897610454752e-03
-1.599785340686270263e-02,8.529850200685280825e-02,6.735086684604046914e-02
-4.363861620944560482e-02,-4.386536951141479374e-02,-1.853828188772279825e-02
6.601907549206674497e-02,1.337660824607156407e-02,-3.732112219433458833e-02
2.238152825190513340e-03,7.874758218142906274e-02,-2.921473873658314568e-02
-4.071692744590823913e-03,5.344820493446560648e-03,6.909221377487487215e-02
8.314952118345751708e-02,3.090596648747216332e-02,-3.106035995775579053e-02
3.025011148064437813e-02,1.531069935946461832e-02,4.575996709427245825e-03
2.004544086701991884e-02,-6.453315049720570809e-03,6.988401201133613572e-02
-7.508743809601256536e-02,5.838559115603660782e-02,2.580950594723371502e-02
-2.365318499298725563e-02,1.265268100932848139e-02,-1.761211563930991167e-02
1.205884919484197099e-01,-3.850317682583670464e-02,-2.824632402094057800e-03
-9.623079442860756408e-03,7.847302010223192181e-02,7.344208814518144411e-03
-1.458307849326591875e-02,-1.100732265603276234e-03,2.740791452509588194e-02
6.730918222243160998e-02,-6.762179867156435653e-02,2.072413770013686873e-02
6.290365741097900254e-02,3.051230265331256533e-02,7.051562086605578372e-02
-2.372953690324285797e-02,-2.290395196789455148e-02,1.603054876422656955e-02
9.292892147596119867e-03,-4.858879855457972491e-02,2.190796372097605568e-02
1.890630358836221589e-02,2.667506957580970464e-02,-7.005242630746906507e-02
-3.330248261304974422e-02,-4.328212830103420755e-02,1.892274980223164135e-02
7.541238175559791986e-03,-2.164629982599264313e-02,-3.790808831947403701e-02
-5.369120499291948510e-04,2.393780498364000281e-02,-1.798368856634919091e-02
7.302007904350951012e-03,-2.317073296646715574e-02,1.551706828008337508e-02
-2.859434118754413182e-02,-5.506195222911334369e-02,-1.599250472174723560e-03
7.824681139565306531e-02,8.817414127542009053e-03,1.017465880836383313e-01
1.253981727983988735e-02,-1.660729841778622526e-02,3.649284145167614596e-02
9.619756216596397208e-03,-2.512883804472266364e-02,6.998356723571490245e-02
2.510302010858153285e-02,4.725966212575103548e-02,-2.278819590554385932e-02
-1.788023451742751582e-02,-9.513542045174404327e-02,8.656782603342408344e-02
4.409654062017727416e-02,-1.938440728291467019e-02,3.227856535322440323e-02
3.965856940049142243e-02,-1.851316680309739171e-02,-1.979257297463558884e-02
8.479667435388744783e-05,2.648184426469097838e-02,9.111239893069186455e-03
6.055531764704341798e-03,-8.411897991100888636e-03,1.891553123131308606e-02
8.019531190423322131e-02,-2.565994377831365848e-03,2.551821729607919517e-02
-2.257652040582927566e-02,-7.622880509598466137e-02,-3.925917822325829254e-02
-9.282075108992846046e-02,5.055929973316748011e-02,-5.228632390643575545e-02
3.021841007115005570e-02,-1.987987603368097586e-02,-1.061504759492197247e-01
1.026563628282523184e-02,3.612550449772138073e-02,1.541661721417082742e-02
-2.808104233452891896e-02,-1.371914599129104260e-02,-4.455772990188369698e-02
3.245670551050901936e-02,1.744223620680887196e-02,3.622518606636387223e-02
2.638868841535707208e-02,-4.065398184561015704e-02,4.949863453648718076e-03
2.830480331582662171e-02,2.901309203391598188e-02,2.559698494595019289e-02
-5.484849452630481681e-03,-3.301661654146786917e-02,2.352150797510558014e-02
4.851743725615817460e-02,6.786024322410337539e-02,-2.199439923378546449e-02
-4.314178783689776031e-02,-5.703607465912533675e-02,-1.126824582894930989e-02
4.180281552774904597e-02,-2.233043774347275023e-02,-2.293158800430736277e-02
-1.050501355037822271e-01,3.205566159325234921e-02,-1.116197634281324153e-01
4.396093783879872346e-02,-2.406646442724046445e-02,-2.215214406665632144e-02
-2.635548214384495977e-02,-5.877766887323804257e-02,-6.382956981172885347e-02
5.174046263226431130e-02,-2.376055954858629499e-02,-1.182452988032495732e-02
-2.175840491075893210e-02,2.407701152771824296e-02,-9.216028970153600924e-03
-8.714718468030591136e-02,-5.173750258804415969e-02,4.704998320456754701e-02
-3.123752287679486261e-02,5.726763846078665454e-02,-2.727204637713217042e-02
2.701691435057887794e-02,6.585038337883579278e-03,-3.269027534750230946e-02
2.242218848889923968e-02,5.172177297341745694e-02,-2.589128294837754821e-02
-3.369535318682406744e-02,-3.831266581181175831e-04,-5.542096645584580761e-02
1.437396154175235238e-02,-7.820335798456148901e-02,4.805985749714929839e-02
4.810214572060059895e-02,1.587506292580673749e-04,-4.827516399429235792e-03
-4.956108638343367789e-02,-3.611565383554582453e-02,4.509922148029306410e-02
-1.650328664449849042e-03,-3.963233804250695935e-02,5.558821631011786474e-03
-2.221560728863642212e-02,5.102544928340841356e-03,5.363411090916456875e-02
2.737463527741766309e-02,6.572496453224814517e-02,3.484926022675132601e-02
2.149254714705108732e-02,-1.558942534129558778e-02,-6.778593745723840436e-02
1.822926441423277505e-02,-4.813999210989512723e-02,1.163934149932068646e-02
8.345820744096106233e-03,-3.552957880439527871e-02,-9.106286084527938363e-03
-1.204695937308671375e-02,1.313063009281545748e-02,1.455636300109684061e-02
9.648040153742488967e-02,-7.475702214255357247e-02,3.279356079556932507e-02
5.963214705128273840e-02,1.910480344203247319e-02,-4.867559333599218857e-02
-3.458762440635056168e-02,-1.090490960632734263e-01,-4.502093072981936533e-02
4.519396671182365072e-03,4.077832991724378818e-03,-2.303633723358870788e-02
5.004322339388163343e-02,-3.628581532627527233e-03,-2.628580223889825582e-02
3.384580627340302156e-02,-6.107162244981321000e-03,-4.154830852676683756e-02
7.330105539354472843e-02,-4.107410935493505805e-02,-1.002065603787192366e-02
4.385498663154764609e-02,-7.924804845783221807e-02,2.409209955107053519e-02
2.769783585623331740e-02,1.705134268838139414e-02,8.130733354991401957e-03
6.319328342576534772e-03,-4.891275170137157624e-02,8.044441668408784663e-02
2.620307869798019912e-02,-3.245575346962576834e-03,2.228945766441329385e-02
-2.868748931773935917e-02,-2.609079314891077014e-02,-5.041593764350220733e-03
-5.174440045550707246e-02,-1.525091069656296303e-02,-4.273998962501317916e-02
6.891171696422618287e-02,-1.205817554942509827e-02,1.276659429262083298e-02
-4.002003777787071365e-02,-6.953123773708684563e-02,-4.141425274657736452e-03
-8.619006751200507244e-02,9.310445146180955367e-02,2.200192086602492658e-02
1.653341932156475805e-02,-2.186191496461402373e-02,-3.407650451764495519e-02
2.650832968089348804e-02,7.233069507295078471e-02,3.071030021134475881e-03
1.392660495394549419e-02,8.807938316008730173e-02,-2.173934869059164499e-02
2.066210552008953052e-02,-1.092667802837104900e-02,1.148507010256796523e-01
5.207005923592285951e-02,6.278673838427950571e-02,-4.999191665399698586e-02
9.738039174286330577e-03,-3.727002062662519710e-02,-5.819121320295475575e-02
2.778510781826343604e-02,-7.006303471743732803e-02,-5.367524130151583167e-02
-6.382555778559087512e-02,1.498756519923974927e-02,-5.680436832423847032e-02
-1.433172578144485156e-02,-2.239749528953398957e-03,-1.240047045864956128e-02
-1.763355924179730791e-02,-8.584083649408251471e-02,-4.173975686131469603e-02
3.063129707254554426e-02,-5.289121258621057656e-03,-7.416264484444297367e-02
1.258862834247785091e-02,2.791412526177843717e-02,1.760350941979993769e-02
2.212948077111959178e-02,-5.400527218745940911e-02,-3.064927841815536305e-02
5.736960771313035640e-02,6.360032352327675553e-02,2.617659698145493805e-02
1.298609917126997484e-02,3.523283010262859977e-02,6.016484505074627676e-02
-5.053668718814800093e-03,3.590897312700045991e-03,2.033832901038821681e-02
-3.055871936807973144e-02,-4.780579992075083967e-02,-6.180177201883102489e-02
-2.568640937474712255e-02,3.896846036341870736e-03,1.714434017589518480e-02
-5.074234400038888509e-02,-6.113153264525050118e-02,7.745570661603246032e-02
4.570542040520945981e-02,1.129098431780581335e-02,-1.275659313107127373e-02
1.329639713808525824e-02,8.380591475689162795e-02,1.537064673918697374e-02
-1.004864629465494590e-02,2.196634720425103340e-02,-4.991005797088231277e-02
-1.348969092274874756e-02,-2.488525299386298850e-02,-3.497241898938327487e-02
-9.040047937720719490e-03,6.189857349652171797e-02,-4.383749518334444789e-02
3.244728555396435288e-02,8.144685820152190725e-02,8.388208259385104837e-03
-2.965093337987035824e-02,-5.081688100038053713e-02,3.863496336335910802e-02
-5.168226522391645983e-02,1.269100229452810140e-02,-3.815185549663661219e-02
-1.862063698880902715e-02,-9.958856700724326438e-02,2.567856996081242793e-02
4.988407641630904915e-02,-3.040284926011743022e-02,-3.498877477310653739e-02
9.317164089927844339e-02,3.466129237842364812e-03,-4.923072395108896854e-02
1.303527420099008342e-02,1.781918364467452789e-02,6.499286098919397625e-02
6.813072500226185872e-03,-8.058446914749632650e-02,6.458332842257527399e-03
-1.968142222112464687e-02,-3.699879070613039389e-02,-9.363644605721311827e-04
2.053784146086718929e-02,5.278368786169103377e-02,-2.769397134178108733e-02
5.812272354901115018e-02,-2.201877943526677015e-03,7.115789989898696488e-02
-1.789198373306865458e-02,1.558117670650441440e-02,1.372146793626560606e-02
-1.331072904908222297e-02,-6.686872660526725631e-02,4.077200194993018528e-02
9.111752145074033388e-04,9.011265812663260544e-03,9.603916782993469209e-03
5.231034043052355115e-02,-3.448882458348968057e-03,2.921894907959201801e-02
-1.573760282820738446e-02,-2.045099643152328145e-02,2.457382525958898625e-02
5.685746817854635954e-02,-1.077122260425070893e-02,3.775241755041865849e-02
5.959790735625188768e-02,-6.279021994303117526e-02,6.880722054504946616e-02
-2.317862130382176630e-02,5.876505403443563896e-03,4.313398778968692560e-02
1.950670945662943967e-02,-1.324317200876574431e-02,1.380491741334919850e-02
-2.823938683910562700e-02,2.623908849527519654e-02,4.854025315607762153e-02
-2.236381902324409074e-02,-3.296486936490852695e-03,-4.373682319986989947e-02
-3.015117517584824103e-02,6.793142242004012593e-03,9.164496321671893389e-03
-7.852472485444926542e-03,-1.240700730697679409e-02,-6.694104132092495996e-02
5.849043708072392683e-02,-2.472429686590279369e-03,1.712339154485642556e-02
-5.304750739933998538e-02,3.129819176329248082e-02,4.027337668112682123e-03
-1.723696584395919065e-03,1.283941608664283807e-02,-9.364454102325552032e-02
-2.363403928109034449e-02,4.787043814398903724e-02,-5.349308420430155808e-02
6.048264455427058289e-02,2.597194869648618634e-02,-7.192186554570192437e-03
-5.758614984248995594e-02,-1.164394542774720674e-02,2.901649957708006544e-02
3.929520548173075006e-04,-2.413357341476597348e-02,-9.901164694322213411e-02
-6.924961970704789430e-03,3.265326785909355295e-02,8.100937658576050360e-02
2.097965047312061460e-02,-5.816634277725220986e-02,1.308827551483494542e-02
-1.385144859898455004e-02,2.792752046003840402e-02,-9.420185727499455486e-02
-4.943316100006259900e-03,1.926237614925252126e-02,-6.321227367993136059e-02
2.953388176135707949e-02,2.526055318396516411e-02,-3.256252314366741424e-02
-2.306045621736716594e-02,2.665232718498587727e-02,-7.011431859435897362e-02
3.288100455997133680e-03,3.476503760167815038e-02,2.057370888321348457e-02
2.693269191671690196e-02,-1.453550961900296201e-02,-5.894287151744497834e-03
1.382624790909971202e-02,6.123027064499149408e-02,-7.540088484655231571e-02
-3.857128477558963153e-02,1.620011472487191753e-02,-2.060488916104471872e-03
-2.906401331311769982e-03,-1.016039420757261363e-01,-2.718645098190667145e-02
-1.919000124078063321e-02,2.366497695970828236e-02,-1.005626952309191316e-02
6.401636591812460975e-02,-2.411648985087838648e-02,1.030517726661379571e-02
1.109259427568513451e-01,4.265328524770226927e-03,6.617681200312007690e-03
5.699019000371918081e-02,6.175573406042335345e-02,1.902323214947334792e-02
3.199752408241091778e-02,1.083570368987450405e-01,9.182383112962535718e-03
-1.664176560260623508e-02,-1.799372551193832367e-02,-2.404258271239546191e-02
1.782453279846988800e-02,3.520002039104013630e-02,6.834537136091727028e-02
4.485723951946319482e-02,-5.418187774751556836e-03,2.122094833410501785e-02
1.552848746312691409e-02,1.062174416357142270e-01,-5.575740355195466652e-02
8.733028131331861676e-02,-8.123216434613785009e-03,-4.485218951544683343e-03
-2.717463415349242670e-02,3.805562111488273308e-02,1.935680700404077137e-03
-8.407180104692611733e-02,-4.696995720767184468e-02,4.785937102823600853e-02
-2.729291652805337920e-02,-2.559522467116212563e-02,4.689055145356055276e-02
2.189195989277656004e-02,6.590280942018171551e-02,3.628239334582675484e-03
1.220641053774107650e-02,1.095721445321027124e-02,-5.340391942637493991e-03
-4.909781586638169854e-02,-5.326820881650427830e-02,2.265716910684662314e-02
5.627305885132607814e-03,4.528369473707501841e-02,3.271027710225721946e-02
-3.313010938020131274e-02,3.260550856247179663e-02,-4.451374370429966171e-02
-4.919996172283633284e-02,-3.315329668612245623e-02,3.843838987655870745e-03
-2.956399745587557151e-02,1.007770564434188991e-02,7.570310163882197629e-02
-7.208187367934926204e-02,-3.001719755621232166e-02,5.139680035029901839e-02
2.721659011982808379e-02,6.167379302114112984e-03,6.214211454660478057e-02
-5.422921544436166974e-02,5.136403609947978732e-02,2.394477091595740778e-02
-1.945425685799252041e-02,-1.155530418298618585e-02,1.630222834532617585e-02
9.618804567065665804e-04,-1.192455772586578470e-02,-3.419470350092417704e-02
4.591053990722316139e-03,4.916383629596920990e-02,-1.264018771956822509e-02
-3.538043651520142441e-02,-8.649940578520773013e-03,5.678406048160154762e-02
-5.418155524870355531e-03,-2.614694659223133766e-02,-3.942443675199788083e-02
5.222701045565124323e-02,-8.764741710214374315e-02,-3.341413948964020580e-02
-2.282624637862797415e-02,2.943704162555972614e-02,3.432859265279124966e-03
2.415808089884601689e-02,-1.189843549852879490e-01,1.707770739342185512e-02
2.763400832219087624e-02,1.131631761442740668e-04,-4.316109265138010770e-02
1.338462757967873867e-02,-4.584672611251709717e-02,1.615127812376341079e-02
3.952580944122494749e-02,6.551603043141641762e-03,4.614222276684628449e-02
4.119547469761313668e-02,8.212003067454361205e-02,-7.959636689615673388e-02
1.410108880956021868e-02,3.783952946142145335e-02,-2.641980426468226034e-02
1.779132599655030081e-02,-1.084594530794061144e-02,1.536542268715346271e-02
5.618930812354723525e-02,2.860034671125620542e-02,4.352876405564222451e-02
-3.000186443016205837e-02,3.468938296047361508e-02,-3.072901546755982954e-02
8.997821366860796199e-02,-3.109840833314281641e-02,6.677959052465363976e-02
-8.406019222836587368e-02,-2.696722807188950410e-02,5.940940185805696633e-02
8.817397091425489830e-03,-6.649734243497439079e-02,4.975737124307662296e-02
-1.782195534186417976e-02,-4.738639058788236542e-04,2.115751500621383327e-02
2.343910215571379241e-02,4.509339742322349825e-02,-4.982024074474426800e-02
-2.570203805576118470e-03,1.420303496741862591e-02,-3.251071097321214798e-02
7.588198159201060833e-02,-4.376853418350699215e-02,-4.346688078622264195e-02
-6.501719678401771119e-02,5.752555890820330864e-02,2.276336608693006747e-02
4.388869070510213743e-02,-4.702988228449000302e-02,-3.505516535586078453e-02
-3.099095724400073235e-02,1.024069881491921769e-01,-3.247301529763971933e-02
-4.183458208782796922e-02,3.219670878344652650e-03,3.787514728351654841e-02
-4.264691596244945399e-02,-7.401551413171093829e-02,-6.338226642150877888e-02
6.466243226622811480e-02,3.099224791159516795e-02,2.093693905474634798e-02
-2.417786829702116627e-02,-6.837434714401832703e-02,4.485208870794081537e-02
4.439280470750853538e-03,1.495062518304608561e-02,5.132348107045605137e-03
5.552122061129988184e-02,3.937608960356438897e-02,8.001917647956688362e-02
-3.437629593357981184e-02,3.546013743837336113e-02,-1.280834562313273688e-02
8.506587348993335795e-02,-4.923698952555143060e-02,-1.986104697113577275e-02
-2.943097279960637733e-02,3.727470625018462422e-04,6.966438003573026394e-02
5.904950913823860115e-02,1.808947521011655679e-03,1.767845101260528615e-02
3.237765327996817294e-02,2.070157725148452296e-02,6.054899769356262597e-03
4.944908032921990076e-02,-3.480847565031003343e-02,6.873897386357290251e-03
3.725252289236471309e-02,-8.358615472685343439e-02,3.956060028289861558e-02
-6.149591496129398760e-02,-5.294642426481194208e-02,-5.678129238439583865e-02
-7.233128222348028658e-02,-2.069995124318579210e-02,-1.116907340204350944e-02
6.097150696091165056e-02,-4.126037936617714744e-03,4.742749985448486277e-02
4.347970842581700551e-02,3.296713622585820819e-02,-3.094009867298001121e-02
-4.639421286851813653e-02,-2.768433063822275594e-02,-2.252980132821094314e-02
-1.338307191158781898e-03,4.097718346370279180e-02,1.257098224227592466e-02
-4.419688876187414378e-02,-4.599444190054015336e-02,8.396119057553544374e-02
2.561112749802886210e-02,2.778469213498688251e-02,-8.732468181214407543e-02
-2.403681409607804492e-02,-1.174197959903945133e-02,-1.032470590546900185e-03
4.895727622970857083e-03,5.690733817254276655e-02,-3.571761143749302425e-02
1.762566618798721771e-02,-2.623625485273300625e-02,1.347314057681732284e-02
-5.730939256067202336e-02,-1.529884596946143576e-04,-4.898919610733319663e-02
1.790526143371598544e-02,-8.117224982236362352e-02,-2.804832183999185404e-03
1.664386009335951794e-02,2.764932745601270288e-03,2.994459438017389036e-02
-1.733872906092471036e-02,-2.054041000370844874e-02,3.388190817649757575e-02
-5.984838121578706788e-02,4.102656392891026321e-02,8.153265691503915058e-02
-3.073669053604559734e-02,3.703960780357012147e-03,-3.969183482671528873e-02
4.565123765599849934e-03,-3.450998243709056668e-02,6.497021919969450665e-02
-4.257713570697790190e-02,-3.726289563962155438e-02,4.058563546653281943e-03
-4.647350168277988858e-02,-6.658472027409749472e-02,-5.936753375633875042e-03
1.499155497902598423e-02,1.380979096219894092e-02,1.684904953149361437e-02
-2.009225878947936209e-02,-5.260751560273230903e-02,-2.312435419610242918e-02
5.102457538257406527e-02,3.100829437711873082e-02,-1.626686215015040599e-02
-1.569354415219911120e-02,-9.287547387909057470e-03,5.128813043541519817e-02
5.226165489080327603e-02,-6.729502853041804955e-02,-2.775875789217758030e-02
1.258975218172954033e-02,-7.253682516931580886e-03,3.595734468020923835e-03
-5.210387258769361846e-02,-9.996490486004394951e-03,6.717794569675196448e-02
6.078885731398395859e-02,1.465807166569666788e-02,8.495531696957364653e-02
1.408506181717891770e-02,5.176100690323308384e-02,7.134120494214253594e-02
5.112512660313776880e-02,-4.407562614209099144e-02,-3.267328288411577505e-03
-2.447996122150903134e-02,3.049656333426465889e-04,-2.163579716710909914e-03
1.178582984475801988e-02,5.504751823506531111e-02,-2.794811473264005586e-03
1.306082478924069402e-02,-2.660982799674905044e-02,-2.386763884465203413e-03
-4.982447105036059802e-03,-8.306818845751568273e-03,1.779193841139708673e-02
-6.156577906042408344e-02,4.566084232968319750e-02,4.294235418987930875e-02
-1.257869875917193639e-02,-2.769511491694214358e-02,-6.909320759754990215e-02
9.014969599149547097e-03,-4.273711529876307591e-02,-2.451434175800626739e-02
-5.389459356165354764e-02,-2.700651746519577845e-02,-2.584871546287852498e-02
4.104743235213413610e-02,-1.116527091246815109e-02,5.546486794889307625e-02
-4.515194032139397545e-02,-2.840714015811368967e-02,4.677079446678428926e-02
-1.648672942524061560e-02,6.870430224683486513e-03,-1.914418488038977656e-02
2.104106169759525132e-03,4.151474109007078695e-04,-1.139806152396946604e-02
3.913144755822066390e-02,-4.676276911795220967e-03,-6.305005369570949869e-02
2.791155586453740803e-02,-1.239362466737055878e-02,-5.502290946634828817e-02
4.278933179483137422e-02,-6.610438167221739658e-03,4.148619588349303916e-02
-7.915867589804741547e-03,6.005996845739308004e-03,2.345795443095896951e-02
2.706722907569746733e-03,5.630570637406033876e-03,-2.557587948238993283e-02
-2.565760298985065788e-02,2.099775142866092473e-02,-2.958048117915566128e-02
-1.380068507202828788e-02,-3.601841875378637009e-02,-5.504566024893660370e-02
2.166807640337349225e-02,6.290611400485376925e-02,-4.362990349419469671e-03
1.053350537474799856e-02,1.611042145300536910e-02,-3.326050207326337882e-02
-2.445064276194464786e-02,-5.204594239512370241e-02,-2.700094259703002611e-02
8.304748566691331699e-03,-5.097821327504990091e-02,-6.153657491607856383e-02
4.504526270443177938e-02,1.394586871408319897e-02,4.924492122852528603e-02
6.545206964136356109e-02,-3.318255583545310500e-02,-1.811139380890406910e-03
5.286131040957770671e-02,-6.513240000899521431e-02,-3.758956680345346135e-02
-1.434927727725761716e-03,-4.189570676287885514e-02,-6.511874648498923446e-02
9.130136018179077495e-02,-9.629725280326626932e-03,-5.583737333909718527e-03
3.371108594165142525e-02,-1.950029833499968002e-02,-2.786935300063009269e-02
6.177832063049755462e-02,-1.431845124030248564e-02,2.534271889768791378e-02
1.360795521834189635e-02,4.952974468668168255e-03,-3.729012169159150181e-02
-2.957888870338896622e-02,8.427447253321353193e-02,-5.394653947439018990e-05
4.516943819130446458e-02,-5.095515423930272597e-02,4.232785944449769799e-02
-4.313769824078437370e-02,5.861190131559063099e-02,3.887694604693908013e-02
-5.613560576484516451e-02,-8.318247849234940150e-03,-1.366083870817833001e-02
1.996750406081203213e-03,3.886994767612571289e-02,-8.070257325886801003e-03
-3.992311900030770522e-02,-4.318370507681034559e-02,1.872413951155946915e-02
-1.274967183593849265e-02,2.515131869897282990e-02,-7.694708642968310641e-02
1.303372438769628307e-02,1.442413600864745661e-02,-3.185644682098863478e-02
1.563484359670108681e-02,7.176216979006076746e-02,-3.703643575241532399e-02
5.134662880763716380e-02,-5.696193360574856868e-02,8.897458904639535260e-02
-4.323957729966230058e-04,3.486463356646082867e-02,4.256964903996790853e-03
2.741043804604294948e-02,4.539656398007999721e-02,-3.608988407643289736e-02
6.722149179590383716e-02,-3.026907235661642839e-02,8.098844406499852711e-02
7.288831502261383264e-04,-3.451037655260565801e-02,4.051197115487568251e-02
-4.713777496655820187e-02,-1.223039410436883162e-02,-2.450009369013346830e-02
8.411928386213718412e-02,-5.168943176556223956e-02,-3.880392522601217725e-02
-1.720059339840027124e-02,-4.541158491387439766e-02,8.120972573739647371e-02
2.168807869502907895e-02,2.554795841132202067e-02,-3.399943137566170670e-02
4.156263475424534781e-02,-4.300797747121888615e-02,1.081297719730577207e-02
-8.847292642981274824e-02,-3.998478241757411587e-03,-2.303033956244438310e-02
-4.997718155674429202e-02,-7.342105922311592536e-02,3.196787166488724262e-03
2.454492187998222330e-02,-5.076174420319601310e-02,8.692370797771654944e-02
3.971628295508516232e-02,-5.766991913386883273e-02,6.256288639085776093e-02
7.042641487944657265e-05,1.098672942360752643e-02,-5.702055986252955316e-02
7.426214576718009885e-02,-4.918233341847381979e-02,-6.946411082169300089e-02
3.681579100511915125e-03,-5.533056087261232353e-02,-1.162092828922252873e-02
2.310211984562330137e-02,3.958912426919369842e-02,3.349381713156917434e-03
-4.918429228707747042e-02,-7.288932053113557352e-02,1.386036368511722391e-02
-3.446872418575006383e-03,-4.241308827507712931e-02,-4.063798494425123649e-03
3.468740744690882588e-02,-2.001147106922996494e-03,-9.638960510165444848e-03
4.436161073107251079e-02,1.925655307535957192e-02,2.579504761302008672e-03
-1.626952381874768871e-02,-4.281480669470245221e-02,6.974917267487583394e-02
2.137915546913543227e-02,-7.789744088789854470e-02,-3.971992497755948842e-02
1.550658409612589231e-02,-4.503005555581445461e-03,4.787850134040462502e-02
1.967957657767310450e-02,1.639258368597125036e-03,1.770492373154242127e-02
2.891502426567751916e-02,7.596608048058851870e-02,-1.052713073552690587e-01
3.010191135850995292e-02,-4.618525209054130665e-02,4.211480683568080696e-03
6.944520834606170145e-02,3.529738871701942199e-02,1.265237123734775163e-02
-2.898975217834706686e-03,1.024521907345201238e-01,2.098564099152732190e-02
2.361431434450082800e-02,-2.185704320261981116e-03,1.775641671983379383e-02
2.969168623781551219e-02,7.719660704442798081e-03,-1.879559973469627568e-02
-6.042371934165243624e-02,8.793591946831962047e-02,2.413864082950886031e-02
7.217258007311869172e-02,1.565837953099963320e-02,-8.767051723599508101e-03
7.793103112272914412e-02,1.565093146122413167e-02,-9.416910606736423814e-03
9.636795007083022446e-02,3.409062192021358045e-02,-4.419338707525240217e-02
9.930419936957171623e-02,-3.263200177828788000e-05,-1.051870142390172319e-01
-2.350821508667631787e-02,1.705722652389521019e-02,-2.733288513779283044e-02
5.339466755196822789e-02,-2.728989154461900976e-03,6.607168041629124522e-02
-7.080911862665512091e-02,1.626187185463659479e-02,-3.496496032266322579e-02
-1.346298958931498382e-02,-5.614824246731480589e-02,-1.616253620553991313e-02
7.364929986713196486e-02,4.405559855810178838e-02,2.208232964365777068e-02
4.293090330947336997e-02,-2.849756051099952558e-02,-1.300469418221721248e-02
2.659550897233494554e-02,-3.770881742061597819e-02,1.032277128707643696e-02
-3.684374376127847600e-02,1.070353491840672806e-02,-2.701039128315785298e-02
6.340938726774497658e-02,1.762431528582070195e-02,4.579367529400575122e-04
-3.578876919036805271e-02,6.646966727793322816e-03,4.043666688771684059e-02
4.827348353379595780e-02,3.490788744876263672e-02,4.801127074550671364e-02
-4.304021237548857903e-02,-4.077238638124744408e-02,-1.066306904668686863e-02
-1.726422992168671552e-02,-2.317236554146200056e-02,5.465153082207795110e-02
4.191684875778049356e-04,-4.543862126075415265e-04,6.900192510890876263e-02
-2.419658295086921096e-02,-6.579931982528194889e-02,-6.448487598666625964e-02
8.793225734601695098e-02,2.305737259620681268e-02,-5.619466339554393675e-02
-1.165830218478777422e-02,-3.624040239993997492e-02,6.125987348405968758e-02
8.594526888941203535e-03,8.922401031706778118e-02,-9.845191821504421792e-02
2.251606873071525586e-02,3.167032957519497465e-03,-2.008386353288788700e-02
-7.480013996239123081e-03,1.651168722218884777e-02,5.114833795103547465e-02
-9.041517777598789829e-03,2.613354455833342624e-02,2.633631908187857029e-02
-6.724012917945884626e-02,3.581293238660587265e-05,-1.618899171594754063e-02
3.501115400512892772e-02,2.179585193515639480e-02,-9.874838975279558867e-03
-2.784521012483341315e-02,3.215703833480266366e-02,2.965588142305542602e-02
-9.243029829450861989e-03,-1.041747216800722499e-02,-4.016502247886127169e-02
2.960405328620198048e-02,-2.718858576463241764e-02,-2.479957397934573829e-02
-2.879237110907752369e-03,2.829790614474912008e-02,4.380381069270265770e-02
-1.067364428132815818e-01,3.919343258789780710e-02,5.373032213405512514e-02
3.104576537284057039e-02,6.166520486502365117e-02,5.582478732481751388e-02
-1.236819556771196621e-02,-3.856702980858785212e-02,-1.270948181600328741e-01
5.141689305594260295e-02,-4.527942320554786265e-02,-4.585863896074061224e-03
-3.592497529746468271e-02,-1.499895357581367168e-02,-2.258771720800134206e-02
-4.299829993387746518e-02,1.516210138491305487e-03,5.246268718674075224e-03
6.395289009610780062e-02,5.327104504920945156e-04,6.239848280465203068e-02
-1.320944255567089130e-02,2.293162620826958049e-03,1.875142756753152978e-03
1.377269810305020367e-02,4.138152463867809244e-02,2.682573408548850208e-02
-2.384471549252423217e-02,3.230943221093508788e-02,-4.751955183028959417e-02
2.786091491722777688e-02,-5.516280607136209851e-02,-1.584330631055507962e-02
4.288940824863946011e-02,-5.651870906320395627e-02,8.711974686191779893e-02
3.867121808527613624e-03,-2.615249506533298338e-02,-5.887623185897863931e-02
4.716415661189327785e-02,8.747059266703111069e-02,-1.456820702238062482e-02
4.050216106424339713e-02,-7.022340076881740389e-02,-1.031776014177400794e-02
-4.341700989661962523e-02,-6.445782917100048408e-03,2.447005579503554532e-02
3.840953344813231862e-02,-3.210174538081821127e-02,6.805125866624298081e-02
-4.159740653873915395e-02,-2.222598419427940925e-02,5.434316982807974039e-02
2.067190873194488590e-02,3.093648070966097466e-02,-6.478035273318133794e-03
2.531773164351904665e-02,5.539514896271578726e-02,-1.760560073971357067e-02
3.312844648550952731e-02,3.572766752689272851e-02,6.655919692606236671e-02
1.170651015396909633e-01,-3.116089076979520686e-02,2.408957043375668794e-02
-1.723156062811681197e-02,-7.324628752063466752e-02,5.760332400498810457e-02
2.320535643104592802e-02,-9.660201293244226328e-02,-6.987623107263829514e-02
2.713128630937269858e-02,2.587912198209123098e-03,-2.275828435626215882e-02
5.405061019935577561e-03,1.365264159484335348e-02,1.344557871542207371e-02
2.434271015587414176e-03,-7.377313691537292634e-03,2.063966346384250514e-02
3.111224033651974197e-02,-1.043810331934924562e-01,4.793492666817578129e-02
-2.615887707791606474e-03,-6.086082272886097350e-02,1.941809316408259255e-03
-1.902621961786597066e-02,4.937018775688782612e-02,-4.301690513757885914e-02
7.921966449081714601e-02,9.471164915588936584e-02,-7.931661829782879480e-02
1.292580338038068315e-02,-1.405250886653609463e-02,-7.657139630493758897e-02
7.158632931355606195e-03,-7.389580681100266224e-02,-6.049725609761284068e-02
-2.728481809847704137e-02,-6.315031481909513800e-02,3.168446842853127245e-03
-1.873238521875753362e-02,-9.599520723385143728e-03,1.165179658526883932e-02
-9.552501450832289603e-03,1.201051000336303930e-02,-3.094668583824330965e-02
6.091065088517114839e-02,1.010682574160513998e-02,7.327745101848767706e-02
-6.570763610350210341e-04,3.363570162129625452e-02,5.463870140967894140e-02
-2.159421273409603895e-02,3.793600994322856440e-02,-1.380439784935386278e-02
-2.996043321708583701e-02,1.216931432957282094e-03,-3.117237336700164757e-02
3.201108618458912286e-02,-2.333298590281228553e-03,3.421607051434728125e-02
-4.528931076499653763e-02,2.677156355101228263e-02,2.296781330808735089e-02
4.293944623726409643e-02,-1.064321229566847840e-02,2.734498084270355067e-02
-5.018806497222377816e-02,1.090527354861242290e-02,-4.025685779742430546e-03
-2.293406280712903533e-02,6.875159861825581864e-03,-1.717591919406424514e-02
-6.512020867131899926e-02,-3.190261594264946071e-02,-2.984400256190824011e-02
-2.606857870062814081e-02,-7.614783432884673908e-02,-1.236502499258320233e-03
3.562021939385572739e-02,-4.025988760759378199e-02,2.368507893981646253e-02
-7.247531129073571041e-03,3.475716568342462204e-02,4.158945699536301110e-02
1.955577982708926743e-02,3.719682558761813751e-02,-7.589564574679653897e-02
6.615528132682486386e-03,-1.123245745462562138e-02,2.648553022314889191e-02
-5.623557667653841796e-02,1.022801590549168166e-02,-3.402953737312801319e-02
-1.434147721713024178e-03,-3.782956510500539490e-03,-9.287801844478076052e-02
-1.467280122242110157e-02,-7.809096951298830080e-02,1.038428812092460733e-02
-2.428993513070011254e-02,3.447767524579140735e-02,-2.159086017270362215e-02
-3.634489150853519729e-02,6.136431232880399517e-02,-5.059201755977810883e-02
5.128462202452230972e-02,-1.163828939138402893e-02,-3.687974235512666427e-02
-1.232527666418669786e-03,8.579388269355748067e-03,3.396663424097204342e-02
6.585226034307378740e-02,-2.104550296562605199e-02,-1.650100883509468758e-03
-2.846257496955399355e-02,-1.719475700612757910e-02,7.362088825613974374e-02
-2.912023706971163250e-02,-1.736064324803457404e-02,-4.985562060609066704e-02
7.417132764446345526e-03,-4.415940595613247061e-02,2.651162911632278657e-02
1.031966003365592938e-01,-2.713911492514876553e-02,5.805618141024235061e-03
-4.195531617178477335e-02,6.314136291566191383e-02,1.062056573168710175e-02
-1.399618943118496536e-02,2.612344568969083777e-02,-3.195175252451334762e-03
3.146858914047426237e-02,2.898905471644091375e-02,-2.556878495517593899e-02
5.712271191243871102e-03,-4.914929658790141015e-02,-6.055315436490828901e-02
-1.650885690474035439e-02,-1.025903308587242102e-01,6.221231127066523953e-02
-1.736692716882201268e-02,-2.500426516641975419e-02,-2.849293128039862705e-02
-6.028525777383619139e-03,7.645356562724749463e-03,-1.817516944805057724e-02
2.137248354795616076e-02,3.078452924545131350e-02,-2.128789221204343760e-02
-9.027238189133772808e-03,-2.540576938487133091e-02,4.404006576169416237e-02
2.345122092275240405e-02,-2.144802903172607703e-02,-1.201034973397130216e-02
-3.175042682621732199e-02,-2.880012467645143640e-02,-6.364356202998758261e-02
-1.817420192609621107e-02,3.565048216910071417e-03,-2.444383254138028302e-02
-5.267335524315312073e-02,2.638034897242350074e-02,8.885312277384834964e-03
-5.475959625193168451e-02,2.016959613429801859e-02,-2.768561676986219799e-02
-7.028775262320112460e-02,-2.844338286477244432e-02,1.331134622854614896e-02
5.212064142265883382e-02,6.343383762407027449e-02,1.693063973472778375e-03
-1.004781759955897524e-01,-3.189069650854108560e-03,1.147111800984151608e-01
-4.799644256338578968e-02,-4.210769568697696197e-02,-1.170090250540357091e-01
4.492152785049069452e-02,2.423309986982792943e-02,-1.568060108902296843e-02
-6.701193760623995466e-02,3.055169647318816545e-02,3.576289465125766925e-02
-1.240622319022788821e-02,3.513781558269563066e-03,-1.351624948806267289e-02
2.815335980852162398e-02,3.625085804977865728e-02,5.011401890314453461e-02
-1.460664144941747032e-02,-2.842329975304427880e-02,6.578016843298589060e-04
2.514504856111491899e-03,4.908815189260384154e-02,-4.307572751733553668e-02
4.061567107253133413e-02,-5.910955167797333175e-03,-6.552058296632115586e-02
-1.010651723371063654e-02,-6.148944407785113253e-02,4.000611460848655515e-02
-5.111968957269887037e-02,-2.327401078770953771e-02,-4.607709915318532537e-03
4.896640803138629233e-02,4.004243561579093336e-02,-1.287200235813020302e-02
-6.200525978310704282e-03,-6.282612878876189799e-02,-2.300296069829262449e-02
7.532542480630492754e-02,-2.089201309666333800e-02,-3.588772579518443272e-03
-3.777090152234445844e-03,1.093026682931194475e-02,-8.230747875712171591e-02
-1.652488047156981318e-02,-1.111607161269921422e-02,6.039521514923562595e-02
-5.069498753090623949e-02,4.473051971539847987e-02,2.188850583623233939e-02
-1.560831255460546144e-02,5.484266126553908639e-03,-7.696631195337788611e-02
4.484919588977121646e-02,-3.967745359634881203e-02,-8.752259683725176209e-02
-1.991941304090222992e-02,5.411960496818993271e-02,2.798228491676645838e-03
-5.619787090042479422e-02,-2.843745736172580835e-02,6.404133397579006570e-02
1.019001969687862857e-01,3.530932991712368990e-02,6.525576745819834656e-03
-1.638132663451000171e-02,9.762976667435382602e-03,-7.174895939551230797e-03
2.009739212937639713e-02,1.322650638541114296e-02,-1.041860955135989926e-02
3.236758698474280493e-02,1.823378538663551068e-02,-6.241903194870326160e-02
-4.843736599032007206e-02,-6.289165102301297328e-02,-8.792309286991295200e-03
1.807610117853826123e-02,1.690092058570987280e-02,-2.135790282865294640e-02
1.547788988827175118e-02,-9.584028804979426164e-02,-2.207800085957189323e-02
-7.116463827992011715e-02,4.235103009706678301e-02,-4.327089494938773928e-02
3.343515511279129132e-02,-6.001892247050581719e-02,-7.200936017955211765e-02
-3.679849367955545514e-02,-1.224915319888556647e-02,5.261477675867736598e-02
5.245485923887532875e-02,4.012541990894232663e-02,-5.253504495823282938e-02
8.277393162315191399e-02,6.392943455378870266e-02,-6.066099415381926568e-02
5.219490839080609054e-04,-7.204313229549705322e-02,-1.736580346756595380e-02
-7.703731422635438919e-02,2.576371532552620101e-03,4.282418949568629618e-02
-3.143280309145945420e-03,3.575311613581123177e-02,-5.203430826178762070e-02
-3.331911642136971274e-02,4.732751104766713852e-03,2.891748707590940676e-03
-3.154984952670200626e-02,-1.790918743676719535e-02,6.164312732041377085e-02
-1.002630508522279751e-01,5.244346569660376239e-02,-3.808418823497163042e-02
6.787909876876867254e-02,7.667622960186015746e-02,-2.427926181591811075e-02
5.644275279765229719e-02,-2.571250989861458697e-02,2.591215244368855891e-02
-1.108591990030158812e-02,1.287500890882192078e-02,-1.113060530250963992e-01
5.065931667515045922e-02,1.211441877029606137e-02,6.374167984938052152e-03
7.040178078505762715e-02,-3.310987639450620884e-02,-4.982097508883522562e-03
-2.300088012771193610e-02,6.148879648945373456e-03,2.288904893878808758e-02
2.892555614625720584e-02,-2.729010696150542883e-02,-3.898650845325256874e-03
7.397134735414918894e-02,2.977244884300611974e-02,1.522805801659264831e-02
-3.806202903695461021e-02,7.000153286516037909e-02,-6.683287652746594532e-02
-2.412353350013357600e-02,2.839687077570669793e-02,-8.597275771135193170e-04
2.371955300169617184e-02,-5.188687954544957126e-02,2.958890383752143735e-02
-4.825521906505548381e-02,-3.859250208098240903e-02,-2.734931002753184653e-02
-4.893948121567059766e-03,-7.084105356918644902e-02,-3.783563856319014512e-02
5.287798285612025587e-04,8.922600264838657924e-02,1.027105176057657200e-02
1.144579018043581642e-01,-6.073271650632620922e-02,4.783822558278114784e-03
1.099001876145450952e-02,-1.688854875691794474e-02,2.841839112057530786e-02
4.882442099462863672e-02,-6.007655947288998571e-02,1.863081103445134862e-02
3.108426045014527073e-02,-9.041430757453217809e-03,-1.798551772591027462e-04
7.191747132564839384e-02,-5.457528470507879564e-02,3.048899424995589816e-02
-1.229727030352144659e-02,-5.730921750923413660e-02,-8.092022486386898916e-02
-3.656904214002352355e-02,6.370705939736560908e-02,4.392194513236081545e-03
-4.385402620870755552e-02,-4.198444649001139423e-02,-7.007091035999558903e-02
-7.591816410115407275e-03,1.742813327727018441e-03,3.064743746405807975e-02
1.245694677440231830e-02,-6.687751016946955063e-02,-7.348408887508953158e-02
8.840084896894222222e-02,4.827713575595837456e-03,3.969387974757430243e-02
7.370592390972217911e-02,-5.720384348989283885e-02,3.595091091987352022e-02
4.823756076611680071e-02,1.661172281195603950e-02,1.384035775099850922e-02
3.161815249297263847e-02,-4.661071197586193096e-04,1.197909422278692522e-02
5.166278794318236028e-02,4.339809353537705389e-02,2.090330749758842130e-02
8.121792841119095455e-03,3.234127968750951515e-02,-5.587151558040642091e-02
-2.485630994126033014e-02,2.639792799522312251e-03,5.308559434804739630e-02
-5.796595067029965131e-02,-4.630165692400296795e-02,3.454438767489553027e-03
4.551642418877042268e-02,-5.197012093921460352e-02,2.270340009571036877e-02
-2.460170143166486023e-02,3.270459096596335657e-02,1.669293767753600791e-02
8.480926928682752837e-04,-6.605361754135216645e-02,-4.160512430111710028e-03
-5.142500759770839147e-02,-7.129027892542859346e-02,5.456842192671086667e-02
-3.106801290135736623e-02,2.395653727549583445e-02,6.914124421348598337e-02
8.980547872802968536e-04,2.836898480085083690e-02,2.217713219138376345e-03
3.697663996757936944e-02,9.336180846127271893e-02,1.697387319419663837e-02
-3.481624339476749232e-03,3.590676232320320904e-02,1.192420718727327071e-02
4.431516599694466929e-02,-2.888536908176207989e-03,-6.063786288189996002e-03
-1.375083093226873651e-02,-1.113240183906828544e-02,4.751570596877701530e-02
-1.400367318821398900e-02,-6.335186993667847599e-02,5.894371890516644785e-02
1.189107333338286498e-01,2.736286593163785030e-02,5.678010704133029489e-04
1.693608414910789325e-02,-3.720275961515398522e-02,3.325442548191808595e-02
1.879107028164931498e-02,-1.952426179186468255e-02,5.413627691911943735e-02
5.637317529697923740e-02,2.264111526724311291e-02,7.536033806835566728e-02
5.199323154239998213e-04,3.483282417522749058e-02,1.004505466143433470e-03
-4.453487575681893545e-02,1.384932715007710334e-02,-7.211553336584868024e-02
1.137261757337423504e-02,-2.292354673398236745e-02,-6.493855378213239660e-02
-3.715669712125955343e-02,6.100915421391204206e-03,-1.404119258081852964e-02
-7.689143203198535448e-02,-5.981064318810887931e-02,-2.159164288269392259e-02
2.858362774863086944e-02,2.092516455764345182e-02,-4.456694376370959332e-02
-4.164162298325011641e-02,-3.542104517845000300e-02,-5.105769531567382058e-02
1.003181555373608251e-02,7.159428106009466108e-02,-4.119126113252413735e-02
1.172733137723352276e-02,1.089750614939487966e-02,-3.189048851636843568e-02
-1.199767111977902978e-01,-5.506044115344279136e-03,-5.001514597389927069e-02
1.018748472465622404e-02,2.742306353942085967e-02,7.907017949502258627e-03
-5.776728929614002861e-02,1.615169324315093510e-02,-3.823631984098361386e-02
9.156069364231822494e-02,-1.935163129813656860e-02,9.471289454690961021e-03
6.436495704830309805e-02,2.868698635961510271e-02,3.627142440177922450e-02
1.081279212379275372e-02,-1.979619716727508069e-02,7.719972438081423860e-03
6.020306695176583234e-02,-2.317625752958287974e-03,-1.653482764843548086e-02
-5.682016043611910067e-02,2.187652369097151106e-02,-2.986663659850222891e-02
8.732589128878540108e-02,-4.097874176891666553e-02,3.191372066527075474e-02
2.189090949165601110e-02,1.624836270397852361e-02,7.529913239507143342e-03
2.813787876821327236e-02,4.573815503772777485e-02,4.502130022107042780e-03
4.877547811787547732e-02,-1.690958456159729478e-02,-1.245460110983721835e-02
5.995951439769893476e-03,4.647511688393139717e-02,2.948301104378705031e-02
9.120401281212243971e-02,-3.583765283109096537e-03,-2.690678124645885100e-02
2.090892283923514658e-02,9.004807755662817131e-03,4.754926051510841023e-02
-2.048797232464091150e-02,-1.127666080448853914e-02,1.288381630515097673e-02
1.236151564909905229e-02,-6.061257477811416577e-02,-1.998346672478274605e-02
8.695737635898483434e-03,5.778136424376330293e-02,-6.127905130459360139e-02
1.746013523686140712e-02,6.551691007689069979e-02,1.127467033142062411e-02
1.927430942308519177e-02,7.350390379797203111e-02,-6.822808647302115725e-02
4.604817890541592490e-02,1.337351531033986393e-02,-2.250702015885071641e-02
-1.675894653385576888e-02,1.601207385963700561e-02,-1.762243499598900934e-02
-2.466995936546759541e-02,-8.716645982417437627e-03,-3.495602841100536179e-02
4.523870999053297010e-02,9.608434029987088232e-03,-5.348171523272121641e-02
-8.773023932768013455e-03,-7.548809818603641197e-02,3.377110637437431145e-02
-2.114084237120962551e-02,-3.184314781880128592e-02,-2.694273352807079885e-02
2.547294257063748360e-02,3.780303130947639673e-02,-9.260028149050628099e-02
5.266354606948891320e-02,1.220955972090519842e-01,1.672237223880413196e-02
-6.687722025588129166e-04,-2.849706590280273039e-02,-6.013758256159103949e-02
-1.311025620743039126e-02,2.602153533437690652e-02,5.326506503656861652e-02
-2.198469363218726394e-02,-5.768190559511462978e-02,-1.422120607875553000e-02
-3.520203089071560765e-02,-2.879340833657735230e-02,2.438633733706606355e-02
3.494779344243469782e-02,1.742906853752570692e-02,5.989387058713476451e-03
-4.429374220938590845e-02,1.525424610180598807e-02,-1.300103904501362893e-02
-6.048495741146006632e-02,-8.648814088221618013e-02,-1.477910081924418452e-03
-3.789806920948881469e-02,-8.052042297505437873e-02,-3.286045363345626441e-02
-5.282236363401578150e-02,4.022573649141271759e-03,1.361414314507092098e-02
1.748436202651781901e-02,3.282833449884491744e-02,2.800828162332904755e-02
1.458480487111681739e-02,-2.790777887076628661e-03,-1.008628938863988592e-02
4.791460922544500851e-03,-3.008985383212433445e-02,-3.381921265450721359e-02
1.126311206101091901e-02,9.401677936689136622e-03,-4.937876656898309430e-02
-3.139276894593260345e-04,3.876220249006340386e-03,-3.137900016177094797e-02
4.596398278520904407e-02,-1.643893637115957304e-02,5.970742859040993958e-03
-7.755351022910478287e-02,3.920392802538145288e-02,5.324339495907958603e-02
-2.949776006258478939e-02,-2.274271209068806296e-02,3.236576260247492343e-02
5.248080039092994052e-03,-4.463838212261177218e-02,-4.757824415658426509e-02
-2.177717424623442765e-03,3.311988067724127432e-02,-5.219305966763063825e-02
5.260034812106255397e-02,-3.473017798158634789e-02,2.304009298841983022e-02
3.559422768408031235e-02,1.202283783370526084e-02,2.874250675190819990e-02
-1.393330105770824653e-02,-2.468611800811919971e-02,1.235490602507977875e-01
-1.320444466590460757e-03,-1.961686844235675103e-02,-2.257264772821121479e-02
3.259649990864822711e-02,-5.160090518486588201e-02,8.103765530635734238e-02
1.290853247364859941e-03,4.312727167327333987e-03,4.715252457026423288e-02
-1.202424088134481373e-01,-2.990671093096987886e-03,5.855938864244403241e-02
1.889075871606873958e-02,4.990326201093522700e-03,8.814394316361064130e-02
-1.533816802392015330e-02,6.387771997383139000e-02,-5.979382027483536033e-02
3.067373968236899312e-02,1.001344915079999259e-01,2.771913420115263565e-02
5.488433859475984333e-03,-5.377088357746384606e-02,8.308989643426217819e-03
-5.132429717688359594e-02,1.432264930854085586e-02,-1.555973396680733825e-02
-3.865458793480624090e-03,-1.705083102086089181e-02,2.954170660207272939e-02
4.930942792377727979e-02,-6.511655648851365739e-03,-1.927070599691123060e-03
3.272364554629136196e-02,7.192378415778253979e-03,-4.609846880427826907e-03
-1.675845946398660941e-02,4.341288851430213924e-02,1.307768970530908195e-02
7.293215713987855411e-03,3.133779703332312261e-02,-7.316895318173662240e-03
3.224065269175549475e-02,7.972050918989787016e-02,-2.768827765289330264e-02
-9.155906474743058401e-05,2.308859315912611607e-02,2.361289196346821103e-03
1.851744990764644244e-02,-5.036085297865108487e-03,2.759020812407892917e-02
1.781462835434917749e-02,-2.778255638080365589e-02,-3.184861324582508729e-02
4.906318170158428804e-02,9.317841998998355191e-02,1.126994634527585769e-02
7.277695171728496698e-03,-9.377885379426386878e-03,-2.875634982844929924e-02
-6.323308986126835451e-02,1.367048282876336639e-02,3.498149641800835791e-02
-2.590967479621054254e-02,-8.201699288841086954e-02,-6.554754637607840273e-02
-6.697209073523084297e-03,5.759417396102209374e-02,8.001670289200721320e-02
4.372228034778519179e-03,5.257833498671816291e-02,-7.984588441844645001e-02
9.409940668306726250e-03,1.625038620921647955e-02,9.410410433232223662e-03
6.351061912587650793e-02,-2.760305649730976710e-02,-3.765196842428483043e-03
1.019151802472871180e-03,-3.933112745859289328e-02,4.735196376715026384e-02
-7.373827841979636866e-02,-2.594236517447708404e-02,-7.092656670347978476e-02
6.563783202418216334e-02,-6.035725574714612823e-02,2.298205613915717260e-02
-1.066469097377400511e-02,2.556882981888487436e-02,-6.700125273310970908e-02
4.406742591103175732e-02,4.492175796887481337e-02,2.786622361421295033e-02
-4.729606211412726996e-02,-1.113129848800380878e-02,-8.071994728313071832e-04
3.558508806791389756e-02,6.434908467210499056e-03,3.574577018270334861e-02
-4.679675051129934121e-02,-3.952138370757968949e-02,-7.417893325568772345e-02
-5.927251676940121713e-03,-3.913537883206162638e-03,-3.269161836625378986e-02
-2.396158982757553429e-02,1.133320911510896437e-02,-7.044368355759991762e-02
-1.690432666192533476e-02,-5.734002046529271924e-05,-9.219143605450368095e-02
9.221557844822703132e-03,-6.611699348791813535e-02,-8.806987606665218904e-02
-7.277455133431368767e-03,-2.171662942846460526e-02,4.873315062365330547e-02
8.585116162717905397e-02,4.378116495303822908e-02,1.648560069178670040e-02
-2.717067330013478096e-02,2.616294935079869696e-02,8.220424440708504199e-02
3.885525963908195712e-02,-3.198802713686162841e-02,3.238557554990167259e-02
-8.940062972235839067e-03,-4.643560207903564725e-03,-1.041278744833576929e-02
-5.964539188653617506e-03,1.715950988559113155e-02,-7.372363274789436698e-03
1.832973855106460187e-02,3.796003733771843684e-03,-2.115481402518625681e-02
-2.223876259192155216e-02,1.302857595775074170e-03,4.740997836784079794e-02
4.911057413452910719e-03,-6.933827727562848209e-02,-2.259031963216624403e-02
-1.029127343659850917e-03,-4.156951649175194552e-02,-8.093387589473090196e-04
-1.211887578617467688e-02,-5.024971313269495019e-03,-3.828817610475618999e-02
-5.750780915403003180e-02,2.287490056893832363e-02,-1.248061815362581928e-01
6.973257104277823248e-02,-2.499413538991655109e-02,-4.459804414424390490e-02
3.597855042771098272e-02,6.680712260524235280e-02,8.660032030716071846e-03
-4.140275098689695857e-03,-3.305712199045386657e-02,-1.870645591709483094e-02
6.569303979048868314e-02,-4.950978172057611537e-02,1.940194222101849705e-02
3.753542815008689346e-03,-3.302492706550547164e-02,1.830910630697807004e-02
7.252808470490318404e-02,-7.776383680562643126e-03,7.364516211085081476e-02
3.862332581460375513e-03,-3.860981310302913881e-03,1.340907930609772439e-02
4.789902680159269927e-02,-3.707773815602855710e-02,-6.924334221767396158e-02
1.444197981636176874e-02,5.447233058341219292e-02,-1.354169859571160116e-02
-9.475098846288649776e-03,-5.830643594089407467e-02,-1.830282346544449823e-02
-3.969507538063751090e-02,-9.344113151279086205e-02,7.222907495716756471e-03
1.691710682157922946e-02,1.835399706612392268e-02,4.537787659892678072e-02
2.063726767749566454e-02,-2.529754885575568463e-02,-1.952723650022428550e-02
-2.164073936814345581e-02,-5.451454585750487025e-02,-2.732812680019089044e-02
6.525765479815963215e-03,3.737758802766504712e-02,-6.964768532237473886e-02
8.133298525398435785e-02,-1.124236989533752493e-02,5.606503225227532639e-02
2.807042785951669242e-03,-7.935912467272995818e-02,-1.933312827154266833e-02
6.813918357308854784e-03,-4.183697557230987157e-02,-2.930127723847611790e-02
-5.336740460584161322e-02,2.814365918944726833e-02,6.418850591247714232e-02
-2.212043325026166393e-02,4.772546520163848532e-02,-5.619833083541205671e-02
2.349404588626899035e-02,2.221861555140684091e-02,1.953750011112942442e-02
2.626717022792963638e-02,-9.618010730534113858e-03,4.587849294354285484e-02
5.585419164151007344e-03,-1.934748628486459426e-02,3.106618695196231711e-02
6.601935876738899978e-02,9.179854557203204896e-03,-8.383428756602538667e-02
-6.508820892793923396e-02,9.883809036937649464e-03,-5.399205258877478458e-02
8.806725347055041619e-02,-1.618380133450617736e-02,2.830493716775801458e-02
2.974215264546220885e-02,-1.711749535262501246e-03,3.595785953555268814e-03
7.926196448421707688e-03,4.193239366480230879e-02,4.866156974094374560e-02
2.664481694907760989e-02,-1.147880800894111875e-02,-2.807044629322582620e-03
-2.134772753121440617e-02,-2.455248022362018206e-03,-2.495871035886305239e-02
4.214118143027599517e-02,5.300599934730647073e-04,-2.487826695687363199e-02
4.522105556200438359e-02,5.130648591887040227e-02,9.885692485593755921e-03
1.128675695725832838e-02,1.500661183629755204e-03,-7.184993742706942410e-02
-1.090970026222966988e-01,-2.345847764230753543e-02,-1.658903476785077505e-02
-1.947809387326611755e-02,-2.882486217990481991e-02,3.115620256507482463e-02
-6.344559576314719174e-02,-2.830138284051049013e-03,-1.926547897406417215e-02
-2.771875377393122342e-02,-6.314703713631426851e-02,6.199277006208123164e-02
-3.262579555046900975e-02,-6.283628289716886028e-02,5.997474848132097747e-02
-7.108382949962788189e-02,-2.455284915027586626e-02,-7.881098088853804098e-03
-1.542389616551809693e-02,-5.711602618248194478e-03,1.120706266308152538e-01
-2.466104779966645302e-02,-6.211791051939723890e-02,-5.896668203697200128e-02
-1.218971768542892117e-02,2.187973778929052163e-02,-4.104606180334322701e-02
3.584715639382764218e-02,6.978768819815690805e-02,4.083751280377509452e-02
6.378128541754125858e-02,6.213361871978432399e-02,-6.374411632118995134e-03
2.102292955214338233e-02,4.908822314778330670e-02,-3.480534720946954624e-02
1.242026768698008049e-03,-5.489188413112548737e-02,2.235769802245259757e-02
-1.104616806649823257e-02,8.777822621508063125e-03,7.810513711434338355e-03
-1.854397881011994945e-02,3.431911893153162269e-03,2.566706559254147528e-03
1.525931873134449800e-02,6.243522774990018821e-03,-2.012025704701541490e-02
5.556385526233938166e-02,5.732606512349650019e-02,3.985394237849611970e-02
-1.013271936110757970e-02,-1.075598857683071792e-02,-3.926588875083630165e-02
-1.794693309997337852e-02,-1.785042718704977702e-02,-8.420980904035037587e-03
-9.859979458291213972e-02,-4.971055109380301089e-03,3.847608528624242574e-02
7.923872706347465100e-02,2.935900554864970605e-02,3.118036964515343012e-02
7.464914782734971554e-02,-5.545952514020269231e-02,-1.227886832481039046e-02
9.371731131179934782e-02,3.212398685414852295e-02,-1.892586428127572898e-02
6.497449184855792759e-03,3.677523212944138614e-02,-1.562933021554971033e-02
4.562001241700752718e-02,-3.599631296807373655e-03,7.540846222814970821e-03
-1.653695778411208572e-02,-1.394297637188845855e-02,2.157319986677826151e-02
6.816870027791345661e-03,3.056742394688755082e-02,-3.232105877438831536e-03
1.401636512961647492e-02,1.485992895257008325e-02,-4.590477172281586665e-02
3.689837183497374218e-02,-4.789009185134268480e-03,-7.004700607872090326e-03
-2.805550542253078782e-03,-4.711480288991040655e-02,1.495685046757927461e-02
-6.433783381492024812e-03,9.631408230004243455e-04,-1.959885133387764475e-02
9.371584460276465023e-03,1.747839822448037442e-02,-4.513133592288853108e-02
7.214249585989794718e-03,-4.941345784784319239e-02,2.277846615664627303e-02
1.845002125199367293e-02,8.789680644362912743e-02,-9.991195084251638242e-03
3.494217709690677215e-02,2.403581907627786590e-02,-2.826378948107698304e-03
2.304982885306434276e-02,2.447552525983915511e-02,1.084668175373634663e-01
4.378404040862128588e-02,-3.358562209347179528e-02,-5.374600704456948541e-02
3.126743996941873383e-02,-1.405748990199689498e-02,-8.587818177052612689e-03
1.297026167274168557e-02,2.970143349676062847e-02,6.034913876344596972e-02
1.173646593452182668e-01,5.724937760700290340e-02,3.356587868742513803e-02
-2.832105445461309545e-02,-4.044702617637069980e-02,-2.486661090581718941e-02
-7.344154932416754357e-03,3.371482391231795522e-02,-6.190045649079101847e-02
2.766378177471921079e-02,4.419811798410248210e-02,-3.172955996195317430e-02
3.774781057069936940e-02,2.555194845339470514e-02,7.707532931465144177e-02
8.230207891429749262e-03,4.168603827341208629e-02,-3.990050305278717430e-02
1.293064554371480858e-02,7.429352239562179994e-02,4.020983495809574843e-02
4.413071809830438480e-02,9.404098794453205970e-03,-1.537824769668371533e-02
4.693640305742268620e-02,4.259311475929109664e-02,-3.269627251924987765e-02
-2.801160731622605662e-02,-6.031600773637211393e-02,4.227288616787081704e-02
2.202168208728007975e-02,-2.624029054880354719e-02,7.117964879811798998e-03
4.619353519715584111e-02,-1.921538897374459529e-02,3.221656309491155445e-02
7.944628059311362178e-02,-2.695580956679214865e-02,-1.898956533270042615e-02
5.759684791305909324e-02,-2.690500802503088124e-02,-4.529703861194155773e-02
-1.941498185530744248e-03,3.984548131358723461e-03,-2.818302438380030153e-02
7.848879958466749990e-03,6.397356217873806372e-02,-3.256445712321498487e-02
-2.193158190574676092e-02,-9.173116350181025058e-03,2.692952983045412974e-02
8.563247651318597886e-02,3.824987618102186626e-02,-5.754134410895359736e-02
2.647551307374738233e-02,-2.899763269916359396e-02,-1.855188043863012200e-03
3.875998908209139088e-02,6.992489796164347293e-03,-2.975147909734578069e-03
2.435358391761568986e-02,5.347921222054740492e-02,4.590221811792388751e-02
4.022845197970045805e-02,5.675445762261979027e-02,-2.315029256407075825e-02
-4.612082375686823998e-02,2.917867218530990209e-02,-1.230366429128204424e-02
3.375442272121574605e-02,9.089863980454842424e-03,-6.971256243101535410e-02
3.297675996547549948e-02,-4.099977067508425721e-02,-2.152430209245887599e-02
-1.256862099429458535e-01,4.535943025941617524e-02,-3.825508854048618318e-02
6.000746721195818201e-02,5.725815789721907210e-03,-2.218155391920673819e-02
1.528835917402137333e-02,2.752425774623358870e-02,-4.408309402837999949e-03
-2.072560979645970275e-02,-4.207742179268336713e-02,-4.740736639980603490e-02
1.534939938710588175e-02,-1.008929325577265397e-02,-5.961117559405122029e-02
1.415075249954750487e-02,2.564879563931170281e-02,-3.171578378573579153e-03
6.134610018820926824e-02,-1.532111800498837245e-02,-1.075578776047970697e-01
8.717324124407522731e-03,1.664918994193577070e-02,-4.057391711368012882e-02
-9.713975816082529155e-04,1.185404525255206662e-02,-5.251092616106513636e-03
1.324639885510182635e-01,5.516002798903627165e-03,-4.434900451190915832e-02
-2.152916729337529464e-02,1.671797624122971920e-02,-3.594596838144493295e-03
5.562154513826832875e-02,2.585995897353720457e-02,-2.762020212772480290e-02
6.198838173646367168e-03,3.799738840450113397e-02,-2.382144714526905280e-02
3.766457282868648088e-02,8.087308025243045151e-02,3.011164845211616869e-02
-4.581571333701058707e-02,-1.015907419391732375e-02,-4.158393850507689088e-02
-6.538049106401495891e-02,-3.257681924284095559e-02,-3.998214655538171597e-02
5.332495531448596532e-03,2.037350142023522728e-02,7.897066651864318929e-03
5.146816888202307080e-03,2.059744049727507340e-02,-2.123748955685094211e-02
-2.355388379511946795e-02,4.632770844080540129e-02,1.220044150065648699e-03
5.310424729638849040e-02,4.961066577965818521e-03,6.439073950002603512e-03
1.035039509207252677e-02,2.195584103987480856e-02,-4.950643465503125860e-03
-8.579269327386700172e-02,-2.810381664217812686e-02,1.963512256832728939e-02
-3.029370013496075417e-02,3.111064325670834935e-02,1.800577265159909734e-02
2.959520215715909924e-02,-7.770529543789750360e-02,4.334350017442254073e-03
-7.321550996946460518e-04,-2.489887611971929385e-02,3.528647759802425177e-02
-3.529315898599583862e-02,-2.060926136774927919e-02,2.071369304048176208e-02
7.597661946765087680e-03,1.567404802380600523e-02,5.269248275735867459e-02
5.825610017412098662e-02,2.242366406728391742e-02,1.508196591897182672e-02
2.663517440828003582e-02,-4.136850922951529341e-02,1.281876963552069752e-02
-3.033066699924425770e-03,-3.075558389387093861e-02,1.736511691084112116e-02
6.182720678469620819e-03,1.055535679616955748e-02,-8.718582063269460225e-02
4.206549257761736660e-02,-3.879773403771184792e-02,2.415985300779225839e-02
2.108296069203630801e-02,-3.885820183189528376e-02,3.116785672040487537e-02
-1.121275430731680581e-02,7.668817839004059278e-02,-2.671061458584134130e-02
-1.137525667802426893e-02,-3.757709049228648984e-02,-7.522627684059721154e-02
-1.318502629273343718e-02,5.794591025181820149e-02,1.759464466046313860e-02
-8.276074003643939248e-02,-3.309752280559967452e-02,-2.606836952225425122e-02
-8.176020120927851575e-02,2.038892305449894332e-02,-6.071738521082733347e-02
-1.206099984600473175e-03,-1.313501703449169262e-03,1.628780178561831798e-02
-4.828323953323085393e-02,-1.292434032625659583e-02,5.390164039204848462e-02
8.716888806099862275e-02,5.339680925093569924e-02,-1.045270022825472468e-02
1.300993521891503739e-02,-1.206449504948541550e-02,-2.500194676985516978e-03
5.290160473481523434e-02,-4.747590932888133552e-02,7.616848453517831297e-02
4.529977832569208329e-02,-1.048570208414751660e-02,3.534733221670514208e-02
-3.412283804636754431e-02,1.323994137441966527e-02,-3.239645021827144023e-03
6.270707320393279112e-03,-2.914257866893509713e-02,2.183981896900740599e-02
-5.710401752259351531e-03,-1.898582022839680888e-02,-4.596276799619331693e-02
-4.621406912123973698e-02,2.236700502453665279e-02,7.404060111655221595e-04
7.084872439949822104e-03,-6.792256198057236571e-02,-3.657533306615659563e-02
5.292199322820462237e-02,-4.368750317283263962e-02,-1.099397048835700462e-02
-5.418599919395380993e-02,2.694421093873604865e-03,8.924241031332554681e-04
7.353068327640785093e-03,3.244174923596908344e-02,-1.020654489195110814e-02
5.890370983821269918e-02,-1.159588414581228140e-02,-4.238508949346869031e-02
2.882502641919322886e-02,-3.194883699403379407e-02,1.357457510973868534e-02
4.645356266708549481e-02,1.653687261141181461e-02,-1.851450852807182135e-02
9.862376154636847553e-03,-4.773980602517140064e-03,7.724384717207146908e-03
-3.686287985727890876e-02,9.164875970354155812e-04,-3.511472829545776025e-02
-2.267729674267969509e-02,5.927932643234058718e-02,1.868055844305279226e-02
6.474743940165696154e-02,-3.769222139225442830e-02,8.012946029823955763e-03
-1.963823002492437117e-02,-7.138590306139921959e-02,5.859105157648874292e-04
1.111713098452588033e-02,3.568457115381426514e-02,1.863367305277396566e-02
8.337025765601879801e-02,7.047741243615034991e-03,8.688970463109958742e-02
4.285728593814266268e-02,2.827742012270968372e-03,2.273824230900891100e-02
1.881799445119110986e-02,-7.565490971158222652e-03,-3.551712540630445197e-02
5.324893170055356763e-04,3.502653325894145714e-02,-5.290416184587016374e-02
-6.124757689778892455e-02,1.060176034898697821e-02,2.275000080160221889e-03
3.004337579875636377e-03,1.200021134915016992e-03,-2.792203739577399368e-02
-8.672796962053340398e-04,-3.407715506150243295e-02,1.184712111900348974e-01
6.515952710257639363e-03,4.008042586601691555e-03,-4.096106152268779582e-02
-6.921357925652580137e-03,-2.524152048100711601e-02,5.708694031326796460e-03
-4.954099991641199713e-03,-1.956810033142129812e-02,-5.557466453260171552e-02
5.204501246984066104e-02,-7.559049834408454460e-02,-3.217374300866336634e-02
1.702688108996036273e-02,-3.172865478733870315e-02,-7.708339892813211199e-03
-1.191702030881926742e-02,-3.726668992354682797e-02,3.037773986845517318e-02
-7.328968343805519758e-02,4.019077264982914149e-02,3.227719277525107049e-03
4.963375963835497950e-02,-4.468595296243578832e-03,6.029229680831342530e-02
-7.528022360805088076e-02,1.055586944640621132e-02,-1.135620369994471725e-02
-5.511236090820764190e-03,-3.402713497089781408e-02,4.902389594924873306e-03
-1.405995868511471757e-02,5.076896468077449209e-02,1.000136917022198015e-02
-1.784860793688008290e-02,-3.477256711692913727e-02,-7.410309755237244611e-03
1.814711465905046589e-02,1.033749682909219578e-02,-3.444148655861661856e-02
-6.183933303988395401e-04,-7.855482819062030442e-02,-2.944652958315397556e-02
-2.798210119249907452e-02,-5.527834362247729949e-02,4.144076930424367422e-02
-2.285036232992142605e-02,8.206191049018958517e-02,-4.320289641527102868e-03
-8.235956053525145260e-03,-8.854077039175731190e-02,-6.413516173120438479e-02
9.423487636097863107e-02,-3.000434409096053301e-02,-5.572065479387865519e-03
3.862663484433807859e-02,-6.380766999317197263e-02,-7.166537956657344222e-02
8.516802243917934861e-03,2.906232182882362292e-02,-5.984241061562940028e-02
9.509320318914774028e-02,-8.174811734853072720e-02,-9.173589782847160756e-02
-2.725084848418894701e-02,-3.908875987679978625e-02,3.352133774018855455e-02
8.342684162084718427e-03,-2.918961498868757887e-02,-2.373660720761420345e-02
-8.077439413468069651e-02,4.933872423157892144e-03,-1.246081818244544441e-02
1.142768814442561565e-02,-4.284068180912274648e-02,2.653854676673599727e-02
-2.082049431442599061e-02,-1.838876514800033037e-03,1.252688115216438539e-02
6.581499007787112998e-02,-2.501466675938400150e-02,-3.437120381962938814e-02
-2.857603470863070982e-02,-5.968257711854170477e-02,5.804222932997717133e-02
5.713340173129088668e-04,1.256272180641522240e-01,-1.609362589482824651e-02
1.592953111372950176e-02,8.738457513770423596e-03,1.613793415921403740e-02
-1.482003965031891343e-02,2.041566059291157614e-02,3.725498639732373329e-02
2.275395494420264213e-03,9.751047119891619736e-03,1.023212770784042921e-02
2.731479446565042782e-02,3.597878931043037298e-02,-3.435095971826747363e-02
6.883804714368106648e-02,-2.038384991433716230e-03,-7.321629828032319431e-02
-1.209731138889337185e-02,1.034203203590793457e-01,-4.682125966404330347e-02
6.336343870869438552e-03,-4.335782357824521926e-02,1.873775396365225457e-02
8.876043944165013660e-04,3.808614459843460975e-02,1.065238183470305217e-02
3.250026283446017655e-02,-5.278137291254748897e-02,6.506656929107570986e-02
-1.000963610108828242e-02,-3.516549567821272704e-02,-5.531061162062245185e-02
6.076602086935092850e-02,-4.168317955710089395e-02,-5.230721187733663492e-03
4.432109296284612171e-02,-7.538302136543419130e-03,-1.018601678722876186e-01
2.507750366702464137e-02,1.494706866959340935e-02,6.061767141459793035e-02
5.243210451221592960e-02,1.471156243480377553e-02,1.385175139275969655e-03
-3.606845060652758700e-02,-1.131032159817449553e-03,-1.655402509493712065e-02
1.374367522770958763e-02,-5.105803989341053256e-02,2.293049819311910112e-02
7.196383998028835563e-03,2.636461369886189399e-02,-2.026416359155700300e-02
-3.389671575921675284e-03,3.926131224389935864e-02,-2.047482887328367675e-03
4.534617827526934292e-02,1.390388223494645921e-02,-9.183143235689306128e-03
-6.335792498535876456e-03,1.861228992732187615e-02,-1.633721695681060807e-02
-6.623829993278881889e-02,-1.858646965387616458e-03,-2.620294621113490249e-02
-4.899034902206706593e-02,1.228838672784461281e-02,-3.969254801543593836e-02
-3.312138050482271723e-02,-7.300796533201170391e-02,-1.634666099627959598e-02
6.430141562458629480e-03,-4.692063496427981845e-02,8.943737516909531018e-03
5.754646125046694767e-03,4.176262079041515723e-02,4.025211230999040102e-02
-7.715574627685194836e-03,-1.611379151727129755e-02,-2.308577413224257788e-02
-7.617900298448071483e-02,7.536417814461057740e-02,3.830923637622879463e-02
-2.596556226050115643e-02,8.917689933035637811e-03,-6.606564583479063169e-02
6.822155977473041630e-03,-3.117555947291211424e-02,-1.082388308792465031e-01
-5.019774634939200286e-02,1.433738587077333301e-02,-2.341559281615418833e-02
2.255199628921553817e-02,-1.623827649922149341e-02,-1.214818561670184122e-02
-4.699754257752759845e-02,-8.057612101731304391e-03,-3.619173390913781041e-02
-2.096372644382341055e-02,3.411192780121063972e-02,-4.958884352117293171e-02
-4.838071823325022086e-02,1.133112212090797710e-02,2.655839367464630021e-03
6.559370518239966696e-02,1.938822563111904096e-02,4.867070447474883266e-02
4.865326722923678238e-02,1.797869421671871581e-02,4.155634410736316203e-02
-3.908466155869391029e-02,1.927585698792515234e-02,5.952609733616874566e-02
1.509837446676915752e-02,-1.279910966942608870e-02,9.607632581974452635e-03
4.613331149566225753e-02,-4.665400747656049153e-03,1.464346735623412235e-02
6.609533216724607779e-03,6.417594575548846159e-02,4.223136598328930402e-02
-1.792309915345247778e-02,1.939796997411759316e-02,2.776124640497443924e-02
5.096235312357974730e-03,1.800060978333841225e-02,4.738570624224808236e-02
4.996976984563716168e-02,1.013654069659648480e-02,4.753647997761321908e-02
-2.519970414055296495e-02,1.486844077395551612e-02,4.611439790543996747e-02
-6.332439299975907432e-03,-6.193607926673095482e-02,-3.048132719803007748e-02
3.899156934878823116e-02,-1.584953724338803924e-02,6.495732614476790179e-02
1.191256312883012987e-02,1.443892886194785875e-02,-3.141442309968786595e-02
4.142243224681563946e-02,6.454283679688506414e-02,-1.891122393408209076e-02
3.155202328248894045e-02,5.767193229980829838e-03,-7.262561736275038871e-02
1.906423520912224265e-02,2.312013400927978579e-02,-5.202245737339809134e-02
-1.240709730853652160e-02,-3.107944228362980246e-02,-5.591313475423401180e-02
9.361141264638087045e-02,-2.433789610501266298e-02,-3.610144619724147547e-02
-7.446946234538174766e-03,-1.225589973642181828e-02,-7.201722169404173313e-02
1.797883005045767743e-02,-2.509817565299005820e-02,-7.200559504391713939e-02
3.823468816718272184e-02,-1.734798602080971737e-03,1.009149923005718541e-02
4.748399480768857039e-02,5.452866382832144421e-02,-2.789402155972018574e-03
-7.300886532163828983e-03,-9.376248304387917870e-03,3.265291771631755480e-03
1.987716181906342555e-02,-1.509915266450735996e-02,-8.292461866938251325e-02
-1.477517774472931165e-02,-6.821422498012159885e-03,-3.667736449896896733e-02
-4.914915069515689294e-02,7.321638044951522817e-02,-8.057337051682025766e-04
4.010442400348918426e-03,2.685119609553669393e-02,-7.975649897180844827e-02
4.133856989822210642e-02,8.655780295280250669e-02,1.021851983444346662e-01
-7.704897749499693693e-02,-7.501670067646065698e-02,-4.344373534034591533e-02
3.516110989950371746e-02,7.335713729250727122e-02,-3.864255361537934606e-03
-7.252623428392154792e-02,2.065718016217037069e-03,1.587379094503236013e-02
3.943299912519686312e-02,-1.963680543923126964e-02,1.035175472783686663e-02
-2.625528858192369489e-02,3.071758429519467343e-02,2.015584881132821693e-02
3.503157572826157140e-02,4.812027824235156487e-02,2.642868783774371053e-02
-1.676141430223530848e-02,1.046266899977727448e-02,4.215001416020233010e-02
-1.375454088514401450e-02,1.858519707811799246e-02,-5.263671062709286697e-02
7.277856662414876332e-02,1.699908827649456930e-02,-6.249051952307498048e-02
-1.662827768231849371e-02,4.161390499852849617e-02,-3.339193103244537334e-03
5.282901923684975992e-02,1.751627233053815527e-02,2.503922204570556420e-02
4.297214785503204043e-02,1.862065596506791779e-02,-4.387169321338417471e-02
-3.124372425435732389e-02,7.118743542794849291e-03,-2.908955704366342123e-03
-9.259954786221493220e-03,3.206658347360420627e-03,-1.766962674141884723e-02
-2.894496140875977772e-02,2.321464814031369908e-02,-4.098159205037767844e-02
-3.293434374441676915e-03,-5.852180638928662637e-02,3.118322745233258544e-02
2.574291102034535414e-02,-4.231650904492852833e-02,-5.595297187792647869e-02
-2.668635879176288819e-02,1.116406295774449546e-02,5.949298721610315338e-03
-9.749765746272061329e-02,1.144160466809005516e-01,-4.537365364755915204e-02
-4.982239453858890166e-02,4.234212617305036647e-02,-7.255738690729119159e-03
-2.284323897490679947e-02,3.374852808798207288e-02,7.335963096601354552e-03
3.990544309980997850e-02,-1.840989723694934702e-02,1.283724076323218208e-02
6.259091023786905218e-03,1.433022700792050720e-02,2.874636475510313968e-02
-2.025769862385757084e-02,-6.750005337805444101e-03,-2.181799026091712362e-02
-8.295289782232043163e-02,2.537205569710046342e-03,7.439916838409289237e-04
2.975594615691996500e-02,-1.286671099710864907e-02,1.139454365780780479e-02
2.349490671523734101e-02,-1.119997822066920098e-02,-4.194639682678926590e-02
-1.114533736186491472e-02,1.687233123853457833e-02,-5.807550746033444955e-02
6.294864741246455897e-02,1.253511373097160059e-03,-5.879376682546391675e-02
9.832762373729038267e-05,9.570069728374575035e-02,7.612713223114943306e-02
6.594976234698904372e-02,6.321777082596408137e-02,5.585379837365325034e-02
-6.116959843051839041e-02,4.164586421948149320e-02,-4.318526161609078512e-02
-2.098112632512938100e-02,7.406223711727945649e-03,-2.947542165416647958e-02
1.119467954158982932e-02,-2.482635776579397106e-03,1.816675420455525491e-02
-1.770786966845006027e-02,-8.814691899910279127e-02,-4.476396009332495735e-02
-4.694009103436609827e-03,-1.821221954990184452e-02,4.860703233512298632e-02
2.002427919087033936e-02,-3.734979745360473419e-02,3.558177175071188664e-02
9.431834932576657615e-02,-5.696499698022064462e-02,-2.632451100071602976e-02
3.330496695887580350e-02,1.345181888663128655e-02,-2.947279592701443005e-02
3.473859430409159850e-03,-1.391742412817873050e-03,-8.226992479763209354e-02
3.057430251473765292e-02,4.709661118488073922e-02,3.005701632654383688e-03
-9.212892470212490081e-02,-5.667220813521763045e-02,-3.989324712274144868e-02
-1.639171542347381272e-02,4.455244420358043210e-03,-4.539107502226232688e-02
1.160321283156575192e-02,5.840006958570034823e-02,9.858606770348653237e-02
1.090710197302642223e-02,-3.065443563364773222e-02,5.032189194939695742e-03
-3.601361776221154165e-02,2.561839248892401697e-03,-2.804735980918595176e-02
-7.191292465590416738e-02,-6.531723371680032975e-02,-2.896304568485154676e-02
5.806825669659564614e-03,6.103414225093348189e-03,5.702981662321997790e-03
4.171121313935256814e-02,-3.943614387703749113e-03,2.305877340285216598e-02
5.127626528840214387e-02,-2.633747154378209346e-02,-2.674458875731888091e-02
5.812433329128909726e-02,6.607048294413804534e-02,-2.634087483817402001e-02
-7.304013664369771175e-02,-2.829255566894650284e-02,-1.996910079301877222e-02
-4.125463850969415813e-02,-5.578242878052235704e-02,-1.862022403574167123e-02
-6.450795938606797286e-02,-3.129192485956117098e-02,-5.857708287583043155e-02
1.682810136516114941e-02,-3.859740220156840373e-02,-1.288669063250271786e-02
1.729313616998807632e-02,-5.386740746832729965e-02,-4.032800973675804840e-02
2.065336511132128197e-02,-1.827770305203334569e-02,3.547960122378487902e-02
-6.848187093465774034e-02,1.379060600038206933e-03,4.098711832887603351e-02
-1.140215879388693440e-02,4.296065445010575218e-02,6.834507089709544736e-02
-1.710270524182199922e-02,-4.599080499684003037e-02,3.409303179735196504e-02
2.300252734407862154e-02,-7.420923797823434330e-03,-1.883615875510824891e-02
-4.991407517054365778e-02,-1.514667790634217741e-02,-2.858089230124028282e-02
-5.692444999700031760e-02,4.199115179138310228e-02,-1.836175247807903324e-02
3.190326589396692142e-02,7.242841870431217244e-02,9.443430673981971848e-03
-3.764304431557872338e-03,-1.400042582513149822e-02,-1.485921811274964165e-02
3.983523875001285935e-03,-6.415474913475333052e-02,-2.539284442207064008e-02
1.245627415136138375e-03,7.504491170951764489e-02,-1.991888959767323941e-02
-2.170047811394201082e-02,4.145983841064406622e-02,-2.552362969748098523e-02
-3.992324684689068509e-02,-9.475420310678599189e-02,-1.091064359806067502e-02
-1.400780402238773620e-02,6.547643749607667298e-03,-2.899657349188367386e-02
1.536152300496350723e-02,4.598271824135869573e-02,-2.017480481781117746e-02
-2.432086207359727970e-02,4.279658190380065258e-02,1.936382671868100078e-02
-4.214521416795581621e-02,2.896308683016193819e-02,6.727782495234884211e-03
1.327417245220880587e-02,7.570001629277416100e-02,-1.196140953055626482e-02
6.847586123855303741e-02,-5.416944202016694965e-02,2.301842517814664101e-03
8.036290763305113660e-02,-4.811963167336869712e-02,-7.297649265485946224e-02
-4.837482462292683194e-02,3.094072927479164445e-03,-5.026958079472181040e-02
2.037658156870606960e-02,-2.703412280853540947e-02,2.261124231372864390e-02
-1.029371714033872343e-01,-3.007619701747335159e-02,5.466476499770480529e-02
3.820513057367565940e-02,4.203061833142403975e-02,2.417180951933641311e-02
-6.742709847784851551e-02,-2.250366262616386795e-02,3.988378000435927224e-03
5.300695917002427177e-02,1.767976710124283040e-03,-2.384106850552654769e-02
-5.479989139704567573e-03,2.469376985704803407e-02,-1.004967569233944889e-02
-4.783494738048893469e-02,-1.285613849228084242e-02,1.060324509134994743e-02
-4.244733962503552394e-02,8.193384731828530498e-02,3.321357916896684054e-02
-2.675590177941775810e-02,-3.557313242240689455e-02,1.087254505650467676e-02
1.264511023281962923e-02,9.853490800342309258e-03,-6.151146326221935273e-02
2.162794213557869827e-02,1.201142399692496122e-02,-8.049402427353091749e-02
-5.959308295768603325e-02,-1.261684062291397110e-02,-2.540365983435715833e-02
-4.833991660381123379e-02,-1.066699308970879556e-02,4.814061898973796827e-02
1.027831397219291024e-02,-3.554350317201875054e-02,6.977248557418310425e-03
1.824199647953873502e-02,-3.477757995244652039e-03,-8.090804911942812115e-04
-3.195635308262846641e-02,-3.705541823309436295e-02,-3.538928681461546433e-02
-5.664773169877309819e-03,-6.811772439245643296e-02,-3.724818616550777672e-02
-3.919347898207620196e-02,5.256754884794535843e-02,1.272175897217324436e-02
-6.482487774511705436e-02,5.751118877588673461e-02,-2.160494937317369510e-02
6.236957877986511189e-02,-1.498539951536730086e-02,-1.206205354125778522e-03
9.024650256476819329e-03,2.551334927246029852e-02,1.888897576817434934e-02
1.058396591396101698e-02,-1.466828416194849993e-02,4.377657962614205783e-02
3.601047315672578630e-02,-5.954761392739887221e-02,-8.289144921875065894e-03
-5.475526326754207029e-02,-2.459341931661531908e-02,-1.328306552485386538e-02
-3.401236785200135310e-02,9.304207866154644638e-03,5.128793858975733838e-02
1.917710390814586149e-02,-5.490882491955447614e-03,-1.611695673885163785e-02
1.412818248507430275e-03,-8.196670987493162846e-04,1.013439794212758899e-01
5.524373535048048012e-02,-1.572631982726947417e-02,-6.467598340131491819e-02
-6.184278931927056355e-02,1.890793891270537222e-02,-7.986559144760051188e-02
9.572856225189527168e-02,-2.574064089344527823e-02,-2.158918309138780148e-02
1.016883164302106665e-02,-8.009595412832348771e-02,7.917461282400388434e-03
-2.462785994093487103e-03,1.956108850399613380e-02,-6.010640365407225738e-02
6.991925667041955228e-02,2.707390211532902102e-02,2.148400296518935410e-02
-3.691565441264883091e-02,5.644189597790286866e-02,-4.035995069335655827e-02
4.658342063256997075e-03,4.049573260625449755e-02,-4.655350675706793062e-02
-3.301595815494015596e-02,3.153769608364692667e-02,-1.334130120701642296e-02
2.718738935379932421e-03,-1.550074012202114909e-02,1.300932589335001069e-02
7.858040199896235145e-03,5.302418302738155786e-02,9.274535157798056290e-03
2.406058230018934263e-02,-2.830549823219625019e-02,-3.031973696727238710e-02
-4.162022242424052304e-02,-9.934368430709501763e-02,-1.200555309707166535e-02
7.903445728536555998e-03,-8.946741075918129837e-02,-5.343987130112323042e-02
-8.015490219748171163e-03,-6.539571068216282201e-02,-1.040020961353595036e-01
1.717506895117562951e-02,1.234311395800991029e-02,8.102780842316527690e-03
1.364873611023470273e-03,2.607972545632869163e-02,-7.645522909562443847e-02
8.952203090341203859e-03,-1.244114973589634243e-02,5.624438064893997127e-03
8.100920138666986917e-03,3.394465816329696813e-04,-7.219600121908135992e-02
1.231033211883124546e-05,-7.465813868467950296e-03,2.624371745124696662e-02
2.127205032561451867e-02,3.444923430869428760e-02,9.065976790348811987e-02
-8.657441182195846352e-02,-2.035224794356280120e-02,3.020621341382023067e-02
4.665686279234280281e-03,4.132342154619258329e-02,8.888990938052664451e-03
7.039335831171316532e-03,-9.888191488370312240e-03,7.928852885559622976e-02
-2.199874587959500458e-02,6.891420537243694508e-03,-3.349984636328606075e-02
5.199706427191382041e-02,-9.503046799555655427e-03,1.774124682409530460e-02
-2.064955205617632558e-02,4.586793714198048738e-02,-6.429424672942724017e-02
4.095829009805529268e-03,-1.975982003479620497e-02,4.127738050372879025e-02
-4.565712576771437450e-03,-5.333827671952280636e-02,-2.767359534199766852e-02
6.193946478089336349e-02,-1.086003566978590955e-02,-2.215191560637266854e-02
-3.885670418819842011e-03,1.001462197156097883e-02,1.663716175241563427e-02
-1.850639673857436274e-02,-4.919554058801088592e-02,7.510126274348428999e-02
2.781547246465645301e-02,-2.392322500626169537e-02,-3.967805793793516278e-02
3.435896663123928080e-02,1.019655411659010219e-01,7.656910250841841847e-02
5.606654391165905721e-02,-9.617298310375371057e-03,-7.083619203388193120e-02
8.359609808960322824e-03,-3.804466079852234645e-02,-6.462621511987174869e-03
1.194565399869808309e-02,2.795220599681489185e-02,-8.874182331579011374e-02
2.747399869265134548e-02,7.724355373234638097e-03,7.334798028008633619e-03
5.936959327779225276e-02,-3.584641104202652279e-02,3.276478518264613199e-02
-2.678903449108262572e-03,6.661115717362453559e-02,-5.082306946963257785e-03
-3.803045448186219424e-02,7.256615387368513248e-03,-2.517335541143052996e-02
3.173365397718971859e-02,-1.053639434124498467e-02,-6.360057400189886301e-02
-1.504629542181268667e-02,-6.839981132328511182e-03,-2.232893576075852676e-02
-8.208049598270161090e-03,4.238802508435438043e-02,-4.789060783045698960e-02
-5.156056204972141177e-02,-4.386613449917751290e-02,4.123270783275567730e-02
-4.591284725757875662e-02,2.835439904028293906e-02,7.833446592499170025e-02
-1.167381134398088743e-01,1.527660221481810451e-02,2.676868264446255821e-02
-7.710195939761322129e-03,4.052549166483680049e-02,4.769702620691957523e-02
-2.131142262310906435e-03,-4.652299457025585450e-02,5.594634753135176858e-02
-6.205478083870355488e-03,-5.366455946399032589e-02,6.311694929869886284e-02
-1.602568733755956321e-01,-2.384135922809118430e-02,6.245345069670232060e-04
-1.484891000793149736e-02,-1.067167573484055637e-01,3.500300685364485936e-02
2.586568857679567152e-02,-1.572849109321958205e-02,-4.777881544103415590e-02
-3.965817217554671453e-02,2.153588527416505291e-02,6.522354624457590844e-02
-3.577596314956581203e-02,-2.996180091879012842e-03,-1.859764825227805743e-02
7.180962000312438032e-02,-2.277804423518419580e-02,-3.230557392947441819e-02
-7.748636290339818745e-03,-1.840835176364314166e-02,4.219293765044068723e-02
-9.004682481921289297e-03,-2.198673440333769394e-02,1.742395831491373032e-02
4.567758390474093572e-02,-6.965136632883110746e-02,-3.325490624979883514e-02
-3.878458206665906516e-02,9.584463395464247817e-03,-3.614797088131194939e-03
4.972193312125679915e-02,-1.895831503718248268e-02,2.146435341870523133e-03
9.919928327686653585e-03,-5.830081923752979817e-02,5.272223799811590755e-02
-3.621215549892769364e-02,-2.211904648279891528e-02,6.744419971036712258e-02
1.789607253222028072e-02,2.378549037827940027e-02,-3.140250043908063282e-02
3.236171934365934116e-02,-8.962487703102406042e-03,-6.117003202919183390e-03
-3.614635341034076743e-02,6.790181900320721442e-02,-3.033528656967635073e-02
7.007424358847917471e-03,4.199000777959608494e-02,-5.436216827432846510e-02
5.689821439900966810e-02,5.079896341988222007e-03,6.329088522527404059e-02
-6.141345087806644731e-02,-4.907948080077183944e-02,-4.381515775415872893e-02
2.919469336722508093e-02,-2.576080395154915076e-02,-3.883543737003288844e-03
3.685326733932017124e-02,-2.345876858522476585e-02,4.836133290115843947e-02
-4.965513344404739321e-02,-5.557663641221659984e-02,-3.726522766261160247e-02
-9.494335552011215831e-03,3.114128342494455401e-02,-5.711084132118631092e-03
2.098120096808595014e-02,1.379623202922067651e-02,-4.354336587385503402e-03
1.545685283797232877e-03,-4.626373842230740996e-02,-1.174533775304578351e-02
3.362272571494477613e-02,-1.703163783725438959e-02,3.102165857846598748e-02
1.474193699901859417e-02,-2.080773667329573228e-04,-5.118443433219954652e-02
2.413740909574173255e-02,-9.712377327962011184e-03,7.268470379136598991e-02
-9.643980848400337744e-03,2.675330387863108714e-02,2.176717352322660707e-05
-3.555348840293862805e-02,6.659554115601356433e-03,3.043614498242359911e-02
-4.710821798444417979e-02,-6.561694337349606443e-02,-1.580430183783172737e-02
-5.746849280011420355e-03,2.627905285308304584e-02,-2.314197487742265455e-02
-3.465378416384761601e-02,4.735082663168188599e-02,3.718933109111584312e-02
3.585692217220273585e-03,2.730973430124158333e-03,-6.216962778565040398e-02
-3.610874609709247701e-02,6.981991032307167944e-02,2.003206232725471270e-02
-2.387326713334146991e-02,-9.086997859896956894e-03,-6.826265449095128557e-02
3.390591993316446201e-02,-4.850561550363534369e-02,9.345282993882356171e-02
-5.484037646918419467e-02,-3.036379003845087604e-02,-1.379898648409619843e-01
1.111926670828829733e-01,-8.642491372785075787e-03,-6.017831629552539835e-03
-5.666957162986320518e-02,-1.333579577405496173e-02,-4.518246049940644049e-02
2.135915021624316609e-02,8.506006573117915956e-03,-1.843765632743609578e-02
4.060682490772501985e-02,4.265360915724877161e-02,1.912563963302537848e-02
3.310895494567242525e-02,9.446996278403190297e-03,-1.774974764318434928e-02
-3.119826189952669762e-02,5.771627261758303234e-02,-1.453001983321464997e-02
3.540028905815436472e-02,2.151417763531069532e-02,-5.484620281133992942e-02
-6.539670180544135229e-03,1.872581585856128092e-02,-4.025717098524379811e-02
7.131263423405832629e-03,-4.657536889409947048e-03,7.825161966770985411e-02
7.867822755830611303e-02,-2.856606404323485185e-02,4.350540679764716701e-02
3.683851378771168389e-02,5.030191755891588040e-02,-5.861512332718784961e-03
6.342336483322170981e-02,1.783798580708495160e-02,-6.075712123915791296e-02
2.246599293955824431e-02,-1.385148360736575615e-02,1.280235518959015051e-02
-1.833184055391968645e-03,-1.252784613107354658e-02,-5.254281319010742357e-02
2.690041147364434851e-02,-2.154358975902874451e-02,-1.952454054841339451e-02
2.098146790174372500e-02,-1.667783723870995549e-02,-9.776513364050319621e-02
4.857792269670621436e-03,-1.622823069705269785e-03,-5.381838605559243621e-02
-2.670356134572884899e-02,3.382768576077618827e-02,-2.786077130779290867e-02
1.192631262627971700e-02,-4.466540204068424058e-02,-1.706501308866108582e-02
-1.512092015934981930e-02,-5.872007436906389807e-04,-4.530314712773034908e-02
-3.130450483286681407e-02,-9.091927705711006641e-03,-4.732662115031831956e-02
3.280732543179626370e-02,-1.609776617886271577e-02,-2.876038735561954260e-02
-4.465362939449313978e-03,5.943413456967866493e-02,-5.459513848785884499e-02
1.933235917526009151e-02,-2.426022242521931258e-02,-1.760081087428010810e-02
5.412606312751474386e-02,-3.014798064254759977e-02,1.482878602834911087e-03
1.692715156211675037e-02,-2.680785586958582545e-02,-8.762160054731682468e-02
3.282927114555082154e-02,-5.499646961295849568e-02,1.939781806456813279e-02
1.599928393922473921e-02,-9.816633158932254466e-03,4.807035996366591790e-02
8.630979606402822135e-02,-7.596013462210342293e-02,-4.171839524031547425e-03
3.128953854700233100e-02,4.511021258632225139e-02,3.411299788985071996e-02
3.625306563109980534e-02,-3.867524064998600214e-02,-3.164805021128514612e-02
1.706204101265813497e-02,4.599120051910905033e-02,1.071528949117062047e-03
-7.032808106869212032e-03,-3.228888225002635864e-02,-2.964193608013430611e-02
-3.576895036780174814e-02,2.962455278231175201e-02,3.451895091174893987e-02
1.913138925124255839e-03,-3.721405253051357498e-02,6.774377154724192489e-03
2.956827945611267480e-02,-4.450891409911912795e-03,-1.555818178454396704e-02
-4.494102913722906878e-02,-1.644548215292628013e-02,7.669234413702138986e-02
4.597939662226427013e-03,3.779591454175455778e-02,3.511827824622358596e-02
5.092987212799483104e-02,3.168755150613094401e-02,1.692496933257693625e-02
6.551842113425214442e-02,-6.580814585375532270e-04,4.006920172016655013e-03
2.886630419615477533e-02,6.391096554223864475e-03,-1.492243799438950453e-03
-5.473774555355984117e-03,-5.816016508734615786e-02,5.229552425948793409e-02
4.538173949631169740e-02,3.321297612971135836e-04,1.961300935758151370e-02
6.116544804013705891e-04,-5.656523810890520115e-02,-1.429723066429116132e-02
5.190496882173141133e-03,-5.238298168281362022e-02,5.390203418379259370e-02
-4.241339137873954140e-02,5.364799499826436446e-02,-5.377259307393238152e-02
6.109000589136474174e-02,3.952536771379287078e-02,-4.647125991855614868e-02
-3.621900065452619139e-02,3.993011964877173081e-02,-1.129446800226847555e-02
7.455695815945941052e-02,-5.044108591253492618e-02,-7.562398779577768348e-02
2.703862309916914633e-02,-1.246264101806837145e-02,3.369405904399466571e-03
3.083024416384770594e-03,2.373439550072360682e-03,1.275085603338096301e-03
-7.851512427016779302e-03,-5.771606919361505633e-02,4.921537000687811747e-02
-7.581817265168216621e-03,4.199194227806023888e-02,3.322209192328328536e-02
-1.618574517253785691e-02,1.051467560989517366e-02,1.376343589906631193e-02
-4.973213038522800167e-02,2.744788901685424679e-02,-4.257699559451078031e-02
-5.074013034152442120e-02,1.435016131083213277e-02,-6.758914340313171287e-02
-3.995877275636741839e-03,3.111043659204341602e-02,5.154455413756479226e-03
-8.213949295277847562e-02,-3.276055370602982270e-02,-1.475464900905537335e-01
4.858335692390398919e-02,1.089561489995366853e-02,5.061354655727676177e-02
-4.646578837380847663e-04,3.401953706993583737e-02,-3.845661332174950525e-03
9.830452257537062796e-03,1.314363450145325171e-02,1.136409728382798030e-02
4.571535641395827604e-02,-2.722224809403049270e-02,-4.043072834468969950e-02
1.040491154433442061e-01,9.429565468564882202e-03,1.856423771080374652e-02
-1.133131401400896791e-03,1.479631061803170049e-02,-4.722000846502587279e-02
8.802557201888834559e-03,-4.629290698366425594e-02,-3.588001411240191590e-02
-2.392391372268635324e-02,7.090949163603441074e-02,-5.741038774847105619e-02
1.008684672486237222e-01,-1.871282985860623152e-02,-6.308582485600623679e-02
-2.780545314209321994e-02,-4.160051229655939431e-02,-3.712206368734696001e-03
3.999316598436762626e-02,-2.159608523333894636e-02,4.579366868805496288e-02
5.372459922298583428e-03,6.811484302806454505e-02,2.456450818184961055e-02
4.326599186383318051e-03,2.885126811928914042e-02,-6.549589058512488016e-02
-5.767939876221523515e-02,3.759843777219266242e-02,-1.402808181986599581e-02
7.674922535879923069e-02,1.529082385911369885e-02,-1.771188897064426143e-02
1.118008104868339903e-01,2.716346965005415198e-02,1.177829415831995602e-02
-6.049184616608128950e-02,3.328433967293277160e-03,-1.889059658428007479e-02
-1.045619106642415863e-01,7.827829569658845826e-03,1.099819974846049514e-02
4.929117571278229804e-02,-3.874666409849635701e-02,-9.716394471735236016e-02
1.032828159730983693e-02,1.812394575382780468e-02,-7.566349441262720799e-02
7.626926032240689823e-02,3.780009610573920736e-02,2.255315012508116515e-02
2.087215547471069424e-02,-8.374255370535141352e-03,1.267615234236299515e-01
-4.205260822509934715e-02,1.427763796936933624e-03,-5.057681934703070654e-03
-2.848369750548416027e-02,-4.260116633383433105e-02,7.961419670623458636e-03
2.638375517822634173e-02,-5.908037797479726710e-02,-2.309679196371942911e-02
2.888846244826955359e-02,1.041175528376309459e-02,-1.915439317611434752e-02
-6.879537080426341433e-02,1.816661214863473858e-02,-3.407761207255893821e-02
-3.890086821208988896e-03,-3.117712001235159024e-03,-8.019806432733870422e-03
2.433774277533082286e-02,7.358686733751157449e-02,-1.605930488306753570e-02
3.536647945620602362e-02,-6.174531846118970491e-02,-2.551958089969166236e-03
3.412769760774018307e-02,-1.323254628946428195e-02,-9.959021565083649163e-02
-3.154550151064614699e-02,1.351916139412130680e-02,1.073060516643930123e-01
-2.802783995496781200e-02,-2.858562527944618140e-02,-1.941012838115707467e-03
7.009438781126013651e-02,3.336524130636104452e-02,2.352451515733388135e-02
-5.228190784574546137e-04,3.095521790027414358e-02,-1.931563143531099883e-02
-9.535433348940402024e-03,-1.295372514501143546e-01,7.554364783144820739e-03
3.117206316257561949e-02,4.993559397682898610e-03,-4.012693736949924511e-02
-1.024298260463032094e-02,4.925237421516895364e-02,-4.971932758343813874e-02
3.403192358485052169e-03,1.741902114194212930e-03,1.890351920925827101e-02
-2.955646968182700299e-02,-2.134755173201140915e-02,-3.890351139047940748e-02
-4.892215220925519997e-02,-3.459383196968023044e-02,-5.076556714679717613e-02
3.788268277988714877e-02,4.404164402606835366e-03,8.970078646779955367e-03
4.548749100382829674e-02,-4.306183959572751352e-02,3.860184138944907240e-03
2.522041812593748406e-02,-3.509789542590415444e-03,4.540960681840909563e-02
1.026101752749039031e-01,-3.652570861990625528e-02,-4.937720618649666521e-02
-1.585228769138803673e-02,-4.716853102618674687e-02,3.208359260347931619e-02
-1.712049796723084244e-02,9.611361984794214441e-02,-7.120364721254507367e-02
3.682340602880197072e-02,-8.967400662606107853e-02,-4.806330783388868683e-02
2.350476213726549260e-03,6.583029732827790081e-02,3.233195407047013969e-02
-8.461052421076456845e-03,-1.055204461355636336e-01,3.078602762720980199e-02
-9.058958579044482052e-04,-2.715595924714062429e-02,-3.752850718719198675e-02
-1.754438586376196388e-02,9.838938529301771013e-03,7.354563311465957265e-02
-6.401217597342588606e-02,3.946919781646419934e-02,1.533697903607189443e-04
3.668620335499366177e-03,1.562673078844344782e-02,-2.811998368157569983e-03
5.615612431563789773e-03,-4.564913998307664617e-02,-4.530715229173391811e-02
-7.929162570218341310e-03,1.809178474059193421e-03,4.502768731710034278e-02
6.307786114815126799e-02,-4.661554308456429541e-02,-1.983252481203369791e-02
1.954216260817789874e-02,-1.266419830697645618e-02,-5.119928594625314244e-02
-3.383777692358019146e-03,3.951145197253218971e-02,1.730085976814969807e-04
9.144571874034363324e-04,-2.887031310232112541e-03,3.416903148699702158e-02
-5.551134488528693817e-02,1.166394869321423812e-02,2.776913171907177680e-02
7.466631455780740889e-03,-2.231776319091975658e-02,1.542397187177565500e-02
4.065531200691181735e-02,6.816371474960559703e-04,-8.891463892851062673e-03
4.084878740728992846e-02,1.704503528500836765e-02,-5.189067451656070862e-02
5.131617720438991226e-02,-4.707335748979280497e-03,-2.325193672377613360e-02
-4.295354935255195350e-02,-4.189146240608732086e-02,-3.372936385286855882e-02
-4.763358209385697151e-02,9.140826299250659481e-02,-1.301609473953832790e-03
2.399666072062291156e-02,-3.457795471253719694e-02,-2.243290996515183780e-02
-2.660543402229040982e-02,1.875951063956102574e-02,-1.040118781647399182e-01
-1.057906147119340445e-02,7.329708269235425677e-02,1.208451785687445976e-02
-3.684981339562443114e-02,-4.488394872588761381e-02,-6.831365452577399522e-02
-3.512717478725926358e-03,2.882640246236245138e-02,-5.979379760670127525e-02
9.934682979189431162e-02,1.714313738614980931e-02,2.004175236699344900e-02
4.239556584589367072e-02,1.718400806058936747e-02,-8.721171332753607439e-03
1.864780543047706712e-02,3.324782607573063820e-02,1.006876920802839415e-01
-9.373755003814002174e-03,1.460799794237829449e-02,5.506703799111850595e-02
9.045007598325989495e-02,3.551939128179980310e-02,3.706300734780666739e-02
6.707684307402709406e-03,7.186994673825448064e-03,-2.728743904885404508e-03
-3.578006926187931799e-03,-4.327325147464858301e-02,-4.261240501003775438e-02
2.037442675410338494e-02,1.127244459742823487e-02,-4.631290703426622218e-02
2.750939696629254791e-02,1.304711467613062052e-02,-1.913486374157828684e-02
-3.185935664565032327e-02,-5.348906187080323255e-02,-6.547342036420025768e-02
1.030964464704720376e-02,-4.145131113580865362e-02,-3.497195862067592476e-02
2.225841830532026069e-02,-8.832309044459853761e-04,-1.238608921774926770e-02
-1.772544984880858668e-02,3.698098420172932221e-02,3.788053366313844268e-03
-6.910162249110979316e-03,-3.333034214873942247e-02,-4.478183468383341304e-02
3.377359645315666098e-02,-2.416724863083227759e-02,9.461917323132859256e-03
-9.077906468655970104e-03,5.777368272179555370e-02,-9.353808518013534759e-03
1.238427251776691614e-02,-3.152139207938897420e-03,-4.322031214658498405e-02
-2.275441022909735489e-02,3.929096596748075931e-02,1.113018985999471473e-02
-3.778160612852953654e-02,-5.010282548253292695e-02,-2.362237118161947605e-02
-3.071040644322216989e-02,-3.922564541564103197e-02,-6.825155597904757065e-02
-6.477187503262054995e-04,4.175591973388155520e-02,1.583589027600341981e-02
-3.837705399072171425e-02,-5.939428864393451329e-02,-6.427434713922977605e-02
4.340410874413574982e-02,-2.111733298189460289e-02,8.133949853921787487e-02
-4.919648290220079295e-02,-5.154235891194460309e-03,4.513752932254417975e-03
2.972286784600741694e-02,-3.788055764908806328e-02,1.275564969802036458e-02
1.792775641820694432e-02,2.084391714111808944e-02,-5.081739129332337596e-02
7.706670159168009515e-02,2.842205870411738944e-02,5.595830705382101589e-02
-4.374375655911706928e-05,-6.327131318709884600e-02,3.788758154148206408e-02
-3.093731504850242425e-02,-4.646758759123997135e-02,3.631418215552356665e-02
-1.482466191306992809e-03,-8.358599713416559746e-03,-6.949532581728980196e-02
-5.464680073023672063e-02,9.272025188155763251e-03,6.052204461749366438e-02
-1.869598985403836530e-03,-6.644749140697986389e-02,-5.767071897620789506e-02
8.671752807800331420e-03,5.585892430319255170e-02,7.271329129565988481e-02
3.434755529469838559e-02,4.674098107682534559e-02,-3.420341101558153907e-02
-5.764783532173246849e-02,-5.312838922329057856e-02,2.925674625653399558e-02
7.861305559255162001e-03,-1.861695264919211931e-02,1.014153424327904861e-02
2.174485528856770489e-02,-2.282980116240209204e-02,-8.924106128597251997e-03
1.429059421622911295e-02,3.689255440182925838e-02,5.694777290087907340e-02
-1.289658900868130217e-02,-4.239545937319334074e-02,-2.949431101697321325e-02
-2.067120500467086591e-02,-1.458572993313055760e-02,-3.705480321249614295e-02
2.983821035362667004e-02,1.081582794765218458e-01,1.465094588509912969e-02
3.261689722695278095e-03,-1.941029814212538035e-02,4.285129359527089371e-02
4.074548217366669861e-02,6.581104028896310465e-02,-8.528477892295799334e-03
7.255925148723545159e-02,-1.623318387354202863e-02,2.409874511836914215e-02
-9.905764066410105775e-03,1.935159966256505895e-02,-1.852909347042355770e-02
-2.233789323305091293e-02,5.248048797619567912e-02,2.158872392552339467e-02
4.518381910955854286e-02,-1.888635451164755175e-02,-1.613260043901136240e-02
2.787766057162735858e-02,-1.690827008409160823e-02,8.870158850599647524e-03
-5.276050515977350266e-03,3.170953292737830470e-02,-1.293057341183878259e-02
3.450872328184625970e-03,-4.505421540353269499e-02,8.284868268998563101e-02
-2.073271001303416891e-02,-2.007894825637218314e-02,-1.350677770334768671e-02
1.118691192417712171e-01,-1.640579591359670256e-02,-5.156913858316929632e-03
-2.137171548614167499e-02,4.736901365118614121e-02,-3.110827246764467577e-02
-7.164970366890062448e-02,-6.057814762271132580e-02,2.542394994959490395e-02
2.759593692595842945e-02,-6.729978194746782938e-02,-9.040159414598197829e-02
6.205697822388542284e-02,8.936049724942187605e-03,-3.481468151554877044e-02
8.291418677699274875e-02,2.587974516666824432e-02,3.197570402830451214e-02
1.439522400202114874e-02,3.563947135723408849e-02,3.415001951588695836e-03
-2.117323794604995119e-02,3.149225949152049259e-02,-7.434299220397814698e-03
3.752504077591149040e-02,3.253471462059552566e-02,-6.713998624036933427e-02
7.326025315561714157e-02,-1.273756316521028158e-02,2.779139269598580528e-02
-7.683464023865677062e-02,5.418056069063616892e-02,-5.176254329006981653e-02
-5.542994754985306610e-02,-1.618230360399233042e-02,-2.374580411549878645e-03
2.788898347572978109e-02,2.861974945891122835e-02,2.076060085539560909e-02
-5.730672295252568944e-03,1.770750632900717353e-02,-1.105146334174051184e-02
1.112322991016112886e-02,-7.826619231775609753e-02,-1.937202003163234973e-02
1.828919094118917898e-02,-2.709454894692505875e-02,-3.173752141076812555e-02
-7.412451676999223804e-02,-1.184127887038864541e-01,1.202884390441958003e-02
-1.518592634749474195e-02,4.313576779134802031e-02,2.197100118564798352e-02
2.533505919266965459e-02,1.069075868779603283e-01,-1.446216766400728292e-02
-1.369586271651217040e-02,1.708402013790886673e-02,-2.152822648383936541e-02
-5.794844902701967726e-02,5.471943414286989382e-02,4.805793974040803787e-03
-1.359860775844467379e-02,-5.316791274032473327e-03,-2.695421296313778303e-02
-1.504074241881586324e-02,6.763288511938994607e-02,-1.712522084468656378e-02
9.605178788527164377e-03,5.577082339732510052e-02,-3.916122109112467331e-02
-2.964431692268328436e-02,-1.786004795733667563e-02,-1.980430301530274745e-02
2.946345764265561468e-02,-1.268399272215444372e-02,6.871045723391887294e-03
-9.562728198764579302e-02,9.278454752618066348e-02,4.534730653558014662e-02
5.714737869000637016e-02,-2.679609991018692787e-03,-3.766718041924015797e-02
2.145586098488664814e-02,3.175929636016586177e-02,3.885606590245311610e-04
-7.419139069484403937e-02,-1.853748083114854436e-02,1.327246526558119614e-03
-4.597989059164511033e-02,-8.058241721467639118e-02,7.765483984423446340e-02
2.654456428832077317e-02,3.297425851491087717e-02,-2.831806126679398822e-02
4.813848711846428069e-02,-3.134209522213719096e-02,2.823391007309398668e-02
4.795153847958906479e-02,1.206389347594242004e-02,-2.808634586787943366e-02
5.703186189124117428e-02,2.961225686847685293e-02,-3.076216524082583947e-02
4.330903419076300581e-02,-1.901100059397926650e-03,-4.190753472735858631e-02
4.827069259081118169e-02,-4.144383914374657335e-03,3.946314898944031785e-02
1.263862047909958437e-02,-3.793458538407432079e-02,3.181734209186009438e-02
9.947363932743849557e-02,1.659662213147568635e-02,-3.563725575201865531e-02
-3.422006175859881177e-02,2.709824700564916755e-02,4.414428341548110729e-02
-7.036037524526016565e-03,-6.027668021000889137e-02,3.503815668663342459e-02
-1.045865445150082063e-02,4.792586478662522881e-02,-1.481141246914190190e-02
1.311015622131249218e-02,1.919002302518291528e-02,-3.735607616450228180e-02
-2.102560781615785829e-02,-5.738363996051273896e-02,-1.332535313600624605e-02
2.128618442563072824e-02,-2.140217368149749042e-02,-3.047357665006930269e-02
5.930616471747048209e-03,-3.832598174470075447e-02,-7.344626914466503322e-03
3.834747936866124939e-04,1.244355599287523539e-01,-1.019796401717158914e-02
1.077156211046991115e-02,-1.390758514520143950e-02,-1.666522195386807570e-02
7.119621314386963273e-02,-4.516178357245589220e-02,5.382774214980651922e-02
-1.306868606248715210e-02,6.058690126673254434e-02,-2.404377172469899550e-03
-1.663539281265665262e-02,4.684495907190690950e-03,1.330936515357037178e-02
9.668467147219807559e-03,-3.551847058967318171e-02,3.189243186990570883e-02
-2.024836418821838232e-03,-1.352965871766903701e-02,5.207297695863421193e-03
-6.610064544179250490e-02,5.695975250140315055e-02,3.704186070586844987e-02
-4.421680687305469147e-04,1.363460981418289017e-02,-1.780229521030405118e-02
5.360942132897877910e-02,2.398796838058466288e-02,-4.228042118214873912e-02
-6.949169333922117220e-02,-5.461960890592854057e-02,-1.123717306254128252e-02
2.998670080393730716e-02,2.908710896265671517e-02,3.317629825903555506e-03
-8.978746119937935357e-04,-1.097984861997615934e-02,-3.993665690958871084e-02
-3.542235459890566429e-02,-1.289986661570726063e-02,-4.774631429697511614e-02
1.817220855483162034e-02,-9.239198920557196992e-03,-1.993708070186044762e-02
-1.355734374420508419e-02,-1.477594650191478738e-02,7.805328208480710392e-03
5.078080380838408819e-02,-3.982010795306413498e-02,-6.927719249109640098e-02
1.311463580450802783e-03,3.905143261522058158e-03,-1.241617524518683485e-01
-7.521669175982019680e-03,-3.195124125241159685e-02,-7.484834055798719916e-03
4.334716960450224477e-02,1.163427992743523154e-01,-1.910554252491012198e-02
-2.649640106968020881e-02,-4.881297036578009785e-02,6.987378879494644465e-03
4.978747861839041833e-02,5.118539866187820329e-03,1.757137905720125223e-02
-4.506872435841510760e-02,2.101989122354022688e-02,4.152159173272258058e-02
1.712832333468240417e-02,2.878545661401351111e-02,-3.632678172836591862e-02
-6.346638281842681417e-02,3.982907792791550577e-02,5.460572375134205292e-02
9.570814088036883049e-02,2.893173252376179602e-02,-8.500892100355236791e-02
-6.244236006502138642e-02,-8.976216719820639262e-03,-9.832003391159040151e-02
-3.389520898371479324e-02,-4.690666270128905635e-02,4.435843712306111741e-02
3.743608877756263165e-02,3.613158433556716998e-03,-6.156859937474683242e-02
-7.317326357925242261e-03,2.544914503818038881e-02,1.444035265841427454e-02
1.722946659972561176e-02,1.036958610994540876e-02,-7.527001636183303264e-03
3.919272826552952504e-02,2.751287693466302614e-02,-6.337338311291483561e-02
4.993363518161252415e-03,-7.648120964571692056e-03,6.858637107974166827e-03
2.726519164439996507e-02,2.763978880744203184e-02,-8.122153352896366307e-02
7.596571172674601580e-02,-5.219589789701711835e-02,-1.519189285997492311e-02
3.215844233230648330e-02,-9.461239656212238822e-03,3.712080774376581849e-02
-2.051297712817549621e-02,9.459520619465198663e-03,2.281171577575488718e-02
7.327062813319275281e-02,-1.205730449870999650e-02,-1.880295607685554884e-02
6.623243599426588413e-02,-2.965583788679427429e-02,4.080550121682149228e-03
-3.602448395417987004e-02,-4.851483903442065093e-02,-3.052415716009195673e-02
-3.895928112325368342e-02,-4.263670695042479086e-02,-3.069076316620641606e-02
-2.557920442643145040e-02,-3.678919881066983373e-03,7.624460789205671218e-02
-5.164982559725404820e-02,-7.686172375913774557e-02,2.316852728435182460e-02
-2.364509697712608230e-02,-1.950787759811025215e-02,3.662398029048212489e-02
2.614275614309062926e-03,2.046533566948930891e-02,1.733118052480183552e-02
-9.497316854549251244e-03,-2.044835016881806078e-02,1.444898539267869091e-02
6.448822319175656625e-02,-5.619942343922541654e-03,-3.211678861823750314e-02
8.959092744054848734e-02,4.019197939576002465e-03,-3.107056765683024330e-02
2.446615783736717786e-02,5.640785690561268481e-03,2.003755055406998553e-02
-3.265969332210856557e-02,-3.429095565340838092e-02,-1.207562271709258436e-02
1.495495307532882477e-02,2.483645478478168148e-02,-1.036775600474540288e-01
-8.634291694516755405e-03,-8.238187816685380027e-03,-2.891879138839549557e-02
1.366881672823093419e-02,-2.233557122890333924e-02,7.737001567566294605e-03
-2.218821078470804148e-02,7.211728705653208671e-02,3.247576275750335695e-02
-2.724293249379261539e-02,1.474271746275448991e-02,2.921713320359857827e-02
5.002309158859579580e-02,4.225940641454976887e-02,-1.542246996279555450e-02
-2.767103075766709844e-02,-1.576438276734147548e-02,-1.887674643749689615e-03
4.423069110730740161e-02,-6.163726960345789450e-03,1.034372128124305202e-03
3.032964189935550767e-02,1.451961749548595464e-02,-5.792830009664928087e-02
9.569421165960892428e-02,-2.668523839711291201e-02,-3.308905857781715976e-02
5.868408576314360081e-02,7.414232718716309324e-03,8.817870825127836071e-03
-4.606039051592958344e-03,-2.735019246873464371e-03,-2.241092304994953682e-02
4.748015800617987059e-02,3.074457351922930265e-02,2.317091801443657909e-02
-5.977412364796617916e-02,-6.934796800951273377e-02,-3.382085538807767799e-02
4.132869046622424103e-02,6.695358562805583599e-03,-2.541692000506020135e-02
2.067471361781793651e-02,-3.978479719557275612e-02,7.669154376709961911e-03
-1.196921092985412348e-02,7.191545641242733100e-02,5.808413725745937423e-03
-7.410095476717805385e-02,8.779462133404677959e-03,4.367922972591153918e-02
4.730273078914799118e-02,4.228956603847237178e-02,-6.453270415191435239e-02
3.266864216856017744e-02,-2.739682693746611167e-03,3.526556324777146978e-02
2.915907656152854840e-02,-3.324443564149267422e-02,-1.080840903822918170e-02
-4.259310062323004575e-02,-1.238705708938100808e-01,-3.778699803267976387e-02
4.297128999236932145e-02,-7.431227934823381176e-02,-3.373120259550677763e-02
-9.343282384389844236e-03,-4.880537573435355519e-02,-5.551155583765193802e-02
-7.982857924059058585e-02,5.759065465991600186e-03,-1.327458576890992725e-02
3.404573992394096388e-02,-2.483184575864874621e-02,-2.681430456837472290e-02
-5.660250804630348465e-02,-2.897932573217475161e-02,2.538849996542963394e-02
-1.447302357404526424e-02,5.277120478746788468e-03,-3.845285232902939665e-02
-3.063634840366633721e-02,-1.071336029254749828e-01,-2.066944275409620529e-02
5.614378736719446289e-02,-3.921404727570803467e-02,5.047161264711959999e-02
-4.077064765754626063e-02,3.765938152787296628e-02,-3.130774113892372673e-02
1.513479736626379031e-02,-4.314957937812789746e-02,-1.329382320635215387e-02
-9.308140332707977305e-02,-2.600200582019581395e-03,1.058424101554848555e-02
9.237307352725864298e-03,-8.490986295850505572e-02,-8.124056448314997264e-03
3.185121818196604004e-02,4.896008881352276187e-02,-1.223645214602531520e-02
-1.911348556640065158e-02,8.270939003866556449e-02,-1.261155435455071049e-02
-4.311113985631219100e-03,-2.630038423619511859e-02,-6.889592461571314441e-02
-4.618041455670179873e-02,-3.538666581679712764e-02,-7.861620186888729211e-02
-7.362059908361359879e-03,-3.303291504341805489e-04,-4.179860138532435175e-03
1.724910923593227577e-02,5.710140110343484010e-02,1.431755693598508843e-02
-4.972094046851058269e-02,5.466274378461612009e-03,1.120941853440535728e-02
1.759010037940172966e-02,-3.203027289285634988e-02,-2.194766850236934148e-03
-2.753324188852840360e-02,6.417100003410126582e-03,-2.792624431640915866e-02
4.720453440990995259e-02,2.400671286246476230e-02,-4.612550105617010954e-02
-3.285574439186694090e-02,-3.079785108505268473e-02,1.275530574826531352e-04
4.293423635721693027e-02,2.180195024864445275e-02,-2.072627899333623347e-02
-2.328913885891354882e-02,-1.177528757903135818e-02,4.657650394939635841e-03
-4.591169689759366790e-02,3.636703865875614422e-02,-9.240209114114759925e-02
4.753885436994890329e-02,4.465693299293615331e-02,7.769388013197019334e-03
4.313252691141350806e-03,-6.285359653190478180e-02,2.542902272230457630e-02
1.988312322672094665e-02,-5.357397989977311786e-02,-3.749970857578774353e-02
-6.382973772510606991e-02,1.730628244186838832e-02,1.264607901843056020e-02
2.980567217109311717e-02,-5.660445614945788795e-02,-1.236633899103400935e-02
-3.458506822590608990e-03,-9.209797022702291905e-03,-1.018173736413114684e-02
-4.970471249289071941e-02,1.794068312301794199e-02,3.134782768832183875e-02
-3.123339171894630450e-02,-1.975937041046365097e-02,3.019438545539682855e-02
5.917788202408005849e-02,-2.431171561160581571e-02,-3.219532295969882579e-02
-1.057605342808893602e-02,6.652550433682596909e-02,5.954867248228661036e-02
-2.627751083492819648e-02,-2.858232980128800477e-02,5.077082020924044564e-02
7.544074403152813135e-02,1.517958767576738435e-02,8.495834346243034962e-03
7.399479162959558647e-03,-4.154329497455282877e-02,-6.223378659205057450e-02
4.777422389292605709e-02,-2.771204969917792226e-04,-8.992480602964666656e-03
5.527472119875997264e-02,-3.345117791697161530e-02,2.317664925358889003e-02
-2.211412844395455393e-02,3.205097905368720773e-02,-2.891661901621985636e-02
3.748526193234249376e-02,4.112511525781566840e-02,6.604871573488536873e-02
4.197260993644699734e-02,-4.781964146406141036e-02,8.366333014914008326e-02
1.489972723788707352e-03,-5.543903910610906843e-02,6.378594259384100240e-02
4.308034634651902728e-02,2.280169211191626633e-02,-2.013363345635020216e-02
5.233239730580727112e-02,4.325035942237872438e-02,5.209403952114358138e-02
8.975473066428231450e-02,1.536438639321935189e-02,-3.932413719179399941e-02
-2.461462891839812789e-02,-2.693648216888023042e-02,5.271366668160722135e-02
3.317102036310738689e-02,-8.701419219189609339e-03,-1.858203674027930630e-02
1.301276937429531912e-02,1.660516850660873024e-03,-6.312540842034261579e-02
-1.106275093429814026e-02,5.807263774418064406e-03,-7.955777719023089667e-02
7.544856250036703973e-03,-3.532697292418299218e-02,-4.446318199506207880e-02
-6.274887294136574298e-03,-7.133161913407373884e-03,1.838471222083336298e-02
-1.798706960331504512e-02,2.421387550385115800e-02,-7.001169486160290639e-03
-1.601010688386673292e-02,-3.392377788418165369e-02,-5.164788475937443120e-03
6.166846805667767822e-05,-4.917751666869269594e-02,-4.883431140397666986e-02
-1.084023877125670117e-02,-2.171502353531434143e-02,-4.601993732420295996e-02
2.371571472480930171e-02,-3.712794903527272695e-03,-1.231523965300679833e-02
7.728249716332506736e-02,-1.955561716764580432e-02,7.587755776682926154e-03
1.214173635947015696e-02,-4.667747604818624219e-02,-5.636073996893169180e-02
-5.265452321279162455e-03,-1.792676418932447405e-02,2.097919416610085838e-02
1.029354685359126428e-02,-4.649678359434281094e-02,-2.214219090261211262e-02
2.988978190454737172e-02,1.117603101767979286e-02,-4.008941046923945872e-02
-3.116417478941643088e-02,3.187105864268791056e-02,6.683715569559946224e-02
2.617910438689846631e-02,5.078329131160175258e-02,1.968406661695558044e-02
5.673653550270734217e-03,1.512105996627365057e-02,-7.954394649910719040e-02
9.891483157747198163e-02,-4.055937340938307444e-05,3.213263631998027753e-02
1.046046213956727637e-02,4.247159342091778172e-02,-7.958829844606529411e-03
-3.185354547545971027e-02,-7.099040474584802918e-03,-3.424227871793777966e-02
6.231152646000795176e-04,1.702535048590874886e-02,-1.176936457308468305e-02
6.881977363755689692e-02,-4.087636951981107186e-03,-2.538643071335507442e-02
5.106798897265290432e-02,-4.131450870382760709e-02,6.952420727284915059e-02
-2.487623550724354926e-02,-1.617591992937428280e-02,4.526084474027285837e-02
-1.049194690051184937e-02,4.252664012141516708e-02,4.498640638692422838e-02
6.875075332135507922e-02,4.516391351897652839e-02,-2.462929785848266828e-02
5.452962698191211877e-02,-2.403604541417644208e-02,-7.242141165318936868e-02
-6.128837453807778335e-02,3.970663933702740095e-02,-1.770495294151850502e-02
4.039931167125943717e-02,-7.239448495837539320e-03,-2.112869142371669867e-02
-5.717678484900741431e-03,-7.335804686123342799e-02,-4.637315015288399900e-02
6.177131656103083956e-02,-3.986120824138534441e-02,-5.991064205512014462e-03
-1.613327971307293831e-03,-1.408047585763159623e-02,1.681881712553923158e-02
-1.341353006178589054e-02,3.149817405453386038e-02,-6.769503171713220357e-02
-6.721512605722436418e-02,9.914166059805556638e-03,-1.758132134610939853e-02
-6.214673022831232983e-03,5.281208253572310107e-02,-5.488354936189723116e-02
-8.823846451368845545e-02,1.109635218569091607e-02,-1.285463151357663265e-02
1.158372790813911625e-02,-1.750239376882275696e-02,6.389927895907056288e-02
-1.519903317794763127e-02,-5.615640413355538207e-02,1.559483817115674825e-02
-6.720519403850798434e-02,-3.596414911735235087e-02,1.240358316200063310e-03
2.036443231357450145e-02,-4.572324106940691552e-02,1.904995922023676111e-02
-3.596932278166086600e-02,-1.833278299864418009e-02,1.350952121674971022e-02
-1.267418403731110192e-02,-4.941868426409938564e-02,-2.914112330790364497e-02
5.415535609017407825e-02,-7.904310592165659718e-03,-4.434995510776827687e-02
2.121272533324226883e-02,-4.024219317830195902e-02,-4.626910589358920745e-02
5.113167719735211419e-02,-4.440589836794258533e-02,-5.273983918963129867e-03
-4.201493440952500796e-03,7.205005077355379484e-02,-5.447416753149867535e-02
3.425204379088030854e-02,-5.548920538107383893e-02,-4.065969458727018010e-02
-2.228273924769115510e-02,1.443939316637777269e-02,-1.083876673147747549e-02
2.526165868800221703e-02,1.944743076855171351e-02,-4.549096838449278452e-02
1.366438969058589303e-02,2.756069523767004301e-02,7.223199631697294065e-02
-3.326461154822319549e-02,5.481516575562903060e-02,2.680212106169406472e-02
-9.712369960206078054e-03,3.120102109782231514e-02,5.604750125721370303e-03
1.290299518351532664e-02,5.685621227715859788e-02,4.036174806848253152e-03
-8.982841180740032405e-02,2.943931382880664999e-02,6.255711576617969255e-03
2.472093262781887690e-03,2.866228596005262249e-03,-1.064525918008203285e-03
-5.014237079549770798e-02,1.511686954303903714e-02,-1.315942909888701169e-02
-8.134050889918695293e-02,-3.794049752599783221e-02,-3.107602290805807493e-02
2.072313331115181387e-02,6.669049425011189247e-02,-3.787910588211247653e-02
1.382310172649984896e-02,-1.760140616227724025e-02,1.731351243745330934e-02
5.574881560621977594e-02,-2.429159332424700099e-02,1.058053660877211234e-02
2.381344154834197369e-02,4.435821066122285633e-02,-4.344917357354357440e-02
1.499925655001783584e-02,-3.294972850411828635e-02,1.964942323605610094e-02
-1.245832152610546265e-02,5.569084079101713214e-02,-1.556302295860521011e-02
-6.523826628244042136e-02,-5.539359486898765873e-03,5.102577501732345061e-02
3.225266198988589739e-02,2.871677474502400476e-02,-2.184536331017757418e-02
-2.210817223041340249e-02,1.950473569379645306e-02,1.761615393344944866e-02
-6.408321780338209483e-02,-4.084205724365486817e-02,-9.538418120438271752e-02
4.139138553899927332e-03,4.320759321798941198e-03,-4.697790546220084046e-02
-3.276694576205054779e-05,2.272994355202290206e-02,-3.764517530033563431e-02
2.470448532090938065e-02,6.165534529103540440e-02,3.972269910422857736e-02
6.499214429525888067e-04,5.033202404587884538e-03,-1.636445913645842576e-02
1.473278468578983515e-02,-7.338568186284057104e-02,2.686645118406918997e-02
-5.128480867995054669e-03,2.069166865985320666e-02,1.114110942654175651e-02
3.737558088132181267e-02,-4.625375181102377858e-02,-4.505790962644534714e-02
-7.940070713272816272e-02,-4.703751530826412453e-02,-3.909947393363956414e-02
5.191737475132645122e-03,8.927375679132300290e-03,-8.176607684930449829e-03
-1.363934896661082689e-02,-9.772840339502442131e-02,3.713299317274357594e-03
3.092510850064648584e-02,-3.739567456816324242e-02,2.511511574278437603e-02
-5.774533288352886456e-02,-1.803766120749672811e-02,-9.816792147516643918e-02
1.670142989497363714e-02,-1.145919296391111411e-02,7.950598593474444975e-02
4.705480949843634684e-04,-1.343636876877205184e-02,-3.010611518115300853e-02
2.259043417598881678e-02,2.422256228080947246e-02,-1.117812060909208899e-01
2.244036510886963931e-02,-1.568038120350742724e-03,2.460017297093641808e-02
-6.107249223733720060e-04,1.282662675882800633e-02,2.745452106537641171e-02
6.052341086500637179e-02,9.050235733474002245e-03,4.012629909839562220e-02
1.371994919251460880e-02,3.500309623842081524e-02,1.405451219047170082e-02
2.403429545265095210e-02,-1.043654587999747196e-01,2.745759289415165491e-02
-6.445045514525681030e-02,2.586611423906419807e-02,6.196856590475567465e-03
-3.822647228600585534e-02,-7.414903627459952518e-02,-2.792092323430857108e-03
-1.714471273053624900e-02,-5.574233424532756657e-03,7.160932068669392803e-02
4.920352842618935796e-02,1.037065735764696774e-03,1.457721297463508009e-02
2.966025475068818223e-02,-6.351851957131907089e-02,6.480698904128540105e-02
-3.138805501488140665e-02,-5.926808045064282243e-02,-3.828787090053061698e-02
-7.200228340969481999e-02,4.984902112440144084e-02,5.546544500464265642e-02
-1.311606974308879986e-02,-2.484791451677480570e-02,4.842770782497996668e-02
1.439173857501494912e-03,-1.197008660260222290e-02,-8.594664264382871621e-02
2.289675864915774808e-02,3.346199968989769721e-03,3.668314338371674033e-02
-3.196409402586584958e-02,-5.016144382668672602e-02,-2.832012326162820781e-02
3.128713008103785331e-02,-1.896049125405520341e-02,1.454777489138286452e-02
3.124624242229316964e-02,3.349492364570380576e-02,-5.461550212068371629e-02
-4.937402833349563425e-02,2.554295792622840889e-03,-3.977902548759200407e-02
-4.063682954049239321e-02,3.163037334988991200e-02,-2.915923931289342297e-02
-2.938929308238048821e-02,3.774635798160678318e-02,3.989914284750698675e-02
2.527022805893680904e-02,-3.377170813144854400e-02,2.701475697939222792e-02
4.105849289712811857e-03,-7.047739797569473053e-02,-4.719012681059638753e-02
5.014990558749965986e-03,3.463876485332398336e-02,1.913094897650649898e-02
5.909911120500491860e-02,5.263735297064239815e-03,-7.326690151035733511e-02
7.462400186390045001e-03,-1.012915077053891943e-01,5.531265105163675477e-02
-2.939090124338385179e-02,1.636815528507243322e-02,3.875895839835107742e-02
-5.817494650291666486e-02,-3.677726736839576072e-02,2.035081366598743072e-02
5.910637486127053725e-02,3.586694114316100329e-02,3.093991679607842674e-02
6.384414008602107282e-02,7.211909337364483252e-02,1.210076596160004556e-02
-2.011299232510776677e-02,-4.974370262841860263e-02,4.626821802345361390e-02
6.095313993276028214e-02,-3.859555062203547104e-02,-7.297413118269666099e-02
4.489440441890277245e-02,3.768821642976365183e-02,2.396944593038238119e-02
4.018849847063896835e-02,-5.764972637024293883e-02,2.703047625663949211e-02
1.241770205280134801e-03,-7.147168123802740379e-03,-6.071743565901618206e-02
8.060311054910118678e-02,4.165977515520853658e-02,-7.148477447712746347e-02
-3.747244662577299545e-02,-2.583458892857854947e-02,-1.324618890324651480e-02
-1.179482181858361629e-02,7.595546413636963812e-02,5.864425651527679223e-02
-6.441349473113275326e-02,-2.484907080623436834e-02,1.662290977104547221e-02
-8.698683543955785386e-03,3.285085845357808149e-02,-4.812178812057014282e-02
2.307590237471201025e-02,7.294996726718736002e-02,5.028846917755167012e-02
4.824871306192705933e-02,6.047626731977438080e-02,4.833764101131887703e-02
9.504887793082564956e-03,-7.251834627014712431e-02,1.687397434028829052e-02
4.855895591614286383e-02,1.672606383054736981e-02,1.814855164672629639e-02
1.884160466346734494e-02,-3.046079488412542849e-02,6.933531718704832869e-02
-7.265237596160550523e-03,-1.085127519663819755e-02,-2.796690174392548259e-02
-6.232389364302273055e-02,-2.765851261019040136e-02,-6.469880489466446616e-02
2.219471683457249767e-02,5.641582237724768710e-03,2.475891897345188636e-02
5.277801486460601335e-03,-3.745834313226424628e-02,-1.876438952916038849e-02
7.722616615575549071e-02,5.903259822061394241e-02,-4.885712104429985880e-03
-3.458741902915237615e-02,-8.810219040703681087e-03,1.269342300305247029e-02
-2.948563824861910186e-04,-4.796671203643704945e-02,-4.550864358248908517e-05
2.762902653296704994e-02,-1.037638917263809107e-02,-3.398866777207092821e-02
8.566277001956307258e-02,2.941663637082581745e-02,2.764516645445607573e-02
-2.035778333583463870e-02,-1.696347474540885886e-02,-6.477614364286066184e-03
6.927149049343722664e-02,4.904042097579979637e-02,-3.698843655851199314e-02
-5.630993056520781047e-03,-3.619960246329990278e-02,1.192720282078194721e-02
-4.859908844330102645e-02,9.023335412130078712e-03,-7.415203572902448470e-02
8.976662620502466952e-03,2.611820717844513459e-02,1.383928936782473709e-02
-3.782963383233900467e-02,4.401541992672615422e-02,-4.376186300249731878e-04
1.419628424803131769e-02,-6.547446795420536203e-02,5.108046323123653469e-03
-8.167491607024714162e-03,-3.606689021952234897e-03,6.634158085781569070e-02
-3.390295228774206637e-02,-3.846904130381321313e-02,5.921005794615657319e-02
-2.356353845557971477e-02,7.448834174320964618e-02,1.574552078571361813e-02
-8.892283057575353297e-04,-7.118432985120796974e-02,-1.388732821867677894e-02
4.381390254116512145e-02,-5.954504582755765218e-02,-2.477385385136836402e-03
1.606332449560614328e-02,-5.664226742299508649e-02,-4.662204672116179033e-02
1.886975303386939987e-02,4.991361937195242654e-02,-2.783429858241338178e-02
7.532129257534236899e-02,8.955750643810312522e-03,1.757275314431334251e-02
-2.329768812737827502e-02,-6.418721742230476361e-03,-3.962434178780655999e-03
-3.770108188991452142e-02,-1.037792411385332972e-02,1.009473910104800032e-01
-3.204733909714767986e-02,-3.317090593226035278e-02,5.214023453303180504e-03
2.094613372595860445e-02,-2.619005592758826603e-03,-9.817485909652259868e-02
1.427143064645551920e-02,-2.674671068544769506e-02,-2.126681055162693915e-02
1.308064351113933516e-02,2.516170241704978119e-02,2.199310988615778631e-02
1.923005680876970630e-02,-4.010639697913660068e-02,1.625355400868411931e-02
2.263006381399721920e-02,-8.852139874175626866e-02,-3.406099685724373050e-02
-1.492318134796299760e-02,3.218287538626542210e-02,-5.033648536619120609e-03
-4.425091359403703767e-02,-2.731840767049052363e-02,1.152808726454611875e-02
-1.543322385028537622e-02,-5.380195216810049891e-02,7.945595981808102615e-02
2.437636689357737963e-03,-4.929836563753168394e-02,-3.120729486195411660e-03
2.602571694129228452e-02,-6.086026469487994250e-02,-2.283911326625175445e-02
-3.237845545181852747e-02,-5.629304175047058351e-02,-3.269475375569562414e-02
-3.783321002855443566e-02,-2.017007187564790957e-02,3.328840093768604437e-03
-3.746099855004040441e-02,5.363740944346342271e-02,-6.615217551970081246e-03
-6.204487850246486608e-02,7.484093547275177255e-03,2.519008061678510574e-02
-5.993273197358020034e-03,3.042057797274656111e-02,-8.404191183158042644e-03
-6.845349795532698622e-02,-1.622178407421290226e-03,-2.056827411413182302e-02
5.601115583613467536e-02,3.251272285076164861e-03,-4.101992180713759546e-03
9.530162678110598584e-02,-5.518675394150757141e-02,-1.494693488076830751e-02
-2.935377246678742488e-02,1.265532279646865675e-02,-4.993890396474941901e-02
2.825084474235940724e-02,-1.129724529905284658e-01,3.238588446504751805e-02
9.028746428311144184e-03,-1.145725014853575530e-02,2.724108077119953911e-02
7.512381687330651862e-03,1.608992466195453136e-02,-4.610688337708599566e-02
3.940740690777413263e-02,-2.283520288840742291e-02,3.235203016232508777e-02
-7.914997719738265519e-03,-2.249268721796008827e-03,5.433149468681543193e-02
4.957819095037081097e-02,7.790913942542011805e-02,-2.302605816628166061e-02
9.741484660572945209e-02,-9.839335948616692584e-02,2.467100925664966402e-02
6.677958768916866794e-02,8.512464830789490122e-02,1.038793217042906364e-01
-2.523610458210712171e-02,-5.175368027226973089e-02,-4.949733654705668062e-02
2.865220482284392203e-02,-1.529317058164824609e-03,3.584185887300666423e-02
-2.630448940825602828e-03,-5.149456159930246996e-02,2.548059087402435030e-02
6.057920907028811926e-03,-9.440451915868307287e-03,-1.774798198221844842e-02
9.441859385963074364e-03,-6.472155785896048508e-02,5.448665985746160845e-02
-6.273685038715857108e-03,-4.018324557084549525e-02,-6.163081566343998896e-02
-2.069187208022503152e-02,5.464005795436655682e-02,-7.391606042061646398e-02
-4.290048852043788774e-02,-8.032975709134188361e-03,-2.623189759486408215e-02
5.250311366548167380e-02,3.452538272768140154e-02,7.408140304969136614e-02
-1.762498188121685433e-02,1.324974131970998829e-02,-4.831620396426721670e-02
7.121650771898554999e-02,4.059542519265260663e-02,-7.466300836848845102e-02
7.993660603434045442e-03,-2.193646869217371481e-02,-4.979595393996963382e-02
5.714186606618573520e-03,-2.092029832345241799e-02,4.291927525369120672e-02
2.552948211576590298e-02,-3.833972531820883239e-02,-1.161774765588060795e-02
-1.797403989701160804e-02,3.632292422177037933e-02,5.997559682746814863e-02
-1.444116360862560643e-02,-5.064369362321953505e-02,7.754307113270782204e-02
-1.510772937130226007e-02,-1.517378815224639660e-02,-4.016152795822378746e-02
1.709792604217013484e-02,-1.177644998348647762e-02,-1.410132058217582586e-03
6.342532441355417175e-03,-8.080449419396968508e-03,-8.139055478061572868e-02
3.616197371091368906e-02,-1.610450963103261292e-04,-1.403441652967941065e-02
-6.364866154224521622e-02,-3.656651480303969165e-02,-1.146090608141119883e-02
-4.855205327419981343e-02,2.892225880193670384e-02,-1.540226325269822456e-02
1.811473656539974372e-02,2.496470794130156018e-02,-2.209551037191407816e-02
5.989586473315345466e-02,8.314425773574113387e-02,-4.627836129209210794e-03
1.654966236136539912e-02,-1.118299533339375817e-02,-1.267415730708656464e-02
-4.090457615950507213e-03,1.166692087108636700e-02,3.867092687923935623e-02
5.291731138816962304e-02,-6.090954977949940286e-02,5.114805719734088346e-02
-6.090588494475018821e-02,-3.805623411609894424e-02,3.192392377116703289e-02
1.925665365788398892e-02,-5.270392890983261608e-02,-5.800147995866223455e-02
-3.158315083595263778e-02,4.556278951913940445e-03,-3.293074612974086074e-02
-2.009420733117182542e-02,4.466935257130874565e-05,8.694222528443464049e-02
-2.811180131558793302e-02,6.784928163567072179e-02,5.285207878765747075e-02
-1.236202359402416469e-02,1.193572915289211056e-01,-2.233110841273135139e-02
-1.992388104113580055e-03,-1.967159469973147647e-03,-4.232951163991811872e-02
-1.801909276645404651e-02,1.789421980126423492e-02,-4.696113914718863525e-02
7.349499808346519891e-02,1.639750301968620483e-02,5.568156438798719035e-03
4.084010444116722982e-02,-7.639971015012409460e-03,2.247696830151348774e-02
-6.184327957321100744e-02,7.526844122838517552e-03,-7.977209063122979449e-02
3.492892703193724302e-02,-5.159461399778199342e-02,-4.439548266139709681e-02
-5.259136157476740348e-02,4.982622423134618755e-02,4.465304355111961859e-02
1.321893598036968411e-02,-8.470898973582257924e-04,1.779691933109028151e-02
3.379407731778931358e-03,9.439784431032246029e-03,-2.043673215108143728e-03
1.451044700482161109e-02,8.502710702783942975e-02,-2.293311232348163586e-02
6.561707750357287372e-02,-1.242335334500330596e-01,-1.911862498148622982e-02
-1.388216448052180182e-02,-6.870601057939127072e-03,-9.034451648763047391e-03
-6.092949690763292681e-02,-6.950407893089194378e-02,-2.469065288540699468e-02
5.305404902958065633e-02,-5.992271237055497857e-02,1.131794635924098479e-02
1.100106908747441187e-02,-3.673733412069829507e-02,-6.726721116355709185e-02
6.409059227950967934e-03,-2.159295665366378625e-02,3.603021307837286913e-02
-2.003692555837953762e-02,1.189509181166607593e-04,4.203598674468430468e-02
-6.955305139342117006e-03,5.826061962990032768e-03,3.220676226741298748e-02
-3.727916543205923167e-02,-2.582878683003260803e-02,-8.819488713363882182e-02
5.724221121578885324e-02,-1.056775105353200371e-02,-3.091288815657447508e-02
6.349759939368603001e-02,1.057808892065115712e-02,-6.819458977382075737e-02
-4.607173968332702041e-02,-2.446435908750391533e-02,1.735966513437784201e-02
-3.642189006205542260e-03,-6.927144104587698581e-02,-2.358809038532911143e-02
-6.810332149839100346e-02,-5.346094168069198682e-02,-5.049734621382349908e-02
-4.749529059596326735e-02,7.167982551901923294e-03,2.448570808676997501e-03
-6.314003424224512440e-02,1.660201180870550519e-02,4.856477886167114011e-02
6.583583401364492826e-02,2.462807176009036789e-03,-1.282389975394944079e-02
-2.959632964534722466e-02,4.267118204691153216e-03,2.396436197599207882e-02
6.764728126501789313e-03,-3.711087267730295985e-02,8.024253996778145381e-02
3.104685106838745920e-02,-1.571461934151640108e-02,3.409756980977839830e-02
-6.280630464935799129e-02,1.497314953515093902e-02,-3.311325637497214425e-02
-2.938754946372740956e-02,-1.243782200469132487e-02,2.965403559038332776e-02
2.444219226246822224e-02,-3.654640224883563826e-02,-7.892606953149219201e-04
-3.122268735261904404e-02,5.560573178141176715e-02,-4.080632623058800569e-03
2.046680990245557108e-02,-7.450826397644115529e-02,-2.873237031884577630e-02
-6.532878278420765905e-02,1.143875890414413204e-01,2.827016503138516518e-02
-9.913629181309228933e-02,-6.716674784413162458e-02,-1.950441086235018759e-02
-1.119027513093275202e-02,-3.980584008049391220e-02,1.792796594810103228e-02
-3.711360782881319154e-02,8.822857509408632559e-02,1.066858740685465712e-01
-3.426017236135854571e-02,-6.120540092343659117e-02,-5.931875853582262159e-02
8.843798690206589042e-02,-5.193539161106124763e-02,-7.755819075823376825e-03
-3.733063049905947783e-02,-1.457455311536337561e-01,1.360916908749011320e-02
2.848534563234622966e-02,-2.881689985701038278e-02,2.146671300009995315e-02
2.127391974088198301e-02,3.123723723113162182e-02,3.268635618108901505e-03
-3.653742801535985341e-03,-8.995476997883632142e-03,2.838810647437094159e-02
5.138429629125994963e-02,-4.833085416594298106e-02,-1.269167668785804205e-02
1.170794792430899026e-02,4.224278379951705575e-02,3.143862406631535173e-03
-1.638191246504611467e-02,1.021368220701424946e-02,3.613138286358939105e-02
-6.257827581026659605e-03,-3.017390439040213562e-02,6.756114485327326113e-02
-2.031858390719338062e-03,-7.467820423506725362e-03,-5.614181832594447585e-02
-1.216270283002030689e-02,-3.545488673325368489e-02,-6.354537923019404344e-02
-5.099076953082026104e-02,3.117490647503513498e-02,5.223584604156138178e-03
-1.242283113041055265e-02,9.064207219543376007e-03,-1.917570087623705899e-02
-3.641645606640902394e-02,1.767159273569329087e-02,5.633516782632142644e-02
5.144198313593993654e-02,1.147307476898395615e-02,-1.655764319148845393e-02
-1.025125565586012567e-02,7.427431304811971113e-02,-1.869914965675494381e-02
1.859497353799553776e-03,2.572243907404460697e-02,-1.715747675752743104e-02
1.162568459643164784e-02,2.684519697049527615e-02,9.878753919877379663e-03
-1.042526012573708263e-02,1.061358135844523397e-02,4.359275860124639523e-02
6.064483552764761420e-02,1.824273953220863567e-02,-4.609214293108217925e-02
4.919052004070310208e-02,-9.050228871101556605e-02,2.134996543985180281e-02
1.263344925495239919e-02,1.233564065597441556e-02,-2.136444834013363422e-02
-5.878602316188363819e-02,-4.363118438046616893e-02,4.078823553972873300e-02
-6.775181782491948579e-02,1.756593621694388374e-02,-1.269395330985407036e-02
3.604235324004213120e-02,-2.365647230704400958e-02,5.796939811627160877e-02
6.555149787694521113e-02,3.881679947129926256e-02,-2.034848696489411843e-02
2.242326336593661665e-02,-1.134600010645384592e-02,6.370204164929531808e-03
6.155876881551148455e-02,-4.490947427088606142e-02,9.072155275517291423e-03
-2.677405368043127634e-02,-7.373151030549418561e-03,6.118484945071273051e-02
3.452702683796655958e-02,-5.345178495569968130e-02,-7.622750788490952056e-02
-6.299603218285228234e-02,-1.250258822237042267e-01,3.584317472196736631e-02
-8.137841911001119852e-03,-8.721890588559377822e-03,4.384801522936111751e-02
-5.048803212915827648e-02,-3.516225938375758600e-03,-5.000778646402855021e-02
1.019518969413200915e-02,4.297889706149599087e-02,-3.634438873776829615e-02
-2.850012462373947841e-02,1.635249774022384112e-02,3.521532833719461658e-02
3.211468210729640643e-02,3.240942280861545954e-02,1.311506258917020940e-02
1.099177568216276255e-02,-4.911127453307165269e-02,2.764763785824663617e-02
-6.026279245815077679e-02,-9.109966537715690274e-03,3.517255409995714843e-02
4.183561806327924099e-02,-5.023669925048360879e-02,3.819674177434286780e-03
-5.173607009144191166e-02,-6.354160319846248461e-02,2.779370902329199311e-02
8.323558241638388117e-03,2.729962039373397265e-02,-1.094240274387222982e-02
6.027491739816470684e-02,4.899883006879499764e-02,-1.638825201029775122e-02
-3.702670836874946692e-02,-5.543057936671499930e-02,-6.382067612956686224e-03
-1.151384689166559845e-02,3.649879774948586175e-02,-1.416374892147843033e-02
-3.990040722415768085e-03,1.195780600107999338e-02,-2.800405500684565591e-03
9.087809753456835282e-02,6.433919085444637920e-02,9.036046869725256059e-03
1.220947816314915321e-02,-5.756017908086132062e-02,4.335777169061344472e-02
4.209785017295841758e-02,8.058749729638665926e-03,5.700996263532027986e-02
-4.896681190647617782e-02,7.965764725623483700e-02,-2.757167004957062489e-02
-1.808209496566361499e-02,-3.922373616324538459e-02,1.100480671805160841e-02
4.738258769973883663e-03,5.586951571290302287e-02,6.821938292874554777e-02
-2.482904284007604601e-02,-7.647940953435513473e-03,-7.532100886275522322e-02
-1.894823988477475560e-02,-7.996670644061357192e-02,-5.732071659426814236e-02
-3.550907454549249997e-02,-6.022037361972008840e-02,1.042013571214124232e-02
-1.856336847238053075e-02,-6.705480625748004575e-02,3.729088688791504062e-03
3.745737426879303805e-02,-7.672491778478394975e-02,-1.006364009055954164e-03
4.315451045549550946e-02,-1.612813110389441432e-02,4.122481867312514231e-02
-1.779864674314354106e-02,-4.414467509006168161e-02,-3.496097038960797182e-02
-6.342702521496670909e-02,-8.055278916104628706e-02,-1.759809344710353777e-03
4.083875733931911084e-02,-1.846731558833101389e-02,-1.533551424423686138e-02
9.731601726678702768e-02,5.743533266286655198e-02,-3.389655892752602845e-02
2.413895035815813092e-02,1.544950278490046444e-02,5.039578185227626406e-02
1.943284972506510722e-02,-6.636738304919903575e-02,-1.272242201265356282e-02
-1.094541485424315201e-03,-5.805838080446877603e-02,3.514110795658888925e-02
-3.319196149193567175e-03,1.699803081597773950e-04,5.693950911715954175e-03
-3.904563682704065980e-02,5.508266734675111923e-03,4.763942951231236317e-02
-1.251449387340376924e-02,1.498653943986723303e-02,3.371228286573490357e-02
3.511989133489244741e-02,-2.591237401731615389e-02,2.268971542862691440e-02
-4.538466158171355208e-02,7.389469283868406457e-02,-9.039786226758966814e-02
4.901858401382008096e-02,3.321648116065447492e-02,-4.503072060578263563e-02
6.405387887334615393e-02,2.567698828216638529e-02,-2.096139372179956634e-02
3.183384117052272862e-03,-4.945224371084048359e-02,-9.464098296300502144e-02
2.142096398757232720e-02,-5.834642029109272238e-02,1.415054837039036659e-02
-4.581883504461873452e-03,-6.723453232264117729e-02,-1.493965475908248276e-02
6.027626189357871561e-02,-3.625457391649598154e-02,-1.082685615472679837e-02
6.721505366450965246e-02,-6.585703122614990079e-02,-2.238668440222144757e-02
-4.446241694380814757e-04,-8.345417595758273382e-03,-8.092319985236897219e-04
1.640321622891078093e-02,5.681445691535573495e-02,6.294125873036864049e-02
2.253920544347762581e-02,1.453511347341785234e-02,-4.331084133313684026e-02
2.896401702531008204e-02,-4.694158418046938570e-03,6.985781498435676695e-02
2.382474673282705072e-03,4.195894814669377110e-02,-1.033290236267670331e-01
-2.807781418359816400e-02,-1.094409968855078160e-03,6.584808287122101422e-02
1.066511126180265043e-02,-1.459499333320905812e-02,-1.452824777826920363e-02
6.106048968140605909e-02,-3.034697643257894956e-02,2.728767969825374173e-02
3.037095390739508963e-03,3.158964029432091702e-02,6.834291431311952103e-02
-2.596637122861408103e-02,-2.072942773868793540e-02,-3.415714555581238210e-02
1.541367131986436795e-02,2.067347407713439680e-02,5.185602465385433235e-02
-3.183320216552903981e-02,2.769385675774375249e-02,-2.854719343845624202e-02
3.193463269904699836e-02,7.171869971891944862e-02,3.597199747633277045e-02
1.067616463424723439e-01,-9.308411605650598886e-02,2.592975943486878695e-02
3.382834769055010488e-02,4.872742737296346244e-02,-1.514892376455716401e-02
3.604550136753357364e-02,3.356616642342246867e-03,1.341213118391891296e-03
-7.907145239803008152e-03,-3.144199975429822630e-02,-4.331050221849409854e-02
-1.361071521499667043e-02,-4.808841522642155059e-02,-4.685496924686728161e-03
5.609364741459661047e-02,-1.192236231902979275e-02,4.276198645611368337e-02
-2.173957577784838696e-02,4.605535592001006040e-02,6.355516786085556313e-02
-7.488990227144504130e-02,-7.113591292162110835e-02,6.928207507648226349e-02
-8.279725054465078560e-02,-9.203691271289888079e-03,7.471972797154538548e-02
-2.692311187285710561e-02,2.976641918345403551e-02,-4.435107873555992064e-02
2.560728358241998182e-02,-5.156330476518306005e-02,-2.158300368437569838e-02
8.585220134177651286e-02,-1.643830435270396753e-02,-2.807586310806722742e-03
-2.095096304277187932e-02,7.795460016716488152e-03,-4.753862140636138517e-02
-2.392312886165573818e-02,2.345053266941309056e-02,4.293941079249671833e-02
-1.618868555118213592e-02,-2.536052638428536177e-03,-4.412550748359365949e-02
-3.793617009725189920e-02,4.319474981555702919e-02,3.681285749407201685e-02
-1.619641323738557279e-02,4.250719129073958144e-03,3.317795814001225224e-02
-3.288901407737806343e-02,4.894970629305311210e-03,-3.844668013489447450e-02
3.811791568450315602e-03,-1.796277852415035028e-02,-3.883830038719874450e-02
-1.637579836556886110e-04,-2.940985980006095846e-02,1.725670438168940349e-02
1.406215066583828971e-02,-2.863690963289773281e-02,-6.047351708333897208e-02
6.923691595858256012e-03,-6.567700795569832335e-03,2.554058164847636259e-02
-4.723819863675497721e-02,-5.764055876030590303e-02,-2.344291446173467992e-04
-3.265580366892718855e-02,5.651943508370699948e-02,-5.097566220239563295e-02
-9.716330883343315614e-03,4.744410058494980681e-02,2.306304217962260039e-02
-1.436306977234598665e-02,4.785279953421143345e-02,-5.201688210977962849e-03
-5.729797719027814734e-02,3.817738357335696137e-02,7.616665129347673958e-03
5.131633555125034857e-02,-1.724550019111024263e-02,9.152449471679363624e-02
6.291301717646857750e-02,8.154815768459268812e-04,-5.812491605153766172e-02
4.032023410121402668e-02,7.987145274691587193e-02,2.800882452638223455e-02
-4.383708605207768672e-02,6.642697623588286748e-02,-3.396554744713579932e-02
1.631934452873134989e-02,4.083681166902981483e-03,3.837450101207910691e-02
8.050621642804697831e-02,8.342386030945625475e-02,2.381849162013613408e-02
-3.480265667656132905e-02,5.793512671907384559e-02,1.069607235915625600e-02
-1.994520061195673502e-02,1.318907260965215301e-02,-2.408519370770739396e-02
6.093219122743137248e-03,3.672652827830361327e-03,-8.978269585881977488e-02
1.605404536052510486e-03,-2.617453371881333160e-02,-7.970518810303230117e-02
4.135115653917388612e-02,-2.933759405681084231e-02,-6.501127252553389434e-03
2.270219296903258285e-02,-4.221975598534664920e-02,-1.800088048693273060e-02
-2.075282056639404793e-02,2.185035556956487282e-02,-3.090466381340394204e-03
4.561725503062035586e-02,2.076830533640718068e-02,-1.056359047163170362e-02
-1.573807179243455825e-02,-7.044480386828857674e-03,-2.918483627357968194e-02
2.947491328881558792e-02,2.860102324131887433e-02,4.641057416619023823e-02
2.167158805378873593e-02,-5.190795420416029898e-03,-2.150432238467800058e-02
3.458565334283660031e-02,2.458742155241725250e-02,3.498645375477833774e-02
3.314517745097690649e-02,1.370354356157469852e-02,-1.572059464419052694e-03
-2.705824058883471092e-02,-1.882863114530919368e-02,-2.855871363664545803e-02
-6.632720924873001904e-03,8.297425543380873916e-03,6.206330184122504229e-02
3.463490317323053569e-02,5.918554959482855843e-02,-1.722018670819281880e-02
5.404813996824277267e-02,-1.022358934330476997e-02,1.636552348908880752e-02
8.321548829107636158e-02,-4.231063881512924646e-02,-1.258655024716723476e-03
2.301251837645396092e-02,1.755756350530763774e-02,-3.033467991123170795e-02
-1.051291936755402966e-02,-4.779538834205587089e-02,4.107224562488017566e-03
8.778103059508319053e-03,-3.219422261455429091e-02,1.791777291060884852e-03
-3.147413738391315746e-02,2.158301686177437756e-02,4.564294858215461187e-02
5.239799116464763373e-02,7.515606553547668836e-03,-2.907424404576295154e-02
2.045546443537947859e-02,-2.115320503436013411e-02,-2.262108184986572762e-02
-9.516221895052867641e-02,3.189088637484996380e-02,-1.373943548481088885e-02
-5.336862122426718619e-02,2.315697673709029084e-02,-3.114851438095939812e-02
-2.371771332191225518e-02,-5.111144220435481257e-03,3.889170349894130463e-02
4.903433349103851480e-02,6.083295734351938655e-02,-6.019187901446721584e-03
1.081071222838126678e-01,-4.238583306088337943e-02,-1.634984470218725852e-03
-1.162676825514739887e-02,2.867791094697686935e-02,5.533113040190194148e-02
7.178800205035001936e-02,-2.054531729610143895e-02,-5.582399827583363859e-03
-2.977048995884992028e-02,-5.428410404688609192e-02,-2.736587255738104699e-02
1.006833014425817865e-02,2.415644837784843707e-02,-1.572428039580881171e-03
1.277875692968350775e-02,-1.641491985514828349e-04,-2.615947577071885827e-02
-4.660597631896483406e-02,1.219522392084084438e-02,4.308163633065828502e-02
7.963147220365870971e-02,7.460170371209493001e-02,7.057937284903718911e-04
2.175156094807474336e-02,4.775382828123632406e-02,1.097170126291697884e-01
-6.625660939732378948e-03,-3.994173212181229699e-02,-8.183131910109624554e-03
1.582608460589896016e-02,9.871269011668985446e-03,1.427006820849841331e-02
-9.761792771388277945e-03,-7.626652795263690054e-02,3.561535338904388281e-02
-5.888025697741964973e-04,-4.302646316246635377e-02,-4.917971448894403741e-02
5.473965198216021455e-02,-2.659590291474193263e-02,-3.781697009531727067e-03
-3.518260659302797216e-02,-8.264758589756525387e-03,6.537573388624529774e-03
3.484855009491567152e-02,1.979017079124459344e-02,-1.928624587260892786e-03
1.043654463106027941e-01,1.703263519472020954e-02,-1.390067383767745399e-02
-8.384867078002131505e-03,-7.689887344116357222e-03,-1.634159116131155953e-03
7.546780418713436300e-02,-1.177765188149793307e-01,4.293480645372757531e-02
7.978009403128423493e-02,-8.728481746866242202e-03,-4.834811181415022926e-04
4.812038599888819601e-02,-5.800825964768766517e-03,-1.103483238743399250e-02
-1.083702930149081124e-02,-8.139488454182371158e-02,7.270328812242832402e-03
3.866012175618647323e-02,1.589565757670597171e-02,-2.210656578383329504e-02
4.641364294771772175e-02,1.302811305240303072e-02,-2.095957318306192196e-02
-4.670834512681561884e-02,-4.496218126843262719e-02,-1.704398061073078563e-02
-2.123980594890668289e-02,5.724137720923581224e-02,2.018368987709512688e-02
2.892654696446624041e-03,2.640348960376120990e-02,4.505576100124438627e-02
9.201906058970721683e-03,7.393516073322607685e-02,2.945851962734013368e-02
7.180750669037855305e-02,2.259396361044215332e-02,7.515783339806393626e-02
-4.140110434641798565e-02,3.561128912239645838e-02,-2.399194010838731975e-02
-8.476601313626401166e-03,-2.154002199515201148e-03,1.143127697698326402e-02
3.182086522746916529e-02,-5.276092057499907895e-02,-4.436465332426371005e-02
1.152043837134159379e-02,-5.760851486021187698e-03,4.540994671447048242e-02
5.455749090625491154e-02,5.904515336790626574e-03,3.591119750625702128e-02
8.451195019284078735e-02,-3.287657304119836338e-02,7.116689645582148505e-02
-1.620698412151546502e-02,-4.077572983553529734e-02,-3.387418518486017688e-02
4.443340380298008152e-02,1.669671164202730582e-02,-5.235620820700598310e-02
2.242514937643343836e-02,2.465159376326660559e-02,5.410373365602722667e-02
1.340458871822342371e-02,8.484646278546693898e-02,3.133410869667642429e-02
-1.280380253587359157e-02,2.378517292933999064e-02,-1.744915228163896811e-02
2.107909120080410717e-03,6.182230812604673498e-02,-9.086678120584155971e-02
6.248704685072738185e-02,-3.689425195610637753e-02,-2.589166836713249417e-02
4.178992995441069974e-02,-4.780873809425518345e-02,-6.646175554039157607e-02
1.373668355489902383e-02,7.793105713198027196e-02,2.237797855143689590e-02
-1.976148735911575569e-02,-9.359287958480448644e-03,3.310288994208194363e-02
-3.660424445204501359e-02,3.988874276246898165e-02,-2.000545677255738744e-02
2.682394752687293146e-02,-4.680865037336401357e-02,1.825127934289041964e-02
4.762833545123583423e-02,-7.712528173177890523e-02,8.714478650684182037e-02
4.913499570989572629e-02,2.495290591944597167e-02,-2.264513008211022776e-02
-5.066410599227299388e-02,9.565118639022577099e-03,-5.428024814775476298e-02
-1.031775943734071499e-02,-1.122517676741846895e-02,5.099512184678159539e-03
3.826720765896755166e-02,1.153531427401215809e-02,1.769502291186436996e-02
7.018716483092608815e-02,1.184054858987813354e-02,3.937440131409968361e-03
-6.884165974501031682e-02,2.286866432729466048e-02,-6.514469148558484253e-03
2.616628758251440465e-02,9.719488997730830332e-03,3.579767117094634354e-02
2.254820592098988677e-02,-7.799020099519606009e-02,1.030419975786180976e-02
9.244156784011985095e-02,-1.430551206092267429e-02,-4.480798695746042448e-02
7.952128626474572887e-03,-1.648569881776109150e-02,4.766458986998541383e-03
1.096323237086904712e-02,-7.211621142466612122e-02,-1.908653821333119527e-03
-1.464159720681068024e-03,-4.038106754161060498e-03,-7.264157210089894345e-02
1.032609951195967955e-02,9.899320206719896056e-03,-3.306370458750508556e-02
1.126961490807291688e-01,1.035370045199045241e-02,-1.943308503665967801e-02
-5.401670342651440637e-02,-1.662550519488168246e-02,9.587921386982674321e-03
-2.884426098660796897e-02,5.012313345888786548e-02,-8.405258175849276633e-03
-1.022117446255389750e-02,5.387169348364646837e-02,-2.069280729553284875e-02
3.836024379367845849e-02,1.931334689076163319e-02,8.926463561968431574e-04
-6.406865402568132084e-02,1.284166048837462881e-01,3.907713734072053302e-03
-1.161808541119300694e-02,-7.552442621164436043e-02,4.026139631770467298e-02
1.447344875450327223e-02,-3.234726674144477315e-02,-8.259775581896928662e-03
1.092828853930738996e-02,-7.143715375296064152e-02,-3.679402672589683621e-02
5.845618035216899183e-02,-6.073400181389247005e-03,4.521419464227431281e-03
-2.587082426791717949e-03,-2.693034933483101634e-02,1.185629733858894683e-02
7.147922221471682269e-03,-8.116343655971747229e-03,-1.607337955300243426e-02
1.998611855516180605e-02,-1.391022579455683701e-02,-1.960365674967965918e-02
-3.606060266773013917e-02,-3.958964684574574344e-02,2.444709961048743135e-02
1.283015153052326739e-02,6.976164320302247202e-02,-3.794074634698833826e-02
-2.967597034074505660e-02,-1.322679691390415274e-02,9.179909643412058340e-02
-8.641606487745914431e-03,3.535768269953233622e-02,3.246903295863872579e-02
-2.912284880923964644e-03,-3.358289295243215011e-02,-7.824260132498167541e-02
-1.125259672536715883e-02,2.280028596913033848e-02,-1.478247696179707180e-02
-2.022726337501742216e-02,-3.959721083843371903e-02,5.543496414939058647e-02
4.565286360807553623e-02,1.703069178642659109e-02,6.143778232826396096e-03
4.712585736777339523e-02,-7.101424689491549203e-02,-3.944825217957051433e-02
-5.155008772518229060e-02,-4.737137215074654212e-02,5.970671208353349468e-02
1.178148881043859092e-02,2.365562102462541449e-02,7.737288597258955986e-03
2.751704622589679029e-04,6.945601507727516832e-02,8.434054654617470503e-02
3.312868447450675186e-02,7.122685001737294463e-02,-1.568106592966670570e-02
7.919723804678054091e-02,1.585406855113476263e-03,-2.749677534873243637e-02
6.729423152595312430e-02,4.545920897743725882e-03,-6.578556991342401558e-03
1.743812359870609494e-02,3.095974874561781276e-02,-6.554141856562326583e-03
8.481001410514609450e-04,-1.838587632665403607e-02,8.273488037601112177e-03
-3.022137858006804234e-02,-3.811992402861485302e-02,-2.739496395675518076e-03
3.357379915440614898e-02,-4.394505102900817667e-02,-1.378786897125960052e-02
7.301777995634597951e-02,1.469574763328476523e-02,2.237494970004861791e-02
7.621888939493691451e-02,4.850274778865912989e-02,-4.899642688256348327e-02
3.469797596777732945e-02,-1.882411764526241427e-02,7.837067126328110811e-02
6.243307208043350799e-03,-3.244824579345882004e-02,-3.577325466266948611e-02
1.185932000213320466e-02,3.887162508132183114e-02,-3.416026743195698517e-02
1.522474356865617141e-03,3.843191054436340126e-03,8.953547267276767627e-03
1.946047697041767416e-02,-7.818835961234052445e-02,-1.818116101334323401e-02
5.987660092232019449e-02,2.763780739645655543e-02,-1.823719515570359009e-02
-4.608685750255481217e-02,-2.963179364989928372e-02,-1.977619322967823223e-02
-2.071058066961630265e-02,2.058582974216430217e-02,-2.895398248722040341e-03
3.103301014467441804e-02,-3.967147382505999825e-02,-5.927330644974167922e-02
-6.857701927698653388e-02,-3.650041019597857761e-02,-5.389898217995166968e-02
-3.878925223805863853e-02,8.803047735399054108e-02,-1.264891535737655559e-02
1.716433198961947112e-02,1.042179659155995919e-01,6.062573319738177868e-02
3.263658256748748487e-02,-2.582269559977581896e-02,1.681319735025529720e-03
-4.411132955006090428e-02,1.006232665763282484e-02,-5.382405118647472231e-02
-2.948570362587473598e-02,5.101967829845752145e-02,2.554398150646808655e-02
1.043821194954235726e-02,-3.151855450269727688e-02,3.631908424170803701e-02
1.810834313918343458e-02,5.014395090849705500e-02,2.198180096109941112e-02
-3.678545487389601738e-04,1.284912750860136253e-02,1.115562669885235003e-01
-3.989193069295379063e-02,-4.906097587735371024e-02,4.640100311455778309e-02
6.383777414930098815e-02,-5.610803332958107931e-02,1.928684958117179993e-02
2.424217139176486346e-02,-4.063573905596622876e-02,8.731436631004039356e-03
5.777662169181167762e-02,-1.143852786049501941e-02,-6.833998044242768632e-02
1.446402908900269561e-02,-6.824118608274842845e-02,-3.179147564361691630e-02
-2.334145405162683061e-03,8.345589578172978723e-03,4.370535512401011596e-02
-2.427376642367461146e-02,-3.648190513773799052e-03,2.034385930719123659e-02
-4.466090482478097222e-03,-2.297421862413004390e-02,4.462566084103469777e-02
2.353738378713245497e-02,-8.680202006866143127e-02,-6.061679434061176264e-03
2.224628579692135635e-02,4.769146492705478996e-02,-2.832729545663458318e-02
1.421794441962060361e-02,1.212704467307610182e-02,-4.505963022215047492e-02
-6.015591642834220570e-03,1.867289780761675899e-02,4.816265143323988224e-02
-4.269633644191331984e-02,-5.201842902310615906e-03,-8.029227804857301531e-02
1.920702833485102637e-02,-1.691910933956044909e-03,-6.392743297829672766e-02
-1.215874664084577554e-02,-4.790510512063669152e-02,1.597179732388697218e-02
1.017205555813613035e-02,-2.659145543232764239e-02,-3.842697220713540973e-02
-2.264526478118657205e-02,8.961074595579330074e-03,-3.269602296591673368e-02
3.850827998583414291e-02,-1.939500359857224826e-02,-4.440150248213189932e-02
3.168798675636698425e-02,5.077543748214548291e-02,-9.009633307740888553e-02
-4.628897426344037724e-02,1.921163017249789481e-02,4.743379200584996180e-02
-2.550382134962200786e-02,-3.001622970035522017e-02,-6.179173951876814827e-03
-1.429512508320029789e-02,-6.838492939904960988e-02,7.239207170841863159e-02
7.268224444703924071e-03,3.308100633142752739e-02,7.050405344207304192e-02
-4.056034358660680177e-03,2.477135884080365960e-02,9.647133414666471396e-02
4.335078455022094461e-04,9.571172043706919347e-03,1.741938826641670213e-02
-3.532136415616386749e-02,1.514483682008507944e-04,4.084936589503482263e-02
-3.188378269404725657e-02,7.548155467127053153e-02,-4.521064460944450303e-02
6.168014998339734108e-03,-8.795842147009129419e-02,2.008863594886719801e-03
-1.566637371854094976e-02,-3.066055722253210186e-03,-1.982963144450890398e-03
3.048080469261689116e-02,4.641107811210316153e-02,-1.896749734447386593e-02
1.278568475302859636e-02,-2.969792286381347634e-03,3.857390553974850145e-02
5.142444347761926382e-02,5.891725180829984233e-03,5.793411826873043173e-03
-3.028516726795326200e-02,-1.914494622828608007e-03,3.290750290231836406e-02
-6.498876783330587159e-02,9.907368149783642164e-02,5.505262118608546945e-02
3.829581311230391416e-02,1.380258250419928376e-03,-1.115930520738660503e-01
1.675994671357855167e-02,-9.477093978966466548e-02,7.077280686541861932e-02
-1.351370486041520574e-02,3.299487212333191560e-02,-4.914544625899917168e-02
3.747256707002014769e-02,-6.321630306187663029e-02,2.889939690406078884e-02
-4.924574007051625568e-02,-2.585428382640783326e-02,1.803105590777156347e-02
-7.583883841232946788e-02,-9.176292871463606962e-03,-4.987700489816172117e-02
-2.378031308241088451e-02,-5.929970186832147355e-02,-1.253265751653588091e-02
-3.453543060222038184e-03,4.087074266959867669e-02,2.274285879226237497e-02
4.219130289026692959e-02,-7.899455074169495217e-02,-5.299724197514883023e-02
-1.059912122378174615e-01,-4.986082902723362395e-03,-6.272822425811749869e-02
-2.622964563211618860e-02,-2.635189159960669297e-02,-1.748136408350055987e-02
5.346596463209808692e-02,1.039876291243571962e-02,5.623463897436248998e-02
2.119559717006121863e-02,1.592794796702221710e-02,3.215348633983908244e-02
1.028688766364919613e-02,-5.253336218610772657e-02,8.145138618714790890e-02
6.664543512563616753e-03,-2.770612619680708211e-02,4.786727582904588135e-02
3.161667533466601399e-02,4.012009449062223118e-05,-1.529286170977734588e-02
3.544782515876145068e-02,2.264850811927210036e-02,-1.241157416459370139e-02
1.554294315682138057e-02,-1.007343803793619638e-02,-2.425100416265764738e-02
4.108844380896979273e-03,6.556565919190496250e-02,7.686507962742517019e-02
7.480238745003266188e-02,7.056312379589885220e-02,-2.351319501776646861e-03
2.190579687566800160e-02,5.451082194712624646e-02,-2.283315874964342990e-02
4.492150484708052650e-03,4.600985104107588319e-02,2.357629950014008754e-02
-1.324798947961370937e-03,-2.488814058816015903e-02,-4.253835056298790190e-02
-5.056296001372701659e-02,-3.615269874037441329e-03,5.767890655828121320e-03
7.956112027091162206e-03,5.520993949462973949e-02,4.086641079540095228e-02
-6.767359204926894078e-02,1.144369339519972842e-02,2.443747826213046870e-02
-7.310197075773068598e-02,1.591399858673428133e-02,-4.010235000180360776e-02
5.777465741895796564e-02,5.867991543900246808e-04,7.917856512314107309e-02
4.173758898004619605e-02,3.774407966757252486e-02,-1.863504720676446499e-02
-2.680943598729454772e-03,3.080101998708181799e-02,1.940455606260329396e-02
4.904945594097456785e-02,-2.728747016812032092e-02,-4.502296324521519282e-03
1.966358501717911308e-02,4.206817534045139556e-02,9.195906690832171201e-03
4.040914442341507658e-03,-9.694170271669142261e-03,2.629449892716106962e-02
4.204458417796485409e-02,-4.767454373076793900e-02,-2.903075757226780337e-02
-2.856563135940876422e-02,4.213905863481735153e-02,2.537894497131692670e-02
-1.797315722901765209e-02,-3.142819244953193314e-02,-3.769423078684176753e-02
-1.652804025252384984e-02,-3.255291648181575515e-02,6.326130880140755537e-03
-2.762834271349084644e-02,2.769509196932569764e-02,1.038463073365556745e-02
2.357635146872169574e-02,5.025878120558965184e-02,-6.388871583903604767e-02
9.150123234528331762e-02,2.391369963134696783e-02,-1.688651118541199467e-02
-4.561561034091229233e-02,9.186237967933548465e-02,-6.358254289043109575e-02
3.208531619286127123e-02,2.309163934108643054e-02,2.943454968223883526e-04
-6.715622618741182159e-02,-1.798962585514689641e-02,3.412592277879676617e-02
5.785586577240314082e-02,1.970987253544744314e-02,1.993604276819904188e-03
5.555985517760673315e-02,1.457730025184846359e-02,-2.886851733595530156e-02
1.372183488634226393e-02,-5.254685182907258695e-02,7.434017942139756197e-02
-4.248447880721696775e-03,-7.250310968476441666e-03,6.561815215672736970e-03
2.223581278401818087e-02,6.221532345657734137e-02,-2.252900151416727809e-02
5.610441293361245751e-02,-1.422930492139313184e-02,2.985419549313855780e-02
-1.179013498109743492e-02,5.147391166770391192e-03,-6.536537222418201121e-02
2.225624255069331980e-02,-8.531907398488786098e-02,5.871767069247625648e-02
1.250351100428828861e-02,-9.101421102854913986e-03,4.634973184031870863e-02
1.494273512588567727e-02,-1.836022407094704822e-02,1.059271043385064115e-01
-2.609120472511463132e-02,-6.467809676694674832e-03,1.175573907518589513e-02
-5.565585421464316895e-02,-3.280456036965803679e-02,1.699161401096311447e-02
-2.082821178565236533e-02,6.187542628512978510e-03,1.585982547003707624e-02
2.334627412719238529e-02,-9.393853685882021937e-03,-5.481973108480216877e-02
6.220276880632319427e-02,-3.738649750143731298e-02,1.531395919216791725e-02
1.549731012743264282e-02,6.789565543088854627e-02,-2.989210203990374376e-02
4.801583263355444636e-02,-1.865042605727398883e-02,1.537104554187326486e-02
1.095795564695525338e-02,4.594754928515999010e-02,-4.817524500859823866e-02
3.863269525100139490e-02,1.305623661522243607e-02,-2.559793084584052400e-02
5.391084415635668398e-02,-2.439216087269053222e-03,-2.644853865515089941e-02
-1.997372488912376159e-03,-3.371248596281246901e-02,4.796470376526817958e-02
-1.262537380013870059e-02,-6.045116419788352201e-03,-6.749104094012162158e-02
-4.553877879850980193e-02,3.234457100492077377e-03,6.513230285708211664e-02
7.814796386613964696e-02,8.156363495941440500e-02,4.176874409583385128e-02
-1.228869963591035924e-02,2.491154503388119321e-02,1.965075349852126244e-02
4.804461014479752268e-02,5.924429125334479060e-03,1.695460235699776733e-02
1.295761306839118485e-02,-3.240033033657586502e-03,5.208013354182730939e-03
2.402566805992945378e-02,-7.252881183407079713e-02,-2.022560843915784459e-02
3.824694132409368202e-02,5.940245945175566533e-02,1.442962688220228093e-02
1.749868208390987102e-03,-2.208977005140804958e-02,9.226841681417911195e-03
5.367743677381080214e-02,-5.430264074750629916e-03,1.815201848219784656e-02
7.124394402893463596e-02,1.758774216824408182e-02,-1.673037127731265283e-02
5.726371176630055959e-02,-4.411828090152315057e-02,3.611767642445756071e-02
-2.586798254087220930e-02,-1.196990380923257900e-02,1.739801766540857719e-02
-1.467786504962947068e-02,-9.573564425790662830e-03,4.129690232341186318e-02
3.415891690041944484e-02,-1.513284019215879045e-02,3.464945816861619149e-02
7.011422089776478406e-02,1.232965521614776128e-02,1.153830040037776700e-02
-3.227295070624583428e-02,1.372456059515449189e-02,-7.506994781531795002e-02
1.011807808831283184e-01,1.289931706802987903e-02,-6.750657944351863560e-02
9.731601838171796172e-04,2.509467899074397518e-02,5.153803928589737425e-03
-1.449058850945587201e-02,-6.680834364292491216e-03,-2.803306936552224862e-02
3.618383163392226848e-02,5.481775423394253527e-02,5.897995361910521317e-02
2.135370852359872243e-02,1.078494455686670409e-03,-1.619911337517523833e-03
-2.961655979663995603e-02,4.232238568048730942e-02,-1.088640656529515308e-03
-2.090827913450842707e-02,1.069111647518079800e-02,7.065041973820354593e-02
-4.825270694018024553e-02,-1.220312121394568142e-02,2.298031348629274440e-02
1.248355101962413290e-02,-7.269177658066888759e-02,-4.596768767622439605e-02
7.039476342886344384e-02,1.261052062325780654e-02,-4.418996099780598402e-02
8.685710174426941599e-02,3.844146283049059126e-03,-5.653691968664025652e-02
6.290440981907093054e-02,-2.446329135183416062e-02,4.605218998693686588e-02
2.858978653592274960e-02,2.472085695092990018e-02,-3.221931934090399574e-02
-9.115341269382780083e-04,-7.519935862313925287e-03,-1.947642695345777608e-02
-3.300831912712897526e-02,-2.643637371704173414e-02,-1.496946169689029535e-02
1.440492913931712242e-02,-4.598813883062907726e-03,1.271165550547739657e-02
1.106095717034530079e-01,3.566040569220724210e-02,-5.216598678926195887e-02
4.369670793897884042e-02,-8.315647374909836131e-02,6.727316743332958926e-02
1.389561331646360295e-02,2.735822956075210921e-02,5.071070236412621168e-02
-2.630391507894919503e-02,-3.126236806333374668e-02,-6.651668601868052089e-02
2.252475213866595230e-02,-5.836359753805689908e-03,-1.458907883971209338e-02
4.964026124328416341e-03,2.860433645396751740e-02,-4.617523163137293718e-02
-2.884257834275110247e-02,-1.155341333848473656e-03,5.938079662424605720e-02
8.680149515805847538e-03,2.104684208559749400e-02,-1.745992110699130101e-02
-5.796104744701761902e-02,-1.113760886753179880e-03,1.297338252004200110e-01
-7.996884005112487800e-03,5.545876392857320564e-02,2.318298206268006034e-02
2.269720213486203439e-02,4.075738391921566312e-02,6.606631965948818463e-02
8.024325114517591451e-02,6.147464240425530579e-02,-2.244769858736857943e-02
8.672023781821209393e-03,-2.069414135122646728e-02,3.881986166792126408e-02
3.677991263769801733e-02,-6.955816653853040587e-04,-8.593601333308125215e-03
-3.805468848897372580e-02,-2.541118572272606582e-02,-6.431726145784223692e-02
2.047821275678478672e-02,-3.113896238165213964e-02,4.757096078319945909e-02
2.385758421269659410e-02,2.896218284777684476e-02,-1.953554058438680338e-02
-8.233801626571192467e-02,3.330981836648518740e-02,-7.773484685535840544e-02
-2.717982450590143186e-03,-2.845880777932710548e-02,8.797442908895135305e-02
-4.716824650162224075e-02,-2.803597885474909748e-02,-2.621515770541083673e-02
-4.793112995654124492e-02,-2.004841133362856437e-02,2.320118251880018759e-02
-3.499640313653674950e-02,-2.099799087085821650e-02,2.197766920939873622e-02
-6.905016837833698184e-03,1.121181281738871036e-02,-4.411285840040125167e-02
7.135602031988293181e-02,7.896920393991702092e-03,-9.496679961552174920e-02
-1.071897382294563668e-02,-5.421095401796440644e-02,2.335775918944511115e-02
-1.541794395463216664e-02,-1.966976637271808034e-02,2.301692122630526541e-02
2.786384044278843869e-02,-2.051548169927416496e-02,2.996266273169346031e-02
-3.568032265148467219e-02,3.236889058512656958e-02,-2.605409426503636078e-02
-5.387581526209159893e-02,2.969801914297038464e-02,2.287922972004096875e-02
4.217743779173257351e-02,3.659220196111772141e-03,4.043367013018877437e-02
2.279730604205974787e-02,-3.453958697566989616e-02,-2.246529683773300368e-02
4.075301530454474713e-02,-6.141426870287954726e-02,-7.858276912291722871e-02
3.189824246837948823e-02,-3.070277627666397318e-03,3.185096562239708717e-02
9.562367635940323407e-03,9.114656612843382438e-03,-8.046411436108090454e-03
1.054524457815677989e-02,3.711178111714775324e-03,3.409272783590816536e-02
8.207543397863459322e-02,4.771680963807232306e-03,-7.376213652767318885e-02
2.968426913123330992e-03,7.230770389651727803e-02,4.332079768237986211e-02
-9.452936541098305376e-03,-8.114758240239791295e-03,6.810904099234349474e-02
3.227388606621564571e-02,-3.399771804759927490e-02,-2.385995061575253012e-02
2.072304205502442306e-02,6.298247707175660959e-02,1.329624632000600375e-02
4.939732295118233300e-03,4.265701433947394899e-02,-1.430190302351837250e-01
5.267001703461805795e-02,-1.109656717436443424e-02,3.055924803541908152e-02
1.647193350085917121e-02,-1.536201888890652290e-02,6.782134672798296668e-03
1.663793197083860906e-02,-1.070232695970701683e-02,-8.410648301205908908e-03
2.616640720518201291e-02,-3.542798997921341696e-03,5.887387857243527728e-02
-2.394589374117061034e-02,1.759892822195818080e-02,1.722279682726550118e-02
-3.832220427552344988e-02,2.030785077896365282e-02,-5.145428411006171265e-02
-3.642396613623648249e-02,3.030528022354269171e-02,-6.524934591183716159e-02
-3.294235904856326197e-02,5.907223419055317865e-02,-4.011796208293304938e-02
4.335927444354938792e-02,-4.210987453565551153e-02,-7.816082793062012479e-02
6.088154496834057711e-02,-4.220576303122435674e-02,7.141400232686046651e-03
3.945743996718571733e-02,4.798251663524776695e-03,5.364255563484551792e-02
-1.731290620115797513e-02,2.937943011483380717e-02,-4.340155013322659350e-02
6.113731767586984972e-02,-5.095304091880539787e-02,8.493976063419948763e-02
2.720629779219288502e-02,-1.637893886036343978e-03,-1.060025473275951063e-01
6.420017506931738858e-03,1.838122474374562915e-02,2.225946483201777376e-02
7.895847351855528329e-02,-8.015211632215862858e-02,2.697004892223043432e-02
8.422703404958889473e-02,6.310698333723684973e-03,-8.257912610425195699e-03
-2.537863418542876670e-02,-2.325383734510172440e-02,1.237844425521977126e-01
6.597080936408418472e-02,-3.107966548642689467e-02,6.010165737014449942e-03
3.189524681218978974e-02,1.684070761714325307e-02,-7.547165658161575363e-02
9.709191926652172011e-02,2.096464640161665657e-02,2.908318250596373181e-02
-3.278826692162509909e-02,-1.856044693905218451e-02,-2.652134037236054953e-02
-1.837438049615144203e-02,3.566286397618635001e-02,5.125729349645241628e-02
5.676486448771807941e-02,4.384525781231558145e-02,-1.022746499116395161e-02
-5.891936040070510673e-03,-7.678364545842517909e-03,-1.334547718346515421e-01
-9.737066157905718833e-03,-5.022182456753038204e-02,-1.210687486623158657e-02
1.615997572263282861e-02,4.088415072967388486e-02,1.960499772672625457e-02
7.201617256184933424e-02,-4.782022429736392660e-02,4.773719949285101100e-02
1.316803200490700328e-02,-5.768306091264115837e-02,2.222834138430351478e-02
3.320595048675695909e-02,-3.687069111754184142e-02,-1.110908162945029726e-02
6.441062691112789396e-02,3.345947997876651259e-02,-3.642679438063182312e-02
4.562994154704131528e-02,4.900957085607093866e-02,-5.463907765195407523e-02
-4.584922684970157980e-02,3.107736768200523164e-02,2.889948391048943917e-03
-2.159323964827332062e-02,-8.680610089708738764e-03,5.856459487509384915e-03
4.461705736285465074e-02,6.380910038472503883e-03,3.009055433531426793e-02
4.449173332993403007e-02,1.251462258315374498e-01,1.220811110867834996e-02
5.926296969223525390e-02,4.282752064516615054e-03,-5.326112210782893430e-02
-3.179616080839050424e-02,2.357513294596275816e-02,-2.465561992572187430e-02
4.539568941144832281e-02,3.545318835536222929e-02,-3.441429646539048010e-02
5.266777712634922171e-02,5.195141716457988418e-02,-4.205415001920928542e-02
-5.910654222516157491e-02,1.992555561562870184e-02,-1.467447032074902999e-02
5.049754595948991592e-03,-4.933193554276930903e-02,5.074997670574859024e-03
-9.164360259854762575e-03,-4.434577914366857887e-02,8.774991958229304279e-03
4.476594416463260812e-02,3.165658217248498718e-02,-2.397172223839331984e-02
8.438010564351064446e-02,4.031265646106689526e-02,3.591864708560115610e-02
-5.699616876260246018e-03,5.205525213561774944e-02,-3.804832138629589411e-02
-1.128249834433421583e-01,1.723611866699573461e-02,-5.316540903302418436e-02
-5.825627700226122634e-03,-3.790591239744651054e-03,7.871623420625530054e-02
1.251487936490453326e-02,-2.772966034014286152e-02,1.070538090889950819e-02
-4.034318467830066285e-02,-3.736777041813001826e-02,1.806080166761111008e-02
2.884912999190149610e-02,-1.533855036465832725e-02,-6.881390032721754202e-02
5.028461551952810409e-03,-4.461876766350805074e-02,-6.597527370017582105e-02
1.822610740006183963e-02,4.373513863109220259e-03,-2.328096486731806537e-04
-1.398911203189369921e-02,-1.090322986468764133e-02,-1.678313413623603104e-02
-6.490492107196144111e-02,6.563837164385480372e-02,1.114470759514867154e-01
1.138411122021709340e-02,2.761888678858049825e-02,5.290022051875824249e-02
8.736153977222309297e-02,-6.584108691424145343e-02,-3.423520205998611954e-02
1.604276798022392925e-02,-1.322088920209425061e-02,-3.036191985277020278e-02
-3.960566074561845673e-02,-5.005350686598471210e-02,6.631157353197934812e-02
3.449730863514517687e-02,-2.446463840363557237e-03,-4.642845259499370908e-02
2.385397385505820880e-03,-5.254116576201978139e-02,-5.335650843671147642e-02
-3.447941901843930290e-02,-8.771692611451593555e-03,-7.081887888158570898e-02
-3.649497192434684317e-02,-7.660591529257415599e-02,6.208485499332421463e-03
2.968541223839550949e-02,-1.304711511508072352e-01,4.381079607457479680e-03
3.086466212733100616e-03,-4.059676561944938755e-02,-4.163111382776068375e-02
-1.379951019343799400e-02,1.960581435108163170e-02,-3.520454885281368990e-02
7.578219853637396808e-02,-6.132528060532953587e-03,-2.994798996840939559e-03
-1.682711900674585190e-02,-7.614213573402164870e-02,2.715769491324038568e-02
2.344266164906160660e-02,-2.423254452199331485e-02,1.893003836735348069e-02
-1.923989874141236690e-03,2.245952674667362186e-03,5.107040945738058196e-02
-2.898983495935980939e-02,6.325420192816598453e-02,-5.455875488694100772e-02
3.500396114220500482e-02,4.271503259864813107e-03,-5.215333775806572925e-02
7.235077161062224670e-03,1.776908284846739558e-02,-1.921358307272418714e-02
-3.922578372310928096e-03,-7.444603984997341661e-02,5.613915258417784271e-02
2.612159128074757058e-02,-1.187562906459978772e-02,2.175783705186356068e-02
1.413997024185955076e-01,4.602141694328963639e-02,-2.204452828829616892e-02
-1.420184855724934692e-02,1.222473044405974520e-02,2.849373136901386700e-04
2.083430185548434954e-02,-6.863420635496511601e-02,-4.436938043525394393e-02
-8.222892303193309049e-02,-1.704328689836528965e-02,1.202076555444663540e-02
-8.674314642878603460e-03,-4.959073562673876195e-02,4.194909939744592003e-02
-1.285732746345317080e-03,2.911817191225489140e-02,-8.270937952069845611e-03
-2.731334326611872614e-04,1.958171893347673137e-02,-6.122889992957085414e-02
8.151915729489263079e-04,1.529283822453804485e-03,6.198793714581882219e-02
5.189230821229214724e-02,4.049027551562643830e-03,-3.864160742695587486e-02
-7.470551676408640485e-02,4.640384376917126158e-02,5.138275882850051879e-02
5.456151354913989227e-02,3.363463926950179678e-02,-6.507950410761646765e-02
5.199138393887222168e-03,-3.232743441511910093e-02,6.740123540958015136e-02
9.005019177471842995e-02,1.301538940823071988e-04,-1.578394873422737238e-02
-2.201782761461944064e-03,1.141685993968351125e-02,6.672841736778824251e-02
2.582633673579238717e-02,2.009342996806479098e-02,-2.219685783945867311e-02
-3.340320620544738779e-03,-5.613221203006978771e-02,-2.658564976915930161e-02
1.081835729531724181e-02,1.577787257622908362e-02,-2.314361394642247202e-02
-4.320245127305390176e-02,-8.670667602088120984e-02,-2.821420988482982364e-03
-4.008844657579173354e-02,7.471683292195338034e-03,9.771601104626856382e-02
4.230627746160005136e-03,-2.609763308106553131e-02,6.200815413194281367e-02
6.519085137454362633e-02,2.274073390783587501e-03,-4.527076144178595468e-02
5.386363747356430129e-03,6.996719336330388395e-02,2.396169944959820192e-02
-2.159360953915181666e-02,9.018449215388496532e-03,6.644586167892558431e-03
-5.138402316541052298e-03,-8.155510374323497041e-03,2.883179562736754020e-02
4.621552580760707879e-02,2.440823805410037572e-02,-3.208737173065497744e-02
8.971702271340023169e-03,5.529289309462216001e-02,7.864442022737602733e-03
1.221004639002145897e-01,-6.517363382027372386e-03,-3.666821072437689844e-02
-1.702902782304202903e-02,-3.387665944435360420e-03,-1.268752036543505102e-02
-1.255581797645650890e-03,2.433495688174674293e-02,1.975550491516231064e-02
8.148205532820118613e-02,3.955541679315699097e-03,4.373211533281913532e-02
3.678441028032275895e-03,8.035409461848877152e-03,5.883944911207515671e-02
-8.151525989321105900e-04,9.845178383382811177e-03,-4.206566997307119998e-02
1.626325690147168920e-02,2.655310140880117950e-02,4.346505640628323813e-02
8.871815033646816145e-03,3.515356730605603136e-02,6.181932069763125537e-02
-3.876803552541014525e-02,2.257512778494131719e-02,5.675097791017729570e-02
1.306765102919303298e-02,4.601223739817281166e-02,-5.393276005391544649e-03
-4.902391503092185659e-02,2.443003141818247959e-02,2.473877876537501283e-02
-2.593812365334575293e-02,1.701192099470707000e-02,4.025737939196071674e-02
2.664819742674347930e-02,-5.790947317420296059e-02,-1.838665197970019982e-02
-3.772844168697867678e-02,7.972708877257415894e-02,2.708577751265666637e-03
3.731007327537816387e-02,-5.687827151317549623e-02,1.367366827454312428e-02
-4.385679182213247235e-02,1.700780604484022906e-02,-1.649597864358451002e-02
5.351665118004594185e-02,-8.453558329489455070e-02,3.293491314221452804e-02
-6.257397067920408840e-02,-1.397358474293221853e-01,6.799480882433415509e-03
6.800278197856673978e-02,-2.804606916639225747e-03,1.622790797200941368e-03
-2.345369669912412622e-02,-3.412295607780685414e-02,1.193535160631516157e-02
-4.285059333488278749e-02,-3.724735215107172898e-02,-1.036883043995751215e-02
-3.032125875450284586e-02,-1.273129976477390540e-02,-1.627564544704393837e-02
1.539689775256557029e-02,-5.233902807190653900e-02,8.897310455008197727e-02
2.355995980501995185e-02,-6.581124534135621151e-02,7.546693185603746065e-04
-3.717620075322168594e-02,-7.589644902831693685e-02,-2.326676828252389334e-02
3.715075913512351502e-02,1.086030728399294855e-02,2.161688190170502066e-02
1.514329563412238761e-02,-3.092050026092164547e-02,-2.172857872370794960e-02
1.423376360865076821e-03,4.784563233250650749e-02,1.808020692220487641e-02
-3.118881034704906394e-02,2.997317295352762076e-02,-5.081359264133136072e-02
-2.377411204310243484e-02,-6.143386447729096145e-02,4.377626685198255686e-03
-4.027741114143738171e-02,4.338356316425017074e-03,-2.194422373391199596e-02
-1.567616988597296188e-02,-1.649364299794313024e-02,-6.563242983241426853e-02
1.861041864774977753e-02,-3.150064490530501971e-02,5.412384426315507147e-02
-2.545867500475516160e-02,5.676922544831934821e-03,2.730394762910449274e-02
-9.739491298835882549e-03,-1.149489137640545902e-02,-3.810125622901455733e-02
7.711412643569142376e-03,-3.107513557658493630e-02,-3.114172711104178700e-03
1.853613266525033082e-02,-5.175308961531929069e-02,-2.233222199975577749e-02
5.150513232108390460e-02,3.132297003739121892e-03,-1.786139461054398608e-02
-1.490744517960264706e-02,5.241202144711382994e-03,-1.256569343569581901e-02
5.370737043741331818e-02,-8.207622928605420864e-02,-1.546858097189910894e-02
1.004099253306298990e-02,1.896754471590963997e-02,-2.934184838378791835e-02
-2.997521377086315858e-02,5.888792256088667965e-02,5.581194162448333690e-02
5.757685318796522400e-02,-9.164243491076229028e-03,2.451746195200044370e-03
-3.326885830255135734e-02,-8.513927043649885049e-03,7.145570204694932925e-02
3.048882729991643850e-02,3.799807149367404047e-02,6.281851335391531142e-03
-1.106869791086823214e-02,7.749778624536617436e-03,-7.842078537894393853e-02
-1.677479746285601842e-02,3.396074376550679841e-02,3.274530798833934653e-03
1.087418543071578744e-02,-4.072396457412564424e-02,-9.860534852026289765e-02
7.984023701955372115e-03,-3.550616707766215269e-02,4.383910948308832913e-03
3.660335706575632442e-03,1.986166938211042163e-02,-3.430452788720102231e-02
2.262218592460605443e-02,-5.185265032974067934e-02,4.588721831391876817e-03
3.090998161029632693e-02,-2.297962547142948925e-02,1.470699003831053321e-02
3.079189854528861098e-02,-1.344962934565415227e-02,-1.746663057312805231e-02
-2.149672607852809100e-02,4.247320264871958656e-02,-1.417072377619273994e-02
5.500999531209892907e-02,-1.733596903412551460e-02,1.800599458792239566e-02
-5.592835858218853790e-02,-1.148390449494873615e-02,-3.459288875325679247e-02
2.163442861648572080e-02,1.948146798534129698e-02,-5.193574294843098654e-02
-1.841403058373073179e-02,-3.527207774279240288e-02,-2.742509047196314831e-02
1.737125360758277892e-02,-6.833698708890488527e-02,-4.985708373318481490e-02
4.656975010725162428e-02,5.878080257280726695e-02,2.128758838897270439e-02
3.399371437108109073e-02,-5.361658130683464966e-03,1.596995256020179374e-02
3.825009100964011505e-02,8.878651887549850186e-02,5.227315344275246245e-02
-5.289932229473278541e-02,-6.670309241566030334e-03,7.391956735692359337e-02
2.878586307117410661e-02,-7.688850709386606253e-02,7.944094202613915731e-03
-3.790334819343101763e-02,-2.473118642680169343e-03,2.622906699206978970e-02
1.057666227436432349e-01,-5.994382229239118842e-02,3.826716063122172912e-02
7.631995424281040608e-02,-4.031900997363196265e-02,-5.489439947884951210e-02
1.467319523085434257e-03,-3.415004999280888548e-02,-2.579155142854805058e-02
3.602032096528028776e-02,7.438986351687765231e-02,1.306143921712614973e-02
4.318885013304920271e-03,-2.971514015157540600e-02,-1.297394832480513183e-01
1.037710981617974426e-02,-4.706448829422332086e-02,2.679948040063858186e-02
-5.865353243709322401e-02,-1.166868925049887110e-02,1.330264264638215434e-02
3.121808766723424902e-02,2.560352313746917796e-02,2.817366776179552022e-03
-4.426296801418400789e-02,-4.387070735728394733e-02,-1.097582407287700790e-01
-6.333531703529159118e-02,-2.309874020776090525e-02,4.217182495768096590e-02
-1.719363659575232420e-02,-1.507736665934673870e-02,-4.277994959682676623e-02
-5.948918185341338372e-02,5.092681884876473775e-02,1.190176472217205211e-01
-2.038573096244416724e-02,3.239745330955930841e-02,4.369726393612777260e-02
4.678944620887182104e-02,-1.383927811381159209e-02,1.213967862279163173e-02
2.606211372777261781e-02,1.035599187342277211e-01,-4.931430584172761394e-02
-4.432974070618964091e-02,2.338598242722017898e-02,-7.203119506521604709e-02
2.345922005795181287e-02,-5.382721221795400829e-02,-8.740367429093630347e-02
6.424018742546230322e-03,-6.260043658776841963e-03,-6.130899034216940463e-02
4.577076031571586726e-03,2.428594218312391667e-02,-8.165943938331798879e-02
-4.426284218618661837e-02,-4.160168574796592467e-02,1.675760414822012948e-02
1.748895961817588732e-02,-2.373032197970923601e-02,2.023512521660593075e-02
4.755798392552880449e-02,2.175575141114412248e-02,-2.676256428080736605e-02
-5.174987174997048439e-02,-3.176287048972890881e-02,2.095406466586683530e-02
-1.798184490370370245e-02,-5.097940029815493240e-02,3.551260108200177817e-02
-1.186544468288730329e-02,2.683811690804310812e-03,5.092051171168111151e-02
-7.962271654530084578e-03,-7.155513675406481588e-02,-3.039257554818248011e-02
-6.760251513311237026e-02,1.331878427763803774e-02,-7.862163670215892297e-02
4.455953219078569172e-02,2.381365694887635498e-02,-1.169773227280829393e-02
-7.280518650028365048e-03,-3.650686256365150845e-02,-2.780359245733769399e-02
-6.879132359100341952e-03,-1.968137544067637829e-02,-2.533155678488890200e-02
5.779396830387602962e-02,3.447476005297907958e-02,6.175990541853269844e-02
2.722154837878238212e-02,4.466082549297042958e-02,-5.797964868863021703e-02
1.624275487289680506e-02,2.092528495973951328e-03,5.725234880205835354e-03
8.585880218065686242e-02,-2.366324253481922463e-02,4.541622038803886513e-02
4.547086904281664316e-02,1.507700723806663402e-02,3.604766305831412845e-03
7.090095563048248728e-02,-6.614798186170617322e-02,5.872088188129401948e-02
6.740745215367868748e-02,8.360815630264821496e-02,-1.007015719169217782e-01
2.508664191374169322e-02,-1.230267389034394795e-02,4.762762297928593846e-02
6.495556511161010640e-03,7.415411364861472510e-02,1.553881632649016520e-02
4.223443039462525250e-02,2.994014040536190427e-02,-6.262124986961670192e-02
-7.155988331454511686e-02,-3.450131862809547451e-02,-1.354979751479981794e-02
-3.789334618492791462e-02,-2.004736422621962791e-02,7.226891213719054130e-02
-3.950706333505693557e-02,3.342700857696147970e-02,3.250557475402501145e-02
6.365971876006397412e-02,-8.768812553801658138e-03,1.954177746555941370e-02
3.275408822796579272e-02,-3.621482199811980329e-02,-2.370563668338380742e-03
-2.686560093083976888e-03,-3.081154807205123414e-02,1.017181892926018322e-01
-1.110960081237993141e-02,-5.951790132249740878e-02,-2.087474204812033232e-02
5.927772608021739803e-02,-3.436810270610529683e-02,4.181835550831855021e-03
2.680281626019532029e-02,-7.393331428292528040e-02,-6.188571766005019487e-02
5.368403353612606621e-02,-4.274158314468879012e-03,-4.754168921176651214e-02
-1.773030502724295618e-02,-1.183940622047739005e-02,-5.941272634347174314e-02
2.861392854568597585e-02,3.036273730475959678e-02,1.662579789919324882e-02
6.924723066370418179e-02,8.300824063193912306e-02,1.570940630305606503e-02
1.092876743621988209e-02,3.253987977419574990e-02,-2.635801032138453820e-02
-2.847133826802001125e-02,1.703700125627640241e-02,-1.351233936720686209e-02
-8.544688888889975451e-03,-2.255404928664271613e-02,3.618860221431297736e-02
-9.357807272140230377e-04,1.828772720749673869e-02,2.372915084002823541e-02
8.063503110441691893e-03,-6.223620885786420448e-02,2.390611083479783974e-02
-1.616052378668788453e-02,2.754504718679708780e-02,5.262311899471623644e-02
2.186255554234437307e-02,-3.351081749570184593e-02,-1.964169426108886354e-02
3.523544550939985975e-02,-1.258227954382829493e-02,-3.290060393639944458e-02
8.142220877544358026e-02,2.430195406037370318e-02,-2.643603565524946936e-02
1.188700760012437532e-02,3.871971379372590727e-02,2.934838658309806003e-02
7.650828427355814074e-03,-1.036546052706649110e-02,-3.977989052861871655e-02
4.411385652706095728e-02,1.589545941577416230e-03,-4.619044908346957301e-02
-3.823137825309808752e-02,-2.850772137420924321e-02,-2.043177846038303676e-04
6.359473078142442726e-02,1.194389796731690385e-02,3.453856545245728715e-02
-5.170644690699967988e-02,-2.070203682081030866e-02,-4.697063148504090555e-03
3.781952974283222992e-03,-5.536453507565357313e-02,2.102440643416667292e-03
4.310059426020847878e-02,-4.918735169607725034e-03,2.460445725500095757e-02
6.689183730920299220e-02,1.398643402258908063e-02,4.141778861332698347e-02
4.896684796790847644e-02,-1.113457115859931186e-02,-8.277162534066859548e-03
-6.274619854510897488e-02,-2.339998405969702117e-03,-3.692307896898354425e-02
-5.904322596663866274e-02,7.758531799457060729e-02,1.132679124226735170e-03
4.314528743473611261e-02,1.125123083870510805e-03,-2.529703113031158204e-02
2.202482286423068647e-02,5.077286555629947733e-03,1.790727199842487294e-02
3.215680728355327280e-03,1.155880417175891677e-02,3.297726286348798275e-02
3.263435073491657065e-03,1.605217505690942348e-02,-1.101110084261732423e-02
-1.197962036586367254e-02,7.431079610556545756e-02,2.015767365683234641e-02
2.388158372073444224e-02,4.117256223561444051e-02,-6.463605685773182730e-02
6.472139669181456445e-02,-4.563006030828663934e-02,2.868166243262456477e-02
-3.673238868781752986e-02,-9.698847951586840599e-03,1.678048998440192716e-02
-2.619973496781750899e-02,-6.873442115247299644e-02,-5.891358202490328683e-02
-7.121219660662370110e-03,-2.525684856545569457e-02,2.544783997636703918e-02
1.613509618485395010e-03,-7.625334733133522225e-02,5.710358913998215408e-02
-5.705343490320669703e-02,3.076291822795519312e-02,4.305580885391394053e-02
-6.421441934429450438e-02,1.848661837252840983e-03,-3.708633877500825543e-02
-2.929914074999610818e-02,-1.862302779218642443e-02,3.113826207076938676e-02
4.148190316183916065e-02,-9.493348076746940811e-02,8.121671584963449653e-02
9.901485380037693823e-03,-2.757514127270081425e-02,-2.499394846666680436e-02
-4.604280419092889737e-02,3.329482748217184318e-02,-7.982259575849635913e-02
3.838456540514414289e-02,-2.731937430456090818e-02,2.457652917950870278e-02
-1.493892603534181795e-02,-3.535778814192432756e-02,-5.078955976212124607e-02
4.619546445213298935e-02,2.389684697282790093e-02,-3.513640834961957032e-02
-7.462133693260069277e-03,9.840033285695274495e-03,1.012212931961346124e-02
-1.494646741935285426e-03,2.114807659342395063e-02,-8.180335788166293032e-02
-4.830282818609293871e-02,-2.844141578012007732e-02,-3.722034667003020891e-03
1.086978360721702064e-02,-3.341954781841873640e-02,-1.037371914877121756e-02
7.128351288800739705e-02,-4.157524764409129686e-02,2.853786163771528453e-02
-5.381092224040955746e-02,-4.621343904243035289e-02,1.095874418318616358e-02
-3.452875298095495205e-02,4.583018073932289965e-02,-3.133110886962731101e-02
-4.192768685832586051e-02,1.174247236841854730e-03,-2.412973604727968249e-02
-1.262338967942940732e-02,-1.638451370095990803e-02,7.670335264843769658e-03
2.465159546286367631e-02,1.757027795718675610e-03,1.155882987099396929e-02
-9.989465244721756204e-03,1.053813761081770148e-02,-2.695803245565242881e-02
-1.608546078265296565e-03,1.068470044463404496e-02,-1.979209418559358530e-02
-2.930879684788068647e-03,-7.587098286908580680e-02,2.797954582145555785e-02
-4.243593836748329323e-02,-3.194174578618942661e-02,-2.198461154440040435e-02
1.236323839311542772e-02,-9.335097683750523748e-03,-2.203413944809927069e-02
7.775847741249278244e-02,1.829754729072606209e-02,-3.376923824842210931e-02
2.265748192171172445e-02,1.015079702571673563e-02,7.469154910753914023e-02
4.890643446683927420e-02,-2.738486154570593176e-02,-4.154397193362329571e-02
4.121292785988094759e-02,2.616604130498235287e-03,4.715103938707081166e-02
4.008818381464664821e-02,7.972758327751394702e-02,-1.523165583922247296e-02
1.031153244808434913e-02,3.927267438488029477e-02,-5.441510829281850231e-02
-3.640530713428009185e-02,2.933782080581326889e-04,3.053195701264772161e-02
-3.325765962725982933e-02,3.872972732045214250e-02,-1.089568340981693015e-02
-1.163975759753775943e-02,1.751751142485738141e-02,-4.085937148650183037e-02
-6.566500665203661713e-02,-1.164423387182556696e-02,5.524989151542087501e-02
6.293019633690327685e-02,-1.193990471198786429e-01,-1.853345786346788024e-02
-2.319188299494678515e-02,3.308494689801048244e-02,5.665915560712967564e-02
-1.775306308233700475e-02,3.535545406446682221e-02,-1.568849501471137470e-02
4.020179255160946652e-02,-3.890836584707901835e-02,-4.176296564452675747e-02
1.940307044992864785e-02,-7.733058001840230344e-03,-3.427969549680726785e-02
7.305315920728706891e-02,-4.137476700832545817e-03,2.270773638156888680e-02
2.727228972202942747e-02,2.719592580899985249e-02,6.891468739601702698e-02
-4.601246084776187267e-02,-2.511025059701733550e-02,-1.205682304714355939e-02
2.564988396537010856e-02,6.594473459979027091e-03,-2.628148578990277193e-02
4.999527228979046278e-02,2.291151432476344271e-02,-1.333324748632994973e-02
2.557611303434413619e-02,6.001376728006967316e-03,-6.506663654162128663e-02
8.053631894959063786e-02,-2.488270433641848189e-02,7.329348954872000332e-02
-2.214934544567722860e-02,6.504567044706321965e-02,-5.210217675228985199e-03
-2.767439188641457673e-02,-4.515607659836106541e-02,3.233292440245427030e-02
2.274052313629794722e-02,-7.889731056382372210e-02,4.192812404722608827e-02
8.337091247731505395e-02,8.925686212360395277e-03,-4.869775212612240112e-03
6.675917072835158873e-03,9.162118013246690548e-03,-2.706008202299632973e-02
1.035191096664815624e-02,1.569319394739959045e-02,8.305245745379624678e-02
-4.792203627824425521e-02,5.011322610448003950e-02,-2.266499735162555429e-02
-6.136176025695862929e-02,-3.356572087181307340e-02,2.243706343712223439e-02
6.348933819162085046e-02,-5.599088731134595903e-03,-2.160558175439576678e-02
-2.230356442972613110e-02,4.755672993688903061e-02,1.904296692461104543e-02
8.902477612149285735e-02,-1.248974344093287635e-02,1.559284052357175860e-03
-1.744764537823783462e-02,-2.700505504112157146e-02,6.978617973376268369e-04
2.404059580412536840e-02,-4.060917269857493989e-02,8.432361004147681527e-02
-5.661781393220025743e-02,1.963299229783374133e-03,-2.367071885135235698e-02
-2.990668560394254410e-02,1.987846853456610649e-02,-6.350959086636033535e-02
2.917566165654142396e-02,2.551687767195881182e-02,6.943342781517371567e-03
2.470534909073427571e-02,-2.679752808577784765e-02,-5.935368637011850253e-05
-5.386053983995615912e-03,-2.983675170062348447e-02,2.426093241437482159e-02
-1.597463508984349467e-02,-2.034173549144685511e-02,-2.099093293798435372e-02
2.236593665763140365e-02,1.092758331333167771e-02,8.551518048641036651e-03
6.453964824941110789e-02,2.363983282694274296e-02,2.666417679899481599e-02
-1.529261199094540495e-02,9.604117067129474411e-03,-5.300939163872342950e-03
-7.031715969324402182e-02,1.037377417043744282e-01,2.702572072612484388e-02
4.973217971708168011e-02,1.469634243100394373e-02,5.595928061552437466e-02
6.770761422719198674e-02,-6.784450672685195249e-02,-3.561176334351121714e-02
-2.266799877562292176e-02,2.966102301221656273e-02,2.142757426214866867e-02
-9.048389333672255189e-03,-5.042354973540122409e-02,-7.394599538916270254e-02
2.471602295352795867e-02,1.665017435907025639e-02,-7.717201313198561452e-02
5.411690818677152362e-03,-1.279992890838606810e-02,5.453686075561553666e-03
1.938701124824987118e-02,-2.022705485017041449e-02,-4.575223613235855635e-02
-5.969519708210109001e-03,-4.115152178174674019e-02,5.665164334129133006e-02
-8.207276884032820366e-03,5.313441549045568729e-02,1.879354861947116553e-02
1.067356161097137053e-02,2.528103233886907705e-02,3.219216025748290744e-02
-1.448408822066066942e-02,-1.278244918262103416e-02,5.002973561158815391e-02
-5.806766579656620110e-03,-7.262631660759290286e-02,1.883370519569666987e-02
-4.623688191650177082e-02,-5.027395783092900028e-02,2.359241779773550360e-02
-2.343608266715910965e-02,2.146498750165674093e-03,-6.671487328991392018e-02
1.509940132730303074e-03,3.916697029914523870e-02,-4.559743612347817027e-02
5.859149203693340968e-03,4.676954076938919652e-02,1.386518487245299788e-02
-2.851338268424864503e-03,-1.131087027053770053e-02,1.492404381489196782e-02
-1.001181859956115118e-02,-6.527148034741536708e-02,1.711686003735208780e-02
1.550688827849236624e-02,3.086496648243470739e-02,-6.187092350141452229e-02
4.980483119268008102e-02,-4.721908190090020468e-02,-2.428508652301659618e-02
4.009342412409343248e-02,2.599550376111369951e-02,-3.654145907264823995e-02
5.276504673400858603e-02,-5.233415466912752501e-02,2.363578062420094343e-04
2.975808839352016982e-02,-6.779859657052079470e-03,-1.519160927732745268e-02
-5.955224712447820812e-02,-7.661866916366065483e-02,-1.389649973365607262e-03
-4.129848247260844984e-02,2.371958747982224475e-02,-3.252602365368850029e-02
-4.296704572697530866e-02,-3.559519845470208305e-02,1.284429995919332719e-02
-2.228401623188647554e-02,5.534761555247801751e-02,3.952889961257938928e-02
-8.635577603086074319e-03,4.954635972364276192e-02,-7.629994554089429559e-02
-1.226351164175950026e-01,-8.168382792083636384e-04,-5.004595226138303099e-02
4.473896976323759461e-02,-3.573102461436461486e-02,1.473775276895498455e-02
-8.342583438424776288e-03,-1.047969668790145296e-02,9.094358956779999281e-03
-6.943362960478443972e-03,-5.101448991887017580e-03,7.740110743701354712e-02
6.255235353591460934e-02,-5.084116300920511061e-02,-5.281204145345534673e-02
4.918254352297748294e-02,-4.392482134813364969e-02,-8.473010116256892571e-03
-3.639416512966088795e-03,7.739084212521077366e-02,-2.605001743900220781e-02
7.970518939309004930e-03,-1.288095570071618248e-02,-4.141786139841652226e-02
-1.738508325930416751e-02,3.450938459054598423e-02,-3.499371684550759559e-02
-6.574746338566698350e-03,-2.495913314326879406e-02,-1.969939845104972873e-02
8.179575687199125422e-02,-1.285366553893454999e-01,5.589068839470539424e-02
-6.363959774813721104e-02,-6.163384096351459847e-03,-9.733471390842969801e-04
5.225038181788618091e-02,-7.289731530910377455e-02,-9.840744620627662337e-04
-9.016444287859086415e-02,-5.932544930715680405e-03,2.754696770680106765e-02
7.584198242807278778e-02,1.744624452411648943e-02,-2.168259824375125613e-02
4.781038193651732104e-02,-5.626648388611588114e-02,-7.052501620215112510e-02
1.046922719407521532e-02,-8.555305005403675278e-02,-1.528105396443267712e-02
-1.005767610419785351e-04,-4.844630796844519305e-02,1.136758477801587813e-01
3.163787854747156236e-02,2.067263219855564743e-02,5.178066533441322977e-02
-1.299870648866298731e-02,6.441225707467825717e-03,-1.263742331151213039e-02
1.526386831929608077e-02,-1.763893614409407437e-02,-9.058854808821899945e-03
3.716283828638568959e-02,-4.183485251906841201e-02,6.435558821581058297e-02
-2.541501537845867673e-02,-1.740907506337963442e-02,4.002273585174464382e-02
7.080535903861867597e-02,2.517941541172207323e-02,-4.547631019621793669e-02
6.688843884824402855e-03,-3.884524063913288167e-02,2.848077949743498677e-02
6.038442271184738669e-02,-3.627779637322765816e-02,5.052899569288397952e-02
3.038642211719466864e-03,8.495721594072505600e-02,-2.305045788009145447e-02
1.967012869884441836e-02,5.102495527188739832e-02,6.790976943014194467e-02
-1.083304557480138514e-01,-4.983579728431503618e-03,-4.094244458118628111e-02
-1.037789324944975583e-01,-7.794927950874721082e-03,-2.770948703147274941e-02
-4.607391241223175726e-02,-1.406689708420433976e-02,-1.912534140335152288e-02
-7.695548249120144407e-04,1.755871281949110407e-02,-2.051499881352927823e-02
9.170867394966234496e-04,8.544451057465179966e-03,-4.524629429165258343e-02
5.225533116124059241e-03,3.146858797712499822e-02,2.313343710980482817e-02
2.052734355141431349e-02,-2.651127563149713318e-02,5.940370461652634895e-03
3.430728930721006070e-02,-3.521970264446690202e-02,4.674302313313928592e-02
-1.422281707254084704e-02,1.898297615227687030e-02,2.558646740675013520e-02
-8.376262933488008017e-03,3.159595254585952778e-02,-5.407560241270518986e-02
-2.825467466871418865e-02,2.067682983034711472e-02,5.540419051331214005e-03
3.391828812901795387e-02,-8.654798175299584229e-02,9.478205828616321355e-03
2.639729273172991553e-03,-2.927262258134104289e-02,2.107410363028598341e-02
6.213771225115238828e-02,-5.198995301983004233e-03,3.366394110564636943e-02
-3.324718248746474317e-03,-2.173756027800097940e-02,-3.591739683095594715e-02
7.134278251202030852e-02,-1.691956658900704846e-02,-2.414538187598274516e-03
-1.823380829098924377e-02,-1.761042031345362580e-02,-5.197561692611907258e-02
3.131800104736470747e-02,-2.184129537081354322e-02,-3.838581357070636191e-02
-5.103937332798244575e-02,4.108155014167664924e-03,3.323189924547752250e-02
5.190213969997046345e-02,4.257841759021609163e-02,-8.887347649994137289e-02
3.558506688907239757e-02,2.498031443502079195e-03,-3.645357467967618587e-02
4.254166680052691440e-02,-4.480878097442539398e-02,4.821495733461760719e-02
3.877255691615064809e-02,3.444184682688253979e-02,6.004890290870504299e-02
1.717373267247768870e-02,-4.173368972967812091e-02,-1.851745538201901228e-02
1.637348011208033388e-02,4.558444478159853069e-02,1.617281574227943941e-02
-1.227962211651498041e-02,-5.318472563605844416e-02,3.417369453836465332e-03
1.537808961952403901e-02,1.444673861169372625e-03,1.784972613344013720e-02
-1.447926169462839668e-02,-4.101383387915715634e-02,8.849897061790315544e-02
1.304615692115757702e-02,-4.686590874563177633e-02,3.874005233912489188e-02
-2.202809738151680422e-03,1.745415967575338805e-03,-1.149557813194444994e-03
-1.233887641946455720e-02,-1.693092570643393163e-02,-1.025938135641467179e-02
7.523923894541635626e-02,-6.055028177475364065e-02,4.166328196377644399e-02
4.999159009269187742e-02,-1.928388982160963994e-02,-7.045660608260351232e-02
-3.038709341627334262e-02,6.086512250045904293e-02,-3.726313672425335399e-02
3.300513385487224144e-02,-6.193634285265941369e-02,-2.858488618116107605e-02
-2.865976602366277631e-02,2.650869024639775084e-02,-5.255383123526325556e-02
2.097247253666108518e-03,3.134037934933801145e-02,3.263660206907634947e-02
-8.069575836436129745e-02,-1.754889277163547076e-02,-3.266066528310168637e-02
-4.878740650474749918e-03,1.017658915816068441e-03,-3.961365407216228297e-03
1.529124220476468961e-02,1.654025833796814865e-02,-2.549741201088735060e-02
-5.736342465806301694e-02,-5.674679535776330080e-02,-2.639190015149756041e-02
-8.651185688951099767e-03,1.780412377083933489e-02,-5.729406789437168496e-02
3.001283115597411927e-02,-7.570140106437714921e-03,-5.498973017212787501e-03
3.328227357682025239e-02,-3.136490860871784386e-02,-2.757233297529763233e-02
-4.363802973995639656e-02,1.595672529153990826e-02,-1.978487146098939498e-02
-1.823257643387135585e-02,-1.935353366696317525e-03,-2.931474222995458442e-02
1.810468445310378649e-02,-3.112783572056301504e-02,-6.249516553056817803e-02
7.113294388783260314e-02,3.862986900696255277e-02,3.260489563683811182e-02
-4.352055478341323308e-02,1.725970654346066155e-02,2.751102873494317563e-02
7.653141205803098111e-03,-6.486825788642974766e-02,7.048787293345990662e-03
-2.754690144942565939e-03,-3.135646632068746047e-03,5.338402101010455980e-02
-7.892839673649933163e-03,8.450829051171331041e-02,-3.812119206956171569e-02
2.136751868328864642e-02,-1.653429897687069480e-02,-2.896136944581604103e-02
-7.316336511177205272e-03,-2.211257337187667437e-03,-2.241823953554937521e-02
2.254752311782967297e-02,-2.152607146675841743e-02,-1.095234058568751549e-02
5.742457840151706308e-03,1.589688527862525083e-02,5.076430878701640795e-03
6.873114978468349012e-02,2.461250947809494674e-02,2.726270655807117374e-02
5.207143281968332899e-02,1.028921355110441194e-01,5.517199526277875160e-02
-1.914537819017853720e-02,-2.571372728641936611e-02,8.659021932523328774e-03
-3.086514643207248368e-04,2.748670392865090739e-02,-1.388223996153546518e-02
8.042488826086059348e-03,5.607387126896277475e-03,4.277593095177585625e-02
2.872833549434667538e-02,-1.608484978039277299e-02,-4.201485680129716377e-02
9.659347971006194272e-03,-1.249044191547066772e-02,-7.381921308435640539e-02
-8.827440697627200739e-02,8.222206966985809050e-04,-8.698274469465390457e-02
-1.317664158313106362e-02,2.908108070666516956e-02,-3.712627894634769289e-04
-1.029811177849326815e-04,-5.445190459898368446e-02,-5.322180242167379172e-03
8.276279957650814478e-02,3.835503467825081975e-02,5.982985863915474267e-02
-3.813278224046617176e-02,2.754185987374318731e-02,1.956772764325813430e-02
1.078582609281756796e-03,-3.883293666990208365e-02,-6.470776413251172476e-02
3.012606051066711241e-02,2.630944201981567920e-02,1.085304672237925316e-01
2.403057206174190677e-02,-8.450863022050926487e-02,-2.680172143713287908e-02
-7.115732230169469208e-02,8.040147540172206536e-03,-2.119106154621722832e-02
-1.264536439301471721e-02,-2.738131345806665840e-03,-7.214017927154313913e-03
1.659020471892112131e-02,-1.129409362609095670e-02,5.853531962962129492e-02
-8.581975511393627465e-03,-1.230971159747907065e-02,1.209876898347869191e-02
2.129166817358700212e-02,4.186266747436461801e-03,-4.533097829532593132e-02
-3.051590456495181097e-02,8.696687287636077623e-02,2.970342664096658342e-02
1.432537838751668513e-02,-3.987760815876126991e-02,2.135509714924797853e-02
-8.519950759505907911e-02,-1.620740054896499180e-02,-1.487699290114587874e-02
4.211197057538233757e-02,1.321258628710588433e-02,-4.389386116692797074e-02
4.497646212223557760e-02,-3.828893189673363007e-02,-9.009724084137126290e-03
4.320551496417297799e-02,-1.974001785380761695e-02,-1.680590936423324161e-02
-8.928863797474469177e-02,-6.121834705946076378e-04,-2.685793027590632071e-02
-2.690906821425863640e-02,4.241386007640914751e-02,2.580981614682991213e-02
1.425512088861231180e-02,-4.553488098844936383e-02,-2.328267828013615495e-02
-3.122000448929236616e-02,6.484715919024504338e-02,7.117160158319719987e-02
1.836946310843460021e-03,6.375543893549601160e-02,-6.453216744774604302e-03
-2.555858822678140976e-02,4.545596183303302062e-02,-4.000127703873488511e-02
-3.765744835832321447e-02,-1.443541595549862819e-02,-2.218329183356480133e-02
5.355334384537300228e-03,-7.418837549399698653e-03,4.218000109227809657e-02
-1.112501480283824458e-02,-2.238818188882134644e-02,6.146545578165858725e-02
1.297021692401210090e-02,-2.359131606760256350e-02,-2.997497227566593009e-02
-4.073072572566909313e-03,-3.403245654021002514e-02,-6.657312951038124593e-02
4.302077259944271648e-02,-8.464724512244689450e-04,-1.147006675491862686e-02
-2.640777992100923691e-02,-2.544484339654345516e-03,5.820968321283998687e-03
6.056264301451419474e-02,1.044499585846289831e-02,-1.263667629957155106e-02
-8.058937523527083535e-02,3.187313149145465374e-02,1.079494454725695857e-01
-3.812608767985317584e-03,4.632382289939093040e-02,-7.899108293775138068e-02
-8.406203267856984102e-03,-8.392508988338792664e-03,2.351942631685550750e-03
5.640824406309362903e-04,-8.795377905917043044e-04,-4.220180867018922719e-04
-1.805103369026782312e-02,3.178525494076961389e-03,6.460520538234887367e-02
8.357292520177561287e-03,-4.415527973052336963e-02,-1.407311505706690564e-02
3.864960083680449299e-02,5.634569096291745793e-02,2.986354563327298095e-02
4.357589075904797458e-03,-7.078613764477911796e-02,-4.459958947636250698e-02
1.914616200520583358e-02,-9.162861947951182404e-03,8.263120456513745743e-03
-8.106410788114036536e-02,-3.187090723226580075e-02,1.314909077446878120e-02
-2.482355636011794944e-02,5.107909166650513588e-02,-3.826898644235385283e-02
1.078084125000786618e-02,-3.255279007875953867e-02,-6.868378060034335819e-02
-5.347769345604351174e-03,4.889291991169963415e-03,2.841689436930530319e-02
3.279766098180693368e-02,-5.984000437130055847e-03,-1.609836488775817295e-02
8.814355842974468114e-02,-4.342101589621927271e-02,3.219319573626917841e-02
-8.077546879926097989e-02,-4.736854691190225952e-02,3.080003428244632024e-02
1.040345689414237315e-02,-3.167785840419155060e-03,-1.730578848676446804e-02
-1.244325439238688075e-02,-4.215217073758356636e-02,4.320932751275814721e-02
2.611097266008832393e-02,1.963326018300309839e-02,-3.668263516045340566e-02
-1.714287961356411247e-02,-1.830226307494403973e-02,7.681876125750342066e-02
4.301101140542932383e-02,1.906625140175994063e-02,1.157408830896409710e-02
-5.603108320794290137e-02,8.607520856566404366e-02,4.747689360857185181e-02
-1.055591232567448974e-02,2.587367718754871298e-03,-2.342841140550808859e-02
5.993101851874268332e-02,-5.753967887928243541e-02,1.838997378085978351e-02
1.063600020573375743e-01,-5.815016333198507609e-02,1.297061116844957195e-02
1.901697253405872090e-02,-3.718831908858589302e-02,3.552117597997549864e-02
-5.268133100599396365e-03,3.879908034857735416e-02,2.591103808531605018e-02
4.432231571470866827e-02,-2.251200020173320382e-02,-4.117086028237634115e-02
9.232805147472872287e-02,2.919578313504733735e-02,3.798852306841287579e-02
8.012572890876200338e-02,-5.236454756639884135e-05,3.481733538820840079e-02
-1.743093993884755125e-02,-2.398617120854945953e-02,2.459732558430592630e-02
7.052050162518921743e-03,-1.563390196048910618e-03,3.479073648708821270e-02
-2.723687354208240499e-02,3.049936260792318610e-02,-1.532138209924452724e-02
8.743837577065958350e-03,1.112799416517949030e-01,-4.900913369049347129e-02
5.272370510300034008e-02,-1.100922316953044551e-02,4.230748092922195433e-03
2.034244300178422206e-03,8.690928309994878920e-02,5.225442018096221330e-02
-7.749820831349827667e-03,4.304366779845823082e-02,1.555795603370033024e-02
4.481513189523537305e-02,7.213874465932904045e-02,2.458293129469903168e-05
3.611252958924025119e-02,5.336115913876940398e-02,-4.911297593368128822e-02
1.968185425669623234e-02,1.555473730613250727e-02,9.210407526646985366e-02
-4.958633203203936801e-03,6.723932996621863334e-03,3.326736982212987609e-02
4.303436261190933532e-02,-6.186211790342037442e-02,-3.358744663177339745e-02
8.370237413293873940e-02,1.822980519875499886e-04,3.808819715323058519e-02
-1.963745321416295389e-02,6.997532086638473536e-02,5.059308721917384760e-02
1.241612876579665896e-02,6.378480561563659723e-02,4.421706649862926566e-03
-4.242800924615944269e-02,9.139625912752376291e-02,-3.336808437773699371e-02
-7.226524355302801905e-02,-1.364870528076428911e-02,2.311516464480070296e-02
-1.806649887862268183e-02,6.595630883652775500e-02,-7.149403096009226966e-02
-4.236632953632676023e-04,2.000260410608379821e-02,4.042409723016038986e-02
-9.580458965981336616e-02,3.671078751447923866e-02,8.484737774500634988e-02
1.648355110180006397e-02,-3.792745950953888001e-02,-5.559150406489933409e-03
2.437304675342429755e-02,-4.298719468719448822e-02,-4.763002914128228876e-02
2.681604277214486021e-02,-4.211053439131637322e-02,-2.735050892560568145e-03
-1.091115573971453319e-02,-1.546220043625694610e-02,1.988032835780604440e-02
7.441301374758849119e-02,4.304359207146727512e-02,6.492351739484869544e-02
1.089003766179394081e-02,-4.133107671139961414e-02,4.995325560659531761e-02
5.690615827401111597e-03,4.158587988236720477e-04,-3.981741843644277801e-02
-6.311684429925847051e-02,5.438388480926294177e-03,-2.133185992196748489e-03
9.881014014185315886e-02,-1.947396883860802452e-02,-3.144730157140675220e-02
-8.880343510466932877e-02,2.034815138115801496e-03,-3.845340632016146926e-02
-4.608530765829114972e-02,-3.344903662746111922e-02,1.960202084725962135e-02
-3.532127099615874760e-02,2.872516173512189297e-02,4.272808738367516769e-03
-1.669393540977665361e-02,4.122341755333889385e-02,2.164481149597395019e-03
-7.756127225662802493e-02,4.637953212870786750e-04,2.298673531390952110e-02
1.895701539679091330e-02,-1.523861749251891485e-03,-1.306290230648310680e-01
4.445444244167964104e-02,2.289500887972272317e-02,-2.295689864490080973e-02
-8.185561799633997437e-02,-1.529661231956794612e-02,-4.466067911420671527e-02
2.645619211172186083e-02,-4.226783733989766811e-02,1.260140071616656920e-02
-7.181105202216111170e-03,2.189728563212742576e-02,-6.810926425182552493e-03
1.669583747103589588e-02,3.799348570120562180e-02,-8.608349999410272457e-02
-1.330108226740358418e-02,-2.008741755705730717e-03,-3.414608165546844515e-02
6.068665004051817385e-02,-7.371142897033713948e-02,6.626548400005620974e-04
-1.155312156339999806e-02,-6.230310813858239843e-02,-2.653846301786498899e-02
-2.162909929868361142e-02,2.307567178713445730e-02,4.716352877698189172e-02
4.636314093235442690e-02,3.131131012567206495e-02,1.542691572572352753e-02
1.963737530787415878e-02,2.123423031555747575e-02,7.984145986165869235e-03
-4.383873881530924582e-02,5.116014636501196866e-02,-1.087215654155019098e-02
-4.489014983893500031e-03,2.079247283455264508e-02,-1.774856787167240074e-02
1.199759738576233747e-02,-5.732856866309691407e-02,7.580312336100247794e-02
2.229365968338177517e-02,2.069699986052140478e-02,-3.432122307136388061e-03
-5.839407863962769313e-02,8.355590168535419193e-02,-2.022146210107591408e-02
-1.178784108480512849e-01,8.170379226354367030e-02,-3.177054063860403066e-02
2.387364552710642338e-02,3.635748856871353490e-02,1.548566923838051168e-01
4.816388226416565971e-02,-4.308981168423521579e-03,1.070396909572792279e-02
2.658956605359725101e-03,4.179974502921308954e-02,1.253286398445687191e-02
-1.819450784764134466e-02,1.025820649713704048e-02,-3.222563867576434815e-02
-5.219261452155975894e-02,2.139605151358811921e-02,-4.641794625206751429e-02
3.128565460079184291e-02,2.868725677737787513e-02,-1.272858353543003442e-03
-3.945920211521101312e-02,1.140917090185670710e-02,4.877442307035174257e-02
2.086340733380862705e-02,-6.133312410650487712e-02,-4.515433999526686365e-02
-5.074887670555420366e-02,-3.877176666455945525e-02,-6.178679553052451173e-02
-2.218572031163801306e-02,-1.189642038898251937e-02,2.283281655220549197e-02
6.193874463652373347e-02,-1.111611284753112466e-01,3.960539881122607936e-02
-9.409435378264354582e-03,-6.737026888031204253e-02,-5.240208949305978983e-03
-3.328928491525812855e-02,1.770376381473839911e-02,4.139386285073379940e-03
3.467469971594273892e-02,-2.726598730258985876e-03,-2.901877779568071136e-02
1.105724815917786055e-02,1.771330169709581584e-02,1.336974891137149637e-03
-2.935677074286058286e-02,-4.854976780969197381e-02,-4.217982347381371566e-02
-5.555786284007114412e-02,-1.335686925056383048e-02,-3.205551563793657133e-02
3.560343719916767360e-03,-5.941450716496130685e-02,-1.344954889695642794e-02
1.440136584328592954e-03,-4.482767341556000151e-02,-8.233206933513917067e-03
1.750973433181118866e-02,-9.236544478769853628e-02,-2.989650311608011563e-02
-1.801748352207388840e-02,-6.037369305415078539e-03,-5.676921307660191124e-02
-7.096129815456474199e-02,-6.584571480083717399e-02,9.251517298725824012e-02
3.238163928981467599e-02,5.380665042767096909e-03,6.620191142321055211e-02
-2.846852397072382329e-04,-4.327132044987942738e-02,5.843504090282006062e-03
6.176107452689291732e-02,4.864280779573251084e-02,2.519324552494637062e-02
-5.021289448343094208e-02,1.741710870960885837e-02,1.168917644346756206e-02
-2.145582096532258967e-02,1.467802900193306871e-02,-3.368321215536618229e-02
1.602872635450065461e-02,9.698549272580653247e-03,-2.939309339285751943e-02
2.485181760394699832e-02,2.901423828884109463e-02,2.230281056036998930e-02
6.970211581844462656e-02,3.278657944137939456e-02,1.462513034373566327e-02
1.010561027751360162e-02,-5.547115257640072156e-02,5.833392647762020156e-02
1.965284635801555629e-02,9.216034917339373245e-02,4.841694805199083310e-03
1.467598753594365549e-02,3.949601313039435846e-02,-6.765902955996540465e-03
-1.137902556200695060e-02,1.948790435052492540e-02,4.836449291513540000e-02
-5.419550688518190440e-02,-7.156611029162175674e-02,2.546820618734255484e-02
-1.168370144184571399e-02,-9.997917286676812759e-03,6.032339023572008685e-02
2.461982742252212530e-02,-4.278828864904410390e-02,-1.073393963951070271e-02
-5.160603951480693952e-02,1.577039425001757963e-02,-2.096291711921842091e-02
7.958999549524696515e-02,6.394303307248767887e-02,-1.630039482152110739e-02
-4.525390908321159401e-03,-7.774708510580971565e-02,7.723871313737158640e-04
5.680291828932353820e-03,-1.390369495432963731e-02,4.959053764848989770e-02
1.828223625953105669e-02,1.470098043059407146e-02,3.443087177931913184e-02
3.487589944598488978e-02,1.032111583709401786e-02,1.353922744898982365e-02
1.869487054503995299e-02,5.523041825355232831e-02,2.502750234337987908e-04
6.200773700061719407e-02,2.707246908253851947e-02,-3.266115062724175844e-02
3.287057089349217781e-02,6.657779432623345262e-02,-5.210924993498607799e-02
-4.619094645533361465e-02,-3.854795176950207014e-02,1.215208575844261771e-02
-4.751488546220159620e-02,-4.872160406185665343e-03,-4.880272512902232573e-02
3.685586265165190223e-02,3.132601275405683117e-02,3.168598466523653290e-02
-5.483995806724645261e-02,6.797248975126608805e-02,7.549680581241044464e-02
5.912287094455881929e-03,-3.719883709867742583e-02,4.635363067565558687e-02
6.301018485105052726e-03,7.163629871242623015e-02,-5.661668937191076389e-02
4.374094979889724122e-02,3.234546724123856659e-02,2.298883054496178233e-02
-4.915793399076883417e-03,5.384650869999222343e-03,9.979379679719004026e-02
-3.002720132890657635e-03,3.428410957851773383e-02,9.069537484058793828e-03
-1.336007523100949702e-02,-3.972002358342822254e-02,7.293965450603431822e-02
5.222254990294397659e-02,-2.252622509732359057e-02,-9.895010597886272699e-03
-6.809911210978043285e-03,1.397353008419147287e-02,-2.848451165066118521e-02
5.969571684495124549e-03,-5.341494510100341236e-02,-1.143049332904104778e-02
9.818266728870246249e-03,-1.221095086614575227e-02,5.410979818869496999e-02
6.642053377924021784e-02,-9.022537027759024641e-04,-1.178354828808525143e-02
-2.344878802059988630e-03,6.713858934688658742e-02,4.168054411785739044e-02
-6.728744243478044194e-03,9.590280916363491670e-03,-1.357077331964752498e-02
1.712289062845212886e-02,2.323677233069843320e-02,2.505394876905765733e-02
-2.168114087550516295e-02,-1.556313506911949016e-02,3.638671165338126789e-02
5.408138553137632060e-02,6.900112635986352383e-02,2.574789604523252881e-02
4.917520665875153157e-02,-3.407816200552957198e-02,-2.761972225089659796e-02
1.754440772226155409e-02,-2.490333321289828032e-04,4.220222890940914656e-02
4.302243603775132708e-02,2.989425538494513632e-02,-5.604670234161191616e-02
-5.090871630489245819e-02,-1.909284282529120219e-02,-1.593221812670999118e-02
-3.153418886528195492e-02,2.892228085013871103e-02,-4.491377088282984265e-02
-2.138013322495828459e-03,-3.095149203778396405e-02,1.456932656567679341e-01
-3.255018435462495724e-02,-4.649240295720480365e-02,3.419567386173184235e-03
3.326641622535042586e-02,-3.643951644558163921e-02,-5.302110683147440856e-02
-1.840601628054974043e-02,-3.244632377903131776e-02,-9.703036290370457839e-02
2.481632944791225832e-03,6.120814208522478567e-02,-4.361946705800686525e-02
-1.850688409343237764e-02,-2.604750667444550791e-02,1.189533108064802849e-02
6.751832941582057435e-02,-9.988636037823989122e-02,-2.998740565502954966e-02
-1.164624048082415000e-02,5.195602562460765149e-03,9.726647084455027764e-03
-5.477217991554064053e-03,-4.856088972892874667e-02,1.761132268237101950e-02
7.202349176621955507e-02,4.813715405390767837e-02,2.433990603243482709e-02
1.968761473112005250e-02,-6.091028605976898935e-02,4.512076009291451570e-03
-6.097495013240154804e-02,5.889856562928726808e-02,5.416984230003814987e-02
-2.179587809218368200e-02,-1.057180091057931780e-02,-4.778316072750175142e-02
3.624149205120898165e-02,-1.290574469819459266e-02,-9.454867976982493649e-03
-7.065600878885809621e-03,-2.387118361737912333e-03,-1.900403539887901561e-02
-2.911501237487870361e-02,3.547028305675640428e-03,-4.632782256817401245e-02
1.355198901667841078e-02,4.253702006881158321e-02,2.400961005913133939e-02
4.322524051359886293e-02,-2.317342770667035843e-03,2.586884777604982893e-02
3.078079516215686748e-02,4.986777804199734460e-02,-2.513741509951535405e-02
-1.036413265682354784e-01,4.862863522707813052e-03,-5.742319815464449508e-04
1.477646031325478317e-02,8.292292048371393415e-03,5.920751473503617357e-02
6.214945898223278586e-02,-5.919391071176379610e-02,-6.313408701917549992e-02
6.668387225714109134e-02,8.644334265622045238e-03,3.624542878637162374e-02
-2.244791164025913832e-02,-2.185566832688908001e-02,5.198986677314053340e-02
3.780212261712644767e-02,-2.853158051983376367e-02,-1.282219057088206451e-02
-6.713239511725679898e-02,2.915865737551393694e-02,3.701588149134076716e-02
-8.768242791605483644e-02,-4.760271024896341879e-02,3.442652627863516945e-02
8.075422872317762624e-02,-3.751097579097355944e-02,7.687332395410515591e-04
-2.075868026281020226e-02,-7.069662289271219646e-02,-1.107027721147068981e-02
-1.136224875358238587e-02,4.300276438239281074e-02,-9.022267149920071630e-03
4.705997044070067692e-02,-7.372422857705859811e-02,-5.379506691120015949e-02
-1.661310496669688233e-02,6.603821291983524855e-02,-6.410801334402449134e-03
5.520576379793593752e-02,-2.823036093382190817e-02,-6.166466710103728904e-02
8.723008642663672429e-02,-7.366186438034792727e-02,-2.612063065813768035e-03
-5.038931182110702178e-02,-5.165549729892535830e-02,1.753332239089686398e-02
-2.321205578896442384e-02,3.970047926215625189e-02,7.832370604509332479e-02
-7.914130889623821608e-02,-8.204512016120228679e-02,-2.548088392443066674e-02
1.122802627389795846e-02,6.215383144048523129e-02,3.874750185212821191e-02
-7.264792438103945260e-02,2.983581624205510971e-02,-3.646306893144265343e-02
-2.518011853642320580e-02,1.043595248956855487e-01,-1.663320533299903273e-02
2.770629011095512503e-02,5.847365798281175392e-02,-1.805516661561920588e-02
3.250718168304922440e-02,-2.546386563432404774e-03,7.158015304091800562e-03
-1.690087958303205400e-04,-5.613370717371348600e-02,2.012671107124133080e-02
1.743945726247685124e-02,-5.980870438071076572e-02,-5.544886470048206867e-02
1.265726172693895993e-02,2.641954056208855109e-02,5.643271185709957879e-03
-1.124425246373574917e-02,-2.838616694384548875e-02,2.377243606204049522e-02
-1.253199491869942499e-02,-1.233557792276593519e-02,1.498911283605543210e-02
4.935765812709254352e-02,1.731266127664289264e-02,5.781763503200082477e-02
-5.734525934225874477e-03,4.908599564790013664e-02,-6.778394799132763521e-03
-5.808107444986297663e-02,1.086058535285665538e-01,-1.664175898586540969e-02
-1.773819395444255556e-02,-1.647855129911966060e-02,-1.978403130256630588e-02
2.485527457036946705e-02,5.575807582293897113e-02,-3.498651441242039278e-02
5.681491673441985135e-02,-8.810878500710246988e-03,-5.895552438843375265e-02
2.908089795443046313e-02,7.121690247256830253e-02,-3.003707915195149777e-02
6.034723060365264347e-02,3.019710757713974653e-02,-3.210851563366084929e-03
-7.486236559123806344e-04,-5.054019404704627322e-02,2.986882192751793078e-02
9.993825301622828727e-03,-8.077934114678383959e-02,-3.066247109622252318e-02
6.744941816318644756e-02,-1.364081143745001813e-02,2.410794008031007588e-02
7.589149436736968013e-02,-1.496436120580016682e-01,5.485655580977798901e-02
-5.733481735369782423e-02,-1.267537483294048231e-03,1.363202554164432909e-02
-1.373697303933793870e-02,-6.769991715520452813e-02,-2.466713696111207804e-02
-7.674183175058645057e-02,3.318605405727434454e-02,-2.788872051409009567e-02
7.852373563120079378e-03,-1.052263715518114533e-02,-1.594074360897396181e-03
-2.972480080178295167e-02,-3.852703666855217257e-02,-4.318553458950775276e-02
-3.868286236374927217e-02,8.585057196747927083e-03,6.010091142925508972e-02
-1.280131394596410212e-02,3.142368387267337887e-02,-3.207550469264900533e-02
-3.223638559537335326e-03,3.513491717884654336e-02,-6.537095122819668210e-03
-1.428471774715121996e-02,2.982633347621561556e-02,1.368308057542144164e-02
7.476264622280981431e-02,-2.994034639572414752e-02,-3.047791777090685938e-02
-1.447685217514216652e-02,6.594725645098264977e-02,-3.352002366493751773e-02
4.326801100023180621e-03,1.093010149133872774e-02,6.462733153095007177e-03
4.971868882506903786e-02,1.317893270462338609e-03,6.678149992558252146e-02
-8.874370734751688139e-02,1.370725995447464804e-02,-7.348957746677330788e-03
-3.063934884499382866e-02,5.792817866947359839e-02,-1.039771171342499141e-02
3.401266261953260484e-02,-3.774579178041100741e-02,2.992156172620349941e-02
-1.880465642784396804e-02,-1.534742655833798604e-02,-3.814584293754761518e-02
-4.481424865649921013e-02,5.855880225378151671e-02,3.477948010424201236e-02
5.074209676378011596e-02,-2.028899742169104278e-02,-7.207298512849742711e-02
-5.480418442824057379e-02,8.596311999973761664e-02,6.704049438903950109e-02
-2.438739958427590948e-02,-1.684166999477789773e-03,1.261079847751151242e-02
-3.608351242670836817e-02,-1.427182731866617066e-02,-4.442868604576676039e-03
-4.960663251723273354e-02,-1.662173461233913685e-02,-2.437025016894879201e-02
7.159739299300198201e-02,-1.876557548417930391e-02,2.235039703668936090e-02
4.040363865827342055e-02,-7.893147979954689974e-02,6.465887848639225756e-03
-8.811078018502244147e-02,-3.347814868557125872e-02,1.048054866586310176e-02
-3.618315360874931053e-02,2.074316612074519894e-02,6.964047818696894598e-02
-1.313106704641865512e-02,-3.085405499281971067e-02,6.037479515005070990e-02
5.777343259681794185e-03,7.640566884382161972e-02,-4.274527719278161525e-03
3.680422200857923209e-03,-1.121727571353919872e-02,6.444099329335351532e-03
-6.657295322308280638e-02,-2.467182542551471860e-02,-4.146774679619540799e-02
2.283241085176035759e-02,8.370975836263195528e-04,-3.714971161401812993e-02
4.264715193767392581e-02,-3.609879963542624460e-03,4.002298223017752843e-02
7.724915351371229588e-02,5.989423797963663865e-02,8.663920421194859500e-02
2.100212102658638794e-02,-3.133704479871334686e-02,5.619415663448060899e-02
5.319070739909134704e-02,-6.548399920111379335e-02,-1.285442252896119852e-02
-3.501911205115913056e-02,2.211021710324310302e-02,-8.326034451037857276e-02
5.675325307801901142e-02,-4.856527898422610310e-04,-5.805104942622357073e-02
-1.801384181147972288e-02,3.174835446975009939e-02,-4.221006265695949333e-02
2.270993896675307586e-03,-2.537059826119775815e-03,6.551784832338087942e-03
3.829745516451930204e-02,-2.836265207501982924e-02,3.848213707699853908e-02
-5.242226521571460851e-02,-6.437452510476951439e-02,5.197400910820098446e-02
-7.384974343625586577e-05,1.391396931334489169e-02,-3.052615170057691035e-02
-3.545629713037377635e-03,-6.845649460279350229e-02,4.887604098230413641e-02
-2.339681219177181318e-02,-3.820169739578222617e-02,1.015746870614560177e-01
-9.878191298520101749e-02,5.912896008663774683e-02,2.865447981626790402e-02
5.479560353544173784e-02,-1.776786108433595079e-02,-3.792742069073687383e-02
-7.693521041450394893e-02,1.877972408696689226e-03,-3.324340736408308572e-02
-3.967819394577145296e-03,3.153391807318529916e-02,-3.432844218615769410e-02
3.803632825128213518e-02,9.296216273181275719e-03,-7.432727637649670129e-03
-2.810624835568761599e-03,6.618489113354764086e-02,4.348190755126770529e-02
2.838720883631145470e-02,-4.051854639315713436e-02,-3.279113389379004206e-02
3.048603749015763725e-02,-6.509629155879301243e-02,1.008552163827118250e-02
5.221051028927140188e-03,-4.124866545617541375e-02,-2.676312152329111960e-02
3.787498526381807840e-02,3.939782744257840086e-02,7.907009495019864942e-02
-9.846611635436272950e-03,-2.203856440729111063e-02,-9.824754199720016345e-03
4.254925705448172647e-03,-2.078997215981103191e-03,-5.460406399424598545e-03
3.112669627485137314e-02,3.852036263751488360e-02,4.133872070055123055e-02
5.126216152794658282e-02,-5.650575039348955386e-02,6.942408796264670778e-02
-5.280136141316671416e-02,-1.006496976964209485e-02,-6.798855294893541359e-03
-1.359577781076048292e-02,-6.905479642603350177e-02,-2.741122669650812149e-03
-2.918752834113868752e-02,1.719009027435420764e-02,2.716523304050903406e-02
-5.711671502456749233e-02,2.123063160588184450e-02,3.902381166715346295e-02
-4.749164798988664976e-02,-1.043871384517199713e-02,3.294221199811121770e-02
2.689318055955685488e-02,4.917932584735934531e-02,1.907176822749109824e-02
-7.059997699089418099e-02,3.699942479018834916e-03,1.511531709295812348e-02
3.401221412111239684e-02,-3.147821659594405436e-02,-3.682055183209301946e-02
8.985579744279711695e-04,5.390781696317308719e-02,-5.234572806599714807e-03
2.189462488033923002e-02,-2.906392407410975792e-02,6.773169730044066583e-02
-4.064247343951109259e-02,4.116630438437377665e-02,-9.355887260615038115e-02
4.396354322523141067e-02,7.463512759235357147e-03,1.767918854266101875e-02
3.797009445474826272e-02,7.763826651622204866e-02,3.370008529425405630e-02
4.346704795828054690e-02,4.159689492657851068e-02,5.894691771591687585e-02
8.456736563952106656e-03,2.457082596609920511e-03,-1.184746357906385147e-02
2.659333488394369227e-02,5.353934178094924522e-03,4.364283713870856229e-02
-2.689186371200243814e-02,-1.093102898913651533e-01,-5.018775079549697704e-02
-2.035448973547441046e-02,-2.769667187861976632e-02,-3.123154957119316302e-02
4.510211955118691163e-02,-2.658054832704468198e-02,3.551121258833103006e-02
8.391058004063325047e-04,2.769636269848076843e-02,-4.435406984641369205e-02
-3.756635123361098255e-02,9.055631340534998908e-02,7.230215936412651145e-02
5.936536346496785327e-03,4.982966381440658704e-02,-3.160640371698410916e-02
-2.239128814172877679e-02,5.057448806389738122e-02,4.824411592693018946e-02
2.434885351185966593e-02,-6.350592708656095133e-03,-3.887878789904384517e-03
-1.166870678560011712e-02,-6.499267725291506259e-02,3.933450454328589474e-02
3.256688034476386967e-02,1.964839031126352359e-02,-2.563795070310418214e-02
-1.333572522760321545e-02,6.372912327266815058e-02,-4.955984163648829294e-02
6.829666210145381167e-02,-8.378597715725024167e-03,-3.607592105742162686e-02
3.856731608538940120e-02,4.349037093736453363e-02,-5.406839570116097650e-03
-1.353201243505579993e-02,3.784106094569813367e-02,-1.435208648082336898e-02
2.135432629138333746e-02,8.564330733436443729e-03,4.160650257569873528e-02
-1.264845458106673808e-03,5.382644134236544420e-02,7.933492656380778177e-03
1.150182778792041040e-02,-8.661198147880900394e-03,-2.252807896915083943e-02
5.209519493364269532e-02,-1.414205227966422972e-02,-1.704343310630136027e-02
4.137296647747885914e-02,1.092482412770578830e-02,1.876161387879009615e-02
-2.599265363616757793e-02,4.055152118285759028e-02,-1.463613355893901048e-02
-2.505611033140948615e-02,3.468986638096679953e-02,8.484141431209786532e-02
1.422661966750398722e-02,-4.621679943861694423e-02,3.103521213480722393e-02
7.711446545628979077e-02,-1.915905424284188724e-02,-3.880445347817457896e-02
-1.141277377406654803e-02,6.519213661428148454e-02,5.257060042005119900e-03
-3.425676912505783156e-02,-5.590421580899457288e-02,-1.079727902171512439e-02
1.717978760732864285e-03,-8.443643046358513191e-03,-2.330005247031048318e-02
3.930727263460723903e-03,-1.483991753480923747e-03,2.911811467764116243e-02
3.931019438527309784e-02,-1.367545671494814485e-02,-4.168613417376842989e-02
-7.524731243933445446e-02,-7.109821673978682435e-03,-2.976484976180291883e-02
5.233188251603372587e-02,-3.500553471753855422e-02,-6.323610877014817014e-03
2.320763201740220008e-03,4.069149756263011619e-03,-6.970101907649273697e-03
-2.468976408792859789e-02,-1.386440136087997016e-02,-4.383750376905432011e-02
-7.504151039667203253e-03,6.588258823202135239e-02,1.654849458892997116e-02
-4.380519927139846920e-03,-3.112019819879093332e-02,8.690873759981633181e-03
8.348230111451689084e-02,-5.520416951547917755e-02,-4.176326138051169451e-02
3.495529633998702840e-02,6.997277164855034148e-02,3.627951261431084512e-02
-3.236786186882172761e-02,-7.186378962288827998e-02,-2.277855651617944135e-04
5.174296955812279081e-02,-1.218467914897047432e-03,6.299491768336246134e-03
1.260524156932940967e-02,6.281430174300692282e-02,1.270444156562099657e-02
1.840286682703558968e-02,-2.007854055267354818e-03,9.346930747838678999e-02
5.100663090809491595e-02,1.515765213341815389e-02,-3.577261109846264359e-02
-1.720588801155816319e-02,1.089237365327669653e-03,6.403595856426277932e-02
-1.623000782604117455e-03,5.458003602095840012e-02,3.922351506101440233e-02
4.408167913506792941e-03,5.353046754144649699e-02,6.303124166141516049e-02
2.756272215909353479e-02,1.358271901152602670e-02,-2.386992410445177779e-02
2.608997760512110978e-02,-5.444309862556378360e-02,5.613165439612642638e-02
4.272030504774960991e-02,3.436164257349399315e-02,1.733142516534627933e-02
-1.128095560773178380e-02,1.657617492096166711e-02,-3.582286949957308193e-03
6.329964090857673198e-02,-3.495088243181040943e-02,-8.915701636971383459e-03
5.309341367594547917e-02,-6.131778725216253424e-03,1.686927736092253341e-02
5.843688959920173565e-02,-2.618716047609166708e-02,-5.473868542074854932e-02
2.038245258806353072e-02,-2.943011188844375098e-02,4.544732915615022628e-02
5.296929458834018223e-02,-6.146446455079990212e-02,-5.208595701512704762e-02
4.910997700724126919e-02,-2.851692744601879142e-03,1.247945338559361267e-01
-2.340825932733630807e-02,1.803810491462538856e-02,-1.783194174291035869e-02
5.885220271334088565e-02,1.644418188931454083e-02,5.135691452524999978e-02
2.524088547382184397e-02,-2.273886305431714258e-02,8.711532729092665711e-03
4.132122981894222058e-02,4.892721509735820790e-02,8.529008454407258077e-02
-3.765095934917012284e-03,-6.078748879698611836e-03,-2.132911299712341585e-02
-4.603474088685110405e-02,-3.355342315020820587e-02,-2.308898187205189745e-02
-1.206336670060747206e-02,-1.102073117452852773e-04,1.074152998965919800e-02
-6.463616248256980057e-02,3.022238811911153594e-02,6.128113681593864819e-03
-1.278474376586147959e-02,7.878347713846271805e-02,5.791369114989936007e-02
9.680591047526552681e-03,-2.730297624151549040e-03,4.617335428779538453e-02
8.779676070252065423e-02,-2.114376643220573088e-02,-1.851168082475922530e-02
-1.044903799940411632e-02,-5.017231088422859780e-02,-6.201047783787330681e-02
-2.607339054722748739e-02,-1.202343852058269241e-01,1.251705117936967836e-02
8.921370207434141386e-02,-2.276710362139288193e-02,-5.996351507593727058e-03
-5.321573873548753747e-02,3.526809088031362255e-02,7.355662134634133494e-03
7.683786993257145370e-02,-6.455326798073987571e-02,9.461396758528816103e-05
3.024110058261564662e-02,5.208238051831975274e-02,5.350565986783618194e-03
-4.076355683129496803e-03,-1.548397131745868523e-02,9.788742607384248728e-02
-2.644584259211227740e-03,9.610088191359585086e-02,-9.108385879347520586e-02
-3.328040997183687177e-02,6.665249916683507747e-02,9.152316034779105561e-03
-2.436076248165617436e-02,-1.502835017009404930e-02,2.844873382632558123e-02
1.926250366775242133e-03,-3.339142164700209438e-03,-2.147029716236707741e-02
2.105918791722095895e-02,4.727820843634102793e-02,-3.680095164708553634e-02
-5.663749086287818944e-03,7.099291190035866839e-02,-2.057737546013793314e-02
-4.316750086022600602e-02,-2.544079024738226964e-03,-2.553981751732054949e-03
1.264056136403871912e-02,-5.666118776409792730e-03,6.823258462993998189e-04
-2.079144136626627504e-02,-1.634517442758081848e-02,-1.347112688839324584e-04
-1.488891841479298914e-02,-4.368557908205188828e-02,-3.268328845020490592e-02
-6.715179412773351897e-02,-5.734495856768932059e-02,3.718607603044157828e-02
7.474744796441377959e-02,4.508379113700605040e-02,-7.472748523342563620e-02
-1.004660790933463096e-02,1.812658933435824099e-02,-4.357109294606162364e-02
-3.235420503376002649e-02,-8.700513675798404734e-02,1.246978317263926356e-01
-3.400261094553440073e-03,-2.343658995192396746e-02,1.340798398542254570e-02
-1.050667971695484759e-02,4.112157716768053556e-02,2.249173545236729174e-02
5.218765262381194064e-02,-6.724439030715526067e-02,1.246751206472949264e-01
7.341009094642458876e-02,1.571137814252486845e-02,-8.520948428980848477e-02
-1.878463729942767349e-02,-1.013484561457875938e-02,2.212997413521457495e-03
6.593074114963972353e-03,-4.987226802908887452e-02,-3.064503285372914554e-02
-6.134637142772690448e-03,-2.657635636242083182e-02,6.141363377593052689e-03
-3.338644919866221028e-02,-8.295580617348351227e-02,4.858958293054307931e-02
2.565433465720931561e-02,-2.310346336768269448e-02,1.088633797990485041e-01
2.157965531919715102e-02,5.502274867428094685e-02,-7.143143985049295319e-02
8.428172733594323229e-02,4.660644881491009250e-02,1.165200389599220787e-01
7.776517374801264482e-02,-1.448736036921537303e-02,7.777435607775675351e-03
5.589488061118035728e-02,-9.503854486788982769e-04,-2.898220017952657032e-02
-3.099900423551463224e-02,2.794909077320614690e-03,2.467578921011124443e-02
3.629521975864451883e-02,-2.003798912896099724e-02,4.438211587274015768e-02
2.731595931062743773e-02,-8.131959483112588538e-02,2.527066526596814106e-02
-3.336192973918956917e-02,-7.692598358353186028e-04,-1.957065624841647367e-02
2.709725699420146086e-02,3.423015164158274386e-03,1.788790372003714116e-02
1.497593766476959694e-02,1.861078002218512564e-02,-7.809651239085910190e-02
5.101677788209241574e-03,-8.088350288671676547e-02,1.590620772686092421e-02
2.994057894879271001e-02,-8.757501649037736967e-04,-4.441448126896775650e-02
-8.945657108685317604e-02,3.420425835096053968e-02,2.418523504507879077e-02
9.650959337300153706e-02,-9.183426208643435604e-03,-4.970097874974697266e-02
1.634758025869162325e-03,8.117531680931312776e-02,9.302783156047621238e-02
-2.021868903358213510e-02,-5.544961472865001656e-03,2.049320560150267451e-02
8.408381747273149798e-02,-5.602295956043868569e-02,3.390534781065337685e-04
-5.805219352586234866e-02,-3.035576000301334204e-02,-9.969984189638445016e-02
-1.349019084644981692e-03,3.917122025689064729e-02,3.750962748003285746e-02
-1.683096772359526927e-02,1.798943873254731443e-02,-2.415415961290033608e-02
-1.815799500697089577e-02,-5.099820551178371741e-02,1.654738321227391951e-02
4.035935161318180558e-02,7.105705117170670049e-02,-6.274279312185394863e-02
-1.225541986325516357e-02,3.397787089791211301e-02,-3.799803294733070103e-02
-9.499066509881982576e-03,2.387402918878674118e-02,4.011615585569434927e-02
4.813966341232359114e-02,-3.159821373547482600e-03,6.625898399127301552e-02
3.763687541309588408e-02,-2.531077028666239848e-02,8.107203913598107214e-03
-4.481170063496351524e-02,7.167310462570108606e-03,-1.325343937005820337e-02
3.583445639898588317e-03,3.759367757549654521e-02,4.775691068767665831e-02
-3.342527972730603009e-02,-3.256477461151003477e-02,-4.395242521125393431e-03
6.652398309845822082e-03,-3.880898300205729012e-02,-2.974169776064154030e-02
-5.663339747060601448e-02,1.816481500800945850e-02,-3.840675342018927407e-02
-7.320765763793483927e-02,2.455101194000236520e-02,-3.276607962199665387e-03
-5.200529412994092660e-02,6.293657570990514316e-02,4.756340665319255118e-02
-3.875517369883774849e-02,2.724881407915661496e-02,-4.375402536781145685e-02
3.930333123774835957e-02,-1.661906332156774108e-02,3.906786779525977388e-02
8.871290369909088161e-03,1.521232894188357179e-02,-1.271851465911097434e-02
-3.759184419177707785e-03,-2.755548855400571234e-02,-6.224057374090836980e-02
-2.385536864086531053e-02,2.203294271613930044e-02,2.723178709609266890e-02
3.259121071208653103e-02,7.596566596624430845e-02,-1.087098858570515469e-01
-8.431785107806259380e-03,2.912967700140239521e-02,4.252607163697402770e-02
3.316830610255586814e-02,8.433575558083364343e-02,4.392538465066950747e-03
-5.451329448942744682e-02,-1.416901989423164678e-02,-1.588393498281646943e-01
4.802430045886748461e-02,2.334791519963745621e-02,-8.084786170203520084e-02
2.878785965880655343e-02,6.584868138260588366e-02,2.740952806052690798e-03
-1.775324148280267231e-02,-9.044424791626641535e-03,-5.727377802152117808e-02
-3.941598938067608117e-03,4.037882842844450065e-02,-4.590993377000043840e-03
9.891037324527002586e-03,-7.377247805902298339e-02,2.983853265912062708e-02
-1.201138460489740815e-02,2.338580321877275006e-02,-1.008177402077887683e-02
1.975806412568087422e-02,2.691913957586642911e-02,1.599765330030801860e-02
-4.734507451393381999e-02,3.717835028328423524e-02,1.372667225826283872e-02
-2.110214422623947483e-02,4.204935756464397989e-02,5.500780329682414954e-02
2.007258774695557663e-02,1.676758597522705341e-02,-2.524478678859229386e-02
5.540399970917804506e-02,1.687525301732733032e-02,5.522975063071371149e-02
3.500259179630569456e-02,3.456089183357016065e-02,-2.897703790384829545e-02
1.776225907476832247e-02,-1.385657401424086194e-02,9.391368217415162895e-03
-3.494609918525744957e-02,7.476111807118078489e-02,1.100743291409152398e-02
-8.037166467596029706e-02,1.877990557497559443e-02,-2.268282517664604869e-02
3.954348827586871146e-02,-7.950017913474745693e-03,7.902550947527886560e-02
-5.815198233596731436e-02,1.571305077418565579e-02,1.883056830959423111e-02
1.539432988912830050e-02,-2.361237825727923248e-02,-1.967886499690142850e-03
1.764450876713780439e-02,4.006257659219128464e-02,-1.469742459096018417e-02
2.183771474272126929e-03,-9.619363244998639650e-02,-1.000654705409238440e-02
9.581717771362276148e-02,-7.988236326556302780e-02,-8.139979834756394528e-03
-3.550142537442517454e-02,-5.916723510283633525e-03,-6.570870289236857564e-02
2.517661934108451210e-02,7.977442158940840911e-03,2.018170830342642594e-02
-1.883078547806297381e-02,-3.240689955472260408e-02,4.036614054836520221e-02
-6.669765942056174457e-02,-4.321235548817449479e-02,1.045312283288322291e-02
-2.941070816986199321e-02,-4.286985427068441476e-03,8.201829520774039928e-02
-3.862524633422357440e-02,-5.926965340794645293e-02,4.304115665811563546e-02
2.439851762547802505e-03,1.215670898524406039e-02,3.605539036050114249e-02
1.069114691615548514e-02,-7.017059247323663429e-02,-7.261456761781148739e-02
3.612660425969210082e-02,-4.616611573476488151e-03,1.188210216898235444e-02
-2.974055669208039085e-02,-8.079142365721779517e-02,3.038657093713353213e-02
3.490376199176827704e-02,-4.849364677107712018e-02,9.381346278234178881e-02
-1.330519372874916853e-02,-1.016312851263813204e-02,-6.753208731912518914e-02
1.528336362674532481e-03,-2.873286940935726105e-02,2.131832273755346688e-02
3.144261792597406041e-02,-5.651804611361598701e-02,2.693471618320725583e-02
2.613124283464075132e-02,3.355041610533001512e-02,5.805274268840267260e-02
-6.442971686913731566e-02,5.568807015160524149e-03,6.657993519573607299e-02
-7.629852616565693801e-02,-6.729096997036008998e-02,-4.412096376016429178e-02
4.871851315478859662e-02,2.502883935217776676e-02,8.422372203657901846e-02
3.557874454917716450e-02,-6.475266332952642201e-02,-9.175446504847898158e-03
-2.662504878395458366e-02,1.603392799173798330e-02,-5.148360151522451272e-02
9.274371109204582186e-02,8.393634708467041794e-02,-5.658245327305126693e-03
6.140178223934701120e-03,3.808112400408610043e-02,5.150108140515053529e-02
-5.559681555523392216e-02,4.889672990940790304e-02,-3.890099219149559251e-02
-8.920625623451228225e-02,5.810315964938998073e-02,3.343351043678129825e-02
-2.719315599945998016e-02,1.134751806929243378e-02,-1.543731693266593707e-02
-4.861531396689629247e-02,1.949643754344824662e-02,-2.515180665102762642e-02
-1.858851724172666184e-02,-1.409885189980721563e-02,-5.182427293589440820e-02
-1.123636503260742880e-01,-5.376223275399535234e-02,-5.130254118459920409e-02
-1.098015889597155764e-02,6.433092703881568286e-02,-6.356328576515073159e-02
7.928260359999808951e-03,-1.770608071293847900e-03,-1.895477735908681488e-02
1.140721865309901606e-02,-7.851331714593845490e-02,-6.864684186148595213e-02
-3.604056289257183323e-03,4.893673640508572689e-03,6.604000139008570081e-02
3.047849931437572948e-02,7.208920177382317773e-02,-8.422656271458030253e-03
-4.815148425930870085e-02,3.510455767183244535e-02,-3.348189889924926138e-02
3.230657397478439025e-02,5.798915086434009575e-02,7.783824912370060529e-03
8.881581166742383293e-02,-7.028081509034507512e-02,-3.764316761890810353e-02
4.359382885534176383e-02,6.230511641929334377e-02,3.696931560362671284e-03
2.039123057056375574e-02,-5.720965405987116226e-02,7.790340390569118478e-02
-5.798741204544352427e-03,-3.920597709298419276e-02,-1.315600255643319290e-02
-1.281408659264633362e-02,-5.712299208376250131e-02,-6.038489683057712137e-03
3.214626097078414346e-02,-1.057640721691938991e-02,3.599551600176408711e-02
-1.708342331533824893e-02,1.212452949105306474e-02,-3.150187403913600609e-02
-2.023105393833465881e-02,-2.313778536601932695e-02,3.054965780374449894e-02
-8.964184411572661410e-03,-1.094389890208697855e-02,-4.955968310866268323e-02
3.109215050839273572e-03,-2.420870751694537484e-02,2.526931023497948001e-03
2.906968302084006125e-02,2.148344187203982472e-02,-1.840207698848948803e-02
3.076418135168174778e-02,3.186695329153012984e-02,-7.873756071848556082e-02
2.440572233708325836e-02,5.437262496652909421e-02,-5.049785464225765158e-02
-1.231443238777766083e-02,-3.687272333600052215e-02,-7.280941457667845784e-02
-5.561469787304772899e-02,3.900878904752343862e-02,8.949465864886044057e-04
-1.677098739778890620e-03,6.971766166311593738e-02,-1.549026923297048414e-02
2.763919120175796149e-02,2.211965213196865482e-02,2.217195494526848568e-02
-3.070574339355718052e-02,-6.787028352703661054e-03,-4.049134089422328289e-03
2.381078693503775254e-02,-5.666543628110903841e-02,-2.389296928958985905e-02
4.640015240125011653e-02,2.280409635843484023e-02,-6.034820227922161467e-02
2.606575068587167060e-02,1.247868311355897902e-02,3.169110301483486769e-03
3.310858210705044935e-02,-4.619668741694642894e-02,2.033878355042751870e-02
4.125203488672927327e-02,2.247491579509508855e-02,-1.717791343776472329e-02
-7.102501992270146038e-03,-5.709779201094198481e-03,-2.945087352217821280e-02
-1.860676527668446434e-02,4.753739854752352806e-02,5.313187095781875952e-02
-1.780999092556254451e-02,1.160045981862899665e-02,-5.887418009197947083e-02
-3.062732487841982043e-02,-1.776933126985807271e-02,4.309974392307596575e-02
5.375216092007299717e-02,-2.225560550554746275e-02,5.650512158359722800e-03
3.318053158570847400e-02,4.496732170074012325e-02,-3.709423351939202668e-02
4.728886413277525597e-02,-1.351658200320860793e-02,-3.675375631232891734e-03
-3.654208144421959570e-02,-4.047848275775890736e-02,-5.233518828662368783e-02
9.446699046313308465e-03,-3.762972971950125783e-02,2.880673280041501361e-02
-1.857059149179793658e-02,1.477500602394300408e-02,-2.125527269798548405e-02
-6.315941217272996733e-03,-3.040569189080200019e-02,-8.071490286701216155e-02
1.022536543504455053e-01,-1.458841589589890929e-02,1.475388795501301857e-02
-1.980853112819419212e-02,5.044748384805836094e-02,-5.653328005547076686e-03
-3.759705706416712617e-02,-2.154422768110534833e-02,-4.527329490938034745e-02
9.323113791828653921e-03,3.734150799885573892e-03,5.010960775005780798e-02
4.397602696055936955e-02,-7.519970117119809117e-02,-6.396939850993883792e-02
-8.897473338556023681e-02,8.921380889496278999e-02,-1.408021998131925474e-02
-8.430721263463483717e-02,-4.080350493265043343e-02,-3.051167623603941170e-02
6.763526779837142344e-02,1.844809466543287022e-02,-3.370589096398886320e-02
-1.376379424086601744e-02,-3.822298852103866301e-02,5.031197356668177037e-03
-4.663999488846640173e-02,-1.520632676456076110e-02,-1.566924593491174703e-02
1.344406870509829155e-01,-2.150009074333125020e-02,-4.067948577838050028e-02
-3.365887007558213823e-02,-6.875489304115980048e-03,1.930178551413527094e-02
2.956729490661986690e-02,1.170823544849934443e-02,3.208623040691933881e-02
6.737421132953569369e-02,-3.041473693318231739e-02,-7.212134133554702620e-02
-2.810329099282290327e-02,4.955567233967699686e-02,1.417946935601169592e-02
-1.311545129273317817e-02,-3.586663652127399654e-02,8.878789311008089546e-02
-2.852500305552688881e-02,-1.000592838842088474e-02,-3.137308614748424845e-02
-4.600955094104103305e-02,1.628932298096452402e-01,-1.169549614451728149e-02
5.043699824017093547e-02,7.533255713813327703e-02,3.188165980455855142e-02
5.336973291801200975e-02,4.591541398588822737e-02,-6.136589153994117390e-02
-1.140695662561138149e-02,1.625316455991007020e-02,-3.343642552566556542e-02
-2.130165381855343362e-02,-1.775787178121841781e-02,4.534002370682589655e-02
-3.231424588196843417e-02,-3.534161587245383818e-02,8.278517221712224095e-03
7.635056911518464315e-03,-6.435910247421980368e-02,-1.005156269049578381e-02
4.685647275851627380e-02,-6.580528808471036717e-02,2.165420243033946979e-02
5.615964635031400927e-03,3.068902835985738015e-02,-3.046059550709171674e-03
-2.355260771692523764e-02,-1.798968776736265332e-02,2.783374679802594689e-02
-7.701704613438370428e-02,3.072530278453563732e-02,2.391451017572311655e-02
2.310574291377618869e-02,5.348452091566189420e-02,4.444789761280232981e-02
-8.486374464842908610e-03,8.379715093590101201e-04,3.015364435272909621e-02
3.717381976946055808e-03,-4.012978593500795416e-02,-4.223102610991144590e-02
3.471979545863071448e-02,2.810510803015136422e-02,-3.047534090437609491e-02
-1.453078134090607723e-02,-7.394366474323341154e-02,2.053557959638318414e-02
9.979940020192311009e-03,-3.782022067439550633e-02,3.611021661571565955e-02
-1.011911873028650544e-01,-2.226723391860723975e-02,-7.115163578926407550e-02
-4.072713673327765793e-02,5.286308882062810792e-03,-8.436024792112332624e-03
-7.199821653630786300e-02,4.198824654150529884e-02,3.391509952789808352e-02
-3.789727545778442258e-02,-1.128524510621434392e-02,-3.827015502721577839e-02
-3.921236805592778762e-02,1.229478102435645204e-02,-7.582026159072026428e-02
-4.263434569249840295e-02,1.158681588346221862e-02,-1.192581973187813171e-02
7.334498930462876598e-02,8.929844646685865250e-02,1.124761644943710927e-02
1.597334556466411398e-02,-5.168657801602019597e-02,3.701068778722549357e-02
3.715567089098514852e-02,4.053214394199338398e-03,3.693090853656699757e-02
9.062547953415345248e-02,-8.325267901307348284e-02,3.089466668083340126e-02
7.046417173948349433e-02,-3.769987790038496767e-02,-3.811200645688957167e-02
7.694132701941576447e-02,7.419789221872962262e-03,-5.250305114758555686e-02
3.909553642655053118e-02,4.866891834878271476e-03,2.446209202002271217e-03
8.526602771712653295e-02,-8.103709303771450267e-02,2.140979237336849625e-02
-1.070358745255278188e-01,4.441459321121533216e-02,1.492063673631579233e-02
4.119087170780763238e-03,-4.456350452160180026e-02,-7.110321056809648654e-02
1.861118294706943718e-02,9.676270814194004588e-03,1.301475487284041790e-02
5.827438817174362962e-02,-5.581817309167085017e-02,5.927833788791447844e-02
-2.724924248170574465e-02,-7.469813732641190397e-03,5.821668640287405022e-02
-2.170406891932603888e-02,1.173965232904551799e-02,-6.247272253243955215e-03
1.207431409408002976e-01,6.914876839985290014e-02,6.145154413858027603e-02
5.023201203285503069e-02,1.125201937913621053e-02,1.289808032929369401e-02
-5.724112397052062012e-02,-2.164401696548062456e-02,-1.225633606812659426e-03
3.865848145964751598e-02,1.464982052321672085e-02,2.327992510908772142e-02
1.108308174969634390e-03,5.432715096761335342e-03,1.060966974870794499e-02
-2.772109155114300255e-02,-2.879694510294570145e-02,4.037447843691015920e-03
-6.238964205811121239e-02,-2.070392473892282079e-03,3.785855109348036651e-02
1.344413983625765592e-02,-2.330611241630409919e-02,-3.631969932521227767e-02
-1.280334671479043101e-03,5.773354708328271717e-02,-5.314483528973176080e-02
-4.785486851242145602e-03,6.982183141213156585e-02,1.155825456689046904e-01
4.424828042098181285e-02,-2.137196480215501626e-02,1.090713431113128455e-02
-9.351244566894820198e-02,1.967526232158614205e-02,6.747351477903716123e-03
6.668184330628293410e-02,-6.416036302557835691e-02,5.896449251923369756e-04
-5.259459468278134681e-02,-7.124235189208619201e-02,2.493844796929812341e-02
8.892871631832081555e-03,-3.937318681190708769e-02,7.980876928325709996e-02
-3.299289670733378949e-02,3.596602593012643723e-03,-2.739910256326926960e-02
4.061116373675741076e-02,-3.821995677694248195e-02,8.462434757878099789e-02
-1.548247652535374337e-02,3.259450323833379404e-02,-5.879814294691416282e-02
-1.911249658677234217e-02,-4.868989835257309107e-02,-4.186572824006464140e-03
2.022942358440226254e-02,8.934587660463719216e-02,3.299231766977874999e-03
-5.705909004303488102e-02,2.274403125515637308e-02,5.107352721421638819e-02
2.023864632310517359e-02,-1.245533977400421245e-02,-4.339917767477891736e-02
3.526063400770649420e-02,3.337472591459295784e-02,8.042947787957659134e-02
-7.640533344775683744e-02,-1.716725210810479685e-02,-5.629298728811873292e-03
-2.755866361528030301e-02,-1.085367670163866621e-01,-2.923592680691770862e-02
-2.728223518778124038e-02,-4.124797413676042912e-02,-4.065175437816156284e-02
3.076960231725228354e-02,-6.179962486105478048e-02,-3.703450219641717805e-02
-1.300225104611013420e-02,-6.206070111244210707e-02,3.639062240609654275e-02
-4.295554315007306390e-02,-1.082653674030635213e-02,4.357102905795297992e-02
-4.671589983138940347e-03,5.927901256447052486e-02,3.301547664331281468e-02
3.673591481263717429e-02,4.388813846715260841e-02,-4.865091056491587657e-02
-1.611770322936631472e-02,3.603366996336286598e-02,-4.816434541687448882e-03
-1.850437270754386535e-02,1.135543052149374649e-01,-5.419443539232340207e-02
9.062306847428054646e-02,2.900344344110796987e-02,4.323488058121924271e-02
-2.218684194358013992e-02,5.541168765207284130e-02,4.423338861114347459e-02
-6.680114255939612056e-02,5.960845723103274513e-03,-2.383067783456576175e-02
-5.104470586541728222e-03,-8.347373871903958353e-02,-7.413987492362359788e-04
-3.382504678866157799e-02,6.781519862394935760e-02,-6.577552591381366498e-02
-1.045499168037271054e-01,6.716242889900932156e-02,1.301242538916520114e-02
-6.297274421497809152e-03,-8.215530287348070393e-02,-3.260248377951392718e-02
6.622021432943067665e-02,5.046300954387270693e-03,2.556194800706948836e-02
-5.030534296304426528e-02,2.126097690333904333e-02,1.431565214762519148e-02
8.112901469904765239e-02,5.696906823174670981e-02,-1.961370725553659641e-02
-7.557797423933351744e-02,-4.713775846026228150e-02,-1.113730107319107696e-02
5.713578630633430432e-03,-2.174450802114735043e-02,-4.288609420919442181e-03
1.663682392042652169e-02,-3.760896507315702325e-02,-4.717671993336645941e-02
-4.727834816130009263e-03,-8.780205009397626034e-03,1.600021127046528241e-02
1.046930554737243377e-02,-1.200827953256227917e-02,9.005701635677863283e-04
-2.817705895961811202e-02,-9.490164175830163515e-03,9.142409211940094593e-03
5.671324964868367652e-02,2.115723930462083680e-02,-8.447038458142674955e-02
-4.317009089017657952e-02,-5.613162204475075773e-02,-2.597081964947963242e-02
-4.787141463149037490e-02,1.309055297033050224e-03,4.108869642458680416e-02
-2.820174377734830512e-02,-3.335544991794180125e-02,-7.091256438040244303e-02
7.880677331914813510e-02,-3.531807001838432186e-02,-6.099038289258412043e-02
-2.945712914669415539e-02,-3.255787605783563854e-02,-2.597128350791123169e-02
-1.510950710240221116e-02,-5.384956066022875132e-02,-1.222432344798892248e-02
3.258625568854528476e-02,-4.301768117984768047e-02,-3.122506923306656544e-03
-6.545721182001431292e-03,5.440509659447706481e-02,1.978638962326396272e-02
-3.847428378393336762e-02,-1.450844676682038273e-02,1.023401440925146219e-02
9.992302017956444793e-02,-1.748912706156521835e-02,-3.759976846744857853e-02
-2.640186482378593935e-02,3.780573637625718464e-02,-4.734687222433948267e-02
-3.625446138143725155e-02,3.917070464505734845e-02,1.170427608918296570e-03
9.185431695270959707e-02,-2.868544936272418577e-02,-6.245718589330821052e-02
4.585110242116676414e-03,2.068145476381379536e-02,9.802588524306023177e-03
1.292716118551263775e-02,1.229047558774126617e-03,-2.423695363628579347e-02
9.770174720305791968e-03,-7.609210408784181090e-02,-4.613483634761824520e-02
-5.116595726595778854e-02,5.235132731011912094e-02,6.250260310091394940e-03
-3.885034307592431010e-03,3.887550555510421030e-02,-5.863120900172260480e-02
-2.838199584332727274e-02,-5.752750710476038296e-03,4.566511559744628607e-02
-4.220826666808678851e-02,7.161376262760051070e-02,-7.457692569705715036e-02
4.664893179511817034e-02,-5.374314573843354259e-02,-7.997769631122297884e-02
2.293710657785645850e-03,-3.364935212597765929e-02,5.296829239547664464e-02
3.077750124724493164e-02,3.976902467961488524e-02,3.391032340258227223e-02
-8.786136799685881696e-03,1.521349647659120743e-02,-2.013841678938440780e-02
-1.450071349338504824e-02,-3.015560926520457694e-02,-2.429331391912974147e-02
2.681656799290243337e-02,5.479595320038745804e-02,1.488292731788854774e-03
9.307345711799112908e-02,3.921626997094427441e-02,1.431043895574960270e-02
-1.636673159130013280e-02,-1.083798680768439417e-02,3.767168763234594875e-02
1.551200401638445220e-02,-4.088521072666331108e-02,-2.048865974252641817e-02
-4.755591482421460403e-02,-3.468189197714171418e-02,2.617716717888877651e-02
2.594601199796694666e-02,1.111678076627612560e-02,-8.314308229019516314e-03
-2.669691453831637713e-03,-4.294205341475223342e-02,7.056880319907943289e-02
1.683179906112744137e-02,-5.718848639292554298e-02,-1.001871368312004344e-02
3.961470685595588903e-02,-4.286228910435168488e-02,7.933210592796842864e-04
-7.573678061697299317e-04,-1.587328395861196950e-02,3.917098727725732560e-02
3.296509212430435987e-02,-2.224227774654677012e-02,-3.415798027327957009e-02
-6.876549116719829491e-02,-3.597880842479979357e-02,-3.345595471412392968e-02
3.357326596514277617e-02,6.868966354445187050e-02,-1.974577830967981854e-02
3.632249797235709288e-02,-4.984377458302940295e-02,5.905694770432437513e-02
-3.560251918157463641e-02,-6.715650078641229904e-03,3.428009707079282542e-02
4.805333141231677568e-02,2.314539498886626634e-02,-1.842007337733849240e-03
8.312171509564306583e-06,-2.188897560416300583e-02,6.304200712057435319e-02
4.463528471585456736e-02,7.201694183976213581e-02,-2.349708346108241377e-02
-4.150980204622667369e-02,-2.451484702772358318e-02,-2.873321440524602768e-02
-5.621295911302546383e-02,-8.933158536933463040e-03,3.459759278590841119e-02
-5.792975672544144194e-02,-4.789256597146609312e-02,-5.175829897467496693e-02
3.877438872509542112e-02,-7.074446584762607293e-02,4.889864929131065852e-02
-4.377340034141051495e-02,-6.574343116126959985e-02,-7.928872690854024685e-02
-4.338221766282385206e-02,-9.984978102699948455e-02,3.962796217510070051e-02
6.607062595068234623e-03,-1.086540341788315572e-01,-4.906278329880906647e-02
-1.310142088291870593e-02,4.670103099800294866e-02,-1.308221163531065982e-02
4.126351489654466603e-02,9.746093121289135797e-03,3.724681724748330619e-02
7.153049158878893414e-03,-2.705929190809731530e-02,-3.044659169444592639e-02
5.775913007269879718e-02,5.016071551910019494e-02,1.721443522795993927e-02
-6.784277170652796597e-03,-8.763900304023752863e-02,-6.462349255083254043e-03
4.983155197226189770e-03,-2.532697519202527225e-02,2.238779189094955435e-02
3.428057776987387256e-02,1.219717327712740475e-02,-2.555715057743693144e-03
-2.963622421846104447e-03,8.081067510288463332e-03,6.588715951577448979e-03
-3.188869854084656896e-02,1.874313190888445349e-02,1.664593122561346117e-02
-2.342587871833964538e-02,2.192495745129464588e-02,-6.127448433142793777e-02
-2.431626291519373845e-02,1.466032763572045622e-02,-5.209637387270260600e-02
-1.262381313397351046e-02,1.952334357950879021e-02,5.967793340444126765e-02
3.711086180053138617e-02,-5.522591955643491035e-02,1.229876780156631978e-03
2.585304822851580242e-04,3.477327323192724428e-03,-2.887741704020360678e-02
-3.626436608659500127e-02,-2.390849534188679848e-02,6.280588708477105250e-03
-2.902572437557256885e-02,3.813827902850038670e-02,-3.039886118820677233e-02
-1.808576969816284852e-02,4.178410409162802708e-02,2.224949882911934906e-02
-3.897705860170380676e-02,3.950424356948085275e-02,-5.061907339205932999e-02
-6.603521580015926651e-02,1.631720048292652561e-02,-4.041442316594890533e-02
2.711645622734972991e-02,6.448568867499875068e-02,-9.898830143808073911e-03
3.262662043202586848e-02,-3.811280183037391456e-03,-5.212696995140422146e-02
-6.271006315721434909e-02,5.102835949092913298e-02,6.036522762648646387e-03
6.814942103422527708e-02,4.650376291952494634e-02,-6.918654397364552844e-02
6.656124377443690954e-02,-8.046067691440077566e-03,3.633113761986611623e-02
-5.078463198297911846e-02,5.546257480617261884e-03,-4.946675034202085292e-02
5.408389114848433273e-03,-1.869058592999868484e-02,-2.536086026043093793e-03
-5.481691627644515868e-02,4.150029019885548287e-02,4.714014620363020380e-02
-7.231007288848146156e-03,8.816293672655241276e-02,-4.519488641318157585e-02
-3.157207550673835073e-02,5.634215840865533162e-03,-3.921831420335497587e-02
-7.093437256006607239e-02,-2.293906552996194392e-02,3.483130771654541127e-03
1.968568328237857781e-02,-6.878690239444933130e-02,-4.419626931515646673e-02
-1.519870544625948582e-02,-2.526747880501195934e-02,-3.428844213956869225e-02
2.717008673964515023e-02,-3.945389879256829685e-02,-2.708364525356667801e-02
2.021718471473604988e-03,2.854487481433347698e-02,4.733515105598839340e-02
4.112086779534790057e-03,8.437897338781701062e-02,2.319772300072638418e-02
-1.784261610938341763e-02,1.965726114242902570e-02,2.519388525372813492e-02
-1.941005777472789781e-02,-2.857904772301849902e-02,-8.826764812785144274e-04
-3.705352761683019386e-02,4.794349823928936195e-03,1.476365837744477404e-02
4.899076709026010251e-02,9.030302785140465263e-03,-6.718504823894058675e-02
-1.872795012492445288e-02,-1.007479404947671763e-02,4.623666221512597735e-02
1.811318673714990002e-02,-7.623556794361047162e-02,-1.798983109819967535e-02
2.139299843820836877e-02,7.165531688971763478e-03,-1.249420018025060655e-02
-7.559252427944194996e-02,-4.070135440322970692e-03,1.731219927929818908e-02
3.010950878344598181e-02,1.147526315054258825e-02,-3.352702191665072468e-02
3.707503422935497922e-02,-8.989189567664758809e-03,8.965543395353129871e-03
-8.471698070480387921e-02,2.157760164081561072e-02,-4.775706912609373883e-02
7.662316172354273827e-03,-1.325285322038669694e-02,2.742838970108010463e-02
2.953733622034036138e-02,-5.514514309673494707e-02,7.982288994438972718e-03
-1.449983394711810286e-02,2.882973791218371683e-03,-3.323678614657663011e-02
6.946538168725504420e-04,3.307729192343156904e-02,1.594112803992494068e-02
9.082912822106602169e-02,2.709793887922069908e-03,-1.594718234161206227e-02
4.917167280139458224e-02,-8.043390426813394611e-03,-2.450019100767727998e-02
1.947279256130252101e-02,1.262513693146680507e-02,-7.742030042820090274e-02
-1.641972220777969046e-02,-4.988522234199645189e-02,-3.353370031216868982e-03
-2.426055339657517615e-02,-1.700343465019528411e-04,7.880534573734438233e-03
1.218274480380928011e-02,3.889029262212593402e-02,4.025661035073183763e-02
-1.626055181280469317e-02,-2.506000300493267316e-02,-7.783480312709216420e-02
-1.366203386023427929e-03,-8.703615743798449531e-03,1.643945357117498549e-02
5.545065112537345131e-02,-3.906973479973557123e-02,-9.950883865138863103e-04
-2.306232296565415008e-02,4.469395977809791608e-03,3.835275319232237662e-02
-5.050332336857856104e-03,-3.820602933671614181e-03,1.135038938863098673e-01
1.312313299989283089e-02,-4.640669282879910512e-02,-1.742688785056722284e-02
2.847435119013904878e-02,1.391939451083050103e-02,2.407247096234081327e-02
1.449830128393482867e-02,1.288081982364157330e-02,1.929823429220237085e-02
2.054276895934133151e-02,4.584785685563454172e-02,-6.084266497913279337e-02
-1.008609203452199253e-03,3.052590401768523389e-03,-5.501845392451518331e-03
1.027424089784896716e-01,3.277021765458654982e-03,-7.158480503629147985e-03
8.632186601382776936e-03,-9.038810533996777252e-02,1.158115669102112964e-02
-1.545383349122786583e-02,6.027867353164553105e-02,3.878180229380735061e-02
-2.534293001177571544e-02,1.799408131735881489e-02,1.673208170627637483e-03
-1.945674626447915778e-02,4.908141865313148805e-02,-5.048048909509580268e-02
1.556617385774910003e-02,-3.319237100252784428e-02,2.654587072447397653e-02
1.413546783578633996e-02,-8.172466751918643427e-03,5.055336969407576292e-02
-3.484119493643597631e-02,2.723824275682075469e-02,-2.973047559198811318e-03
2.357982261303214963e-02,-4.523841589062267687e-02,-3.037840235329378191e-02
-8.142148362717991153e-03,-2.337554916337372321e-02,1.165764778741571611e-02
4.872543654186805434e-03,3.285923688869469422e-02,-6.722127817298188812e-02
-5.619862720316451399e-02,3.719430105975251449e-02,-4.410552431982343868e-03
2.009363492855329933e-02,6.588844741005914218e-02,-1.752635656564144329e-02
-1.710686863268378807e-02,1.631087279039023299e-02,3.782270861159183623e-02
2.441597501970605225e-02,-2.619857775462075804e-03,-4.891049475353932002e-02
3.758124846021614757e-02,1.883792339050588752e-02,-2.536547571948407145e-03
-1.817106875682217640e-02,7.751147329100860177e-03,4.087038799513850393e-03
-9.774616014833709121e-02,-1.316708712979797191e-02,2.122602427468510758e-02
5.675216831437637083e-02,-2.491986502207805751e-02,4.024031608435744978e-02
5.644819112269772177e-02,1.835913748130480957e-02,2.363498413503372503e-02
4.289758873302153969e-03,-9.845213192945652392e-02,1.488034612653795288e-02
-1.088563530209826075e-02,-7.900448940965981715e-02,-2.382580345211309306e-02
2.076084043921901795e-02,4.188737730317419750e-02,8.522664704044095874e-02
4.878017882660356380e-02,-2.038900487168248538e-02,-7.172613408036159106e-03
7.740681696040294102e-02,3.750914669693898584e-02,-1.406116911638090328e-02
4.868253456214566982e-02,-3.770206988319197566e-02,3.124347661589641986e-02
2.882615515689425367e-02,4.627101053879998337e-04,4.496188751309256049e-02
1.267868672365582948e-02,-3.702341553558521989e-03,-3.438767643118477435e-02
2.211143424198816487e-02,7.149565768608162619e-02,-3.230042353893375351e-02
1.004566301783619241e-02,2.466360672964555689e-02,-5.176656241594902036e-02
6.776855619838694292e-03,2.528090136926277806e-02,-1.204984765268514446e-01
5.278874398162986675e-02,-2.231302497074970359e-02,4.028420173757225192e-02
3.850060285629312851e-02,1.111153613213182109e-02,-1.656178331388036967e-02
-9.295909989365083725e-02,2.705298206668600713e-02,6.703021537952781606e-02
-2.689020998690402203e-02,-2.097436339544617168e-02,2.893659854028846068e-02
1.537932626283167181e-02,3.158160655875728168e-02,5.228001666872420655e-02
3.778578019905633016e-03,-5.322105600804779776e-03,4.091038498140749102e-02
3.953166011477972364e-02,-5.780631016390180843e-02,-8.399850566601559099e-02
1.074390631988842160e-01,-1.848395604977327855e-02,8.872051020329890791e-02
6.213258949617950395e-03,8.136014564642926605e-02,-8.070147250578727860e-04
1.699298411381829424e-02,2.822355775338611372e-02,-1.697334421148842878e-02
-2.149278751521923464e-02,2.592361254493152564e-02,1.988812029727953651e-02
9.181385522139166866e-02,-5.678568439887517888e-02,-7.172713962775492669e-02
1.325766884122112250e-02,-3.367388055167608307e-02,8.702412297685256648e-02
1.497756250560167840e-02,3.523720484175642265e-02,1.129877275086946069e-02
3.592069062321743417e-02,4.403515217381431118e-02,-3.101899513255657048e-02
-2.580932424829246799e-02,3.617696683707857797e-02,-4.037722784668276721e-02
-1.949502305214267234e-02,-3.110359247735687473e-03,-3.376875011083775580e-02
-6.104744721540931660e-03,-5.775188050622451219e-02,-1.588095644968082198e-02
-1.195185338700707062e-02,2.081250130400368048e-02,-2.827770733080385568e-02
-3.914937434342125044e-02,-1.375977938328490358e-02,1.868620235292859158e-02
1.194567207789448086e-03,-3.116725414498030047e-02,5.142072251819530815e-02
1.384906984072120477e-02,4.025549835549262212e-02,2.546707164074631102e-02
1.340869789990907848e-02,2.587676566979655104e-02,-6.392504127025559757e-02
1.722971577608308283e-02,3.769118873247657986e-02,-4.370216096123142463e-02
2.623302776585564877e-02,6.298522142208271002e-02,2.583596527826694314e-03
1.872361284860410424e-02,-3.213156079875116502e-03,5.364133318165506537e-02
-3.487169054583013489e-02,7.737870274453147179e-02,2.903907094222927740e-02
-3.901667392891084579e-02,-3.100619096070535846e-03,-6.583821768057161739e-02
1.177444545144333381e-02,-5.939772889566669739e-02,-4.346552290402532631e-02
-1.983137040112944657e-02,8.119638384465195646e-02,3.829999034766076726e-02
3.601618308813625546e-02,7.321450788812926269e-02,2.144932549345266760e-03
-6.262969355439640395e-02,-5.492922402820845512e-02,-5.240437203885334530e-03
3.211225417002126076e-02,3.062135684887198287e-03,-7.830773577417109166e-02
-1.642818356250117309e-02,1.311590512159598217e-02,6.623261281587056702e-03
-2.668429603413612766e-02,7.258476767199342761e-02,-6.117388681753568175e-02
-1.588797528786782239e-03,2.284521438734166132e-02,8.381654315083012299e-03
-2.210523385538604862e-02,-2.982160742886905830e-02,-3.039957876852001500e-02
-7.552539428926139872e-03,1.416182447737120847e-02,-5.345494057748493427e-02
-4.053299403352489394e-02,4.195533957412197340e-02,-4.044930249115451758e-03
-7.300179053890857445e-03,-5.584751624794678099e-02,-2.826028192630334474e-02
-5.654296180178652181e-02,-5.868766059571949023e-03,-8.866535651611241742e-02
-3.916351458868449521e-03,-3.381237532950327057e-02,1.603232727473239425e-03
-7.988227289414273624e-02,6.922029276522237429e-02,-7.455877973046030893e-02
4.702108587931834449e-02,-3.864825854335144500e-02,2.316061205597048575e-02
-3.000491441553691449e-02,-1.066359726036900796e-01,-3.437154030846449604e-02
-7.618937199502380866e-03,7.223759793462025680e-02,6.786463052083516190e-02
3.667614737586425561e-02,-7.061842191534582758e-02,1.221662239891471366e-02
6.359339117484305581e-03,-4.184673509056355267e-02,3.145065357948176321e-02
-3.779864555743436133e-02,7.022852253171320280e-02,3.074441569709042334e-03
3.412943698479021376e-02,-7.975090228357711863e-03,6.415328102794229381e-02
-3.641609400865068041e-02,2.355301640349166670e-02,-3.554447792856807627e-03
-8.945426577214322938e-02,-5.734126810605115476e-02,1.011898484771696534e-02
6.422188714456110448e-02,-9.540821893030553696e-03,1.688108617573640460e-02
2.419891914482581036e-02,-1.724348482006360372e-02,1.102070526679265611e-02
3.361960670978033500e-02,4.426281316477654465e-02,-2.906968477200970805e-03
3.051857559969645486e-02,2.925891494932266260e-02,-2.649992226602887468e-02
3.440557039739897127e-02,-2.752753581206319328e-02,1.022075800657719271e-03
3.969371266900463546e-02,3.684078171318071193e-02,-1.764697938923155338e-02
-8.151075606398483497e-02,1.807666332596639946e-02,2.623397288069691247e-02
-3.024256179717078191e-02,-3.214298811452785589e-03,3.296245448541952616e-02
-5.795137086284513073e-03,9.037978214959867251e-02,2.261313370751394727e-02
-2.300008309621657393e-02,1.742114967818573015e-03,-1.852086937407279241e-02
7.592648529312050198e-02,-4.926467306730923645e-02,4.973313927657224687e-02
4.656870779188523185e-02,-4.583498967667447299e-02,2.016755283997789978e-03
5.593305548018696199e-02,4.677234503760256679e-02,-1.033993706418785512e-02
7.898900309954340337e-03,4.126466547491317721e-02,2.772723990235997915e-02
3.389051193517812061e-02,8.857436740403121234e-02,1.724627412853346059e-02
4.505063845304458497e-02,-1.665196392451390910e-03,-6.966338855650698603e-02
2.380594246880552226e-02,3.899947957452035152e-02,-6.691531541315823284e-02
3.043767126345122212e-02,-4.400379607673778060e-02,-1.000189230878328617e-01
-5.752086745252784489e-02,4.487838992615123847e-03,-6.739570417172635608e-02
6.904557317538111139e-02,1.704769341271549291e-02,-2.494383197882685255e-02
-2.271287891857303939e-02,-3.900825201990274632e-02,-7.292269532011201594e-02
4.578516308506865029e-02,2.336323836464212350e-02,-8.385270920169177189e-03
4.679324818239789102e-02,-9.979207348794441601e-02,1.790165227260019296e-02
1.185787392257263081e-02,-4.140704609719898094e-02,-7.289533883405897863e-02
1.396676894754508153e-02,-4.192152542786398151e-02,5.672704316201734182e-02
2.993812717402415113e-02,-4.226021166810155910e-02,2.204286124737265748e-02
9.388825901047470612e-02,4.169441727120431346e-02,4.015107496302531415e-02
4.916103300232205209e-03,-5.941815793208163332e-02,-7.360536284800904550e-02
-3.870219572312034312e-02,-1.768689633717150959e-03,-2.196523043800839570e-02
-6.871508438981655843e-03,8.109812012320940372e-04,-4.287554261110937404e-02
1.777319372424919844e-02,-9.024695912434388401e-02,1.606051456353090393e-02
6.453011531627537989e-02,3.687315858689074310e-03,-9.304963367039821576e-02
-2.739429560203230155e-02,1.666326979085964999e-02,4.707450849870489784e-02
-4.772711817224434966e-02,2.949778248706958969e-02,-8.994927658087202571e-03
-1.583973358317719267e-03,3.805709482439027097e-02,-2.951877661445244730e-02
-7.958583033507157095e-03,2.520434823534358632e-02,-3.024710904506594175e-02
-4.863099268967678579e-02,1.347004711416206237e-02,-4.896526143694185026e-03
-1.988919359342003479e-02,3.110048845483358304e-02,-1.605032808477539763e-02
1.054604226693003736e-02,-5.283339705947245196e-02,-3.473587661587932557e-02
-1.090530309379725629e-02,2.569657282067836987e-02,2.589628453252578247e-02
-2.071561721868124539e-02,-2.509715017309129340e-02,7.162989418824937393e-02
3.057763372470358523e-02,2.822665210711026995e-02,-4.062751727888638115e-02
3.974649243381037089e-02,1.146941896531446931e-02,-3.372121843818881581e-02
-1.629125984030682650e-02,1.235875293587257971e-02,5.695706035997351833e-03
-2.020646960065186973e-02,-6.281038229267346673e-02,9.580546807576901950e-04
1.897057464615885952e-02,-2.611598243649558906e-02,-1.674063341618393236e-02
4.333997681949160186e-02,3.506942251441870495e-02,5.173852892526557140e-02
-3.155086672456642455e-02,-4.575533214704848028e-02,-3.232729813778032618e-02
-6.397369607935420033e-02,2.108182643396176378e-02,-1.126756670764816372e-02
2.955151229722736625e-02,4.280679061260729557e-02,3.156421155218500779e-02
-4.425329296892512726e-02,-4.838384212416571573e-02,-5.907456762370724701e-02
3.606869110508527376e-02,-7.721171205362731271e-02,3.374199390103852642e-02
5.937035789095784083e-02,-4.801610247988724600e-03,1.274914298687981028e-02
5.809338689708627018e-02,-1.172051550377974788e-02,2.856866982360386012e-02
-1.315308673769096867e-02,5.036763874930812179e-02,-6.903525184308183238e-02
-2.546328943030252631e-02,6.257357827200051145e-04,9.248325264941006582e-03
-7.317189496265305571e-02,2.217454198699004078e-02,-2.310315124168652035e-02
-4.014943098738966987e-02,-3.155080997447909374e-02,4.488776084040650011e-02
1.027669070427384562e-01,3.498191577361999677e-02,5.181974319017068620e-02
-4.844843924409002189e-02,3.740777905048509738e-02,-9.271556892619443879e-03
4.963988878050554221e-02,-1.833331336792422619e-02,-2.084458609896627443e-02
5.555395885733759725e-02,3.156700987946427922e-02,-7.513661702478341593e-03
2.251116858301054850e-03,-3.546309379437254106e-02,1.385157806043984738e-02
-1.009055291005385262e-02,7.691834197604610450e-03,9.423476267685868338e-03
-3.925854561836056300e-02,1.076937219036937926e-02,-1.463656782973664187e-02
-6.988209575799023696e-04,-8.227884996474222126e-03,5.559453055226867835e-02
-2.907688721270125162e-02,2.821617205257290206e-02,5.078921853311164913e-03
-1.053747313480906875e-02,-1.390869222469485675e-02,5.765699305028583466e-02
6.851970396939771613e-02,-2.624175266700131542e-02,1.732664526755824802e-02
9.465311915190963502e-03,-5.265028059538148786e-02,2.064996980918083411e-02
-2.480537416655053187e-02,-3.475581919692372068e-02,4.321231671048057776e-02
7.728930621550998692e-02,3.614781053616395595e-02,-4.748544544114114557e-02
-1.670221859600478200e-03,-3.576711411932650964e-02,-5.821995127403233039e-05
1.339620101771497006e-02,-2.353330660128357885e-02,2.275598561171908799e-02
-2.102586885496411997e-02,8.123640200804223277e-02,-3.588352528731455354e-02
2.466599187043326535e-02,-1.678166772664461959e-02,-5.676978391725358807e-03
-2.320416733576093765e-02,-3.802349098958626022e-02,1.921165375450709784e-02
2.427920864517127669e-03,-6.443535350891183011e-02,-2.759837180855361297e-02
2.223435771312751857e-02,-2.691732886469171485e-02,8.030984645869176930e-02
-2.519234424731631519e-02,3.701213243383286861e-02,-3.861737938130552911e-02
2.416076557435643118e-02,1.052007264343336052e-01,-4.314780095258026124e-03
-4.641784546236308456e-02,6.348035320051299835e-02,1.883443530054277476e-02
2.228283715041986732e-02,-1.294026169849753216e-02,4.638657673691567312e-02
-8.963487954427491050e-03,2.049695712036088760e-02,-6.695141981934864261e-02
-1.499359833090055383e-02,-2.413021098860879013e-04,5.058715929618293888e-02
2.518575993772069130e-02,5.609412007028265201e-02,2.117850694096350475e-02
4.680328974930583752e-02,1.972153920438024163e-02,-4.212722291848099154e-02
-6.750480073042908202e-02,8.335730212912059733e-02,-3.667005061340473937e-02
-4.435183831581094444e-02,-3.954794086955120552e-02,3.317263691127078640e-02
-3.247348864850864436e-02,1.392827935165806032e-02,-3.871284712775201198e-02
-9.598121856134511631e-03,1.188381330360678556e-01,-4.492393333992904247e-02
5.245410213508490405e-02,1.556048968018818902e-02,4.934980142033636163e-02
-2.937456820263802375e-04,6.760371098245426813e-02,-3.317882182796686591e-02
2.084705183509337131e-02,2.012316880948717551e-02,1.314854253343988692e-02
-2.289808502333551439e-03,-6.184698878603585998e-02,8.854446155403726537e-03
-4.152719510199789910e-02,2.703899387907144833e-02,-2.594803971017585909e-03
-2.141209216029368520e-02,-2.977346768392504991e-02,1.908645338139471070e-02
-4.200816267968916079e-02,-3.801465686047116738e-02,4.774748284419441657e-02
1.277046426768122314e-02,-5.434023998158809578e-03,-2.399438340032370928e-02
-1.153351039121506064e-02,-2.722716784032207238e-02,5.459485527236279841e-03
-4.434005456915988963e-03,4.224651077098429131e-02,4.256565170385161190e-02
3.724148680441500170e-04,6.756649470603287577e-02,-5.761058771325841630e-04
8.119985071917251371e-03,1.016338118577524569e-01,2.777487250885117553e-02
-1.573959993431810894e-02,-3.478519274181656601e-02,3.395872073493773347e-02
4.091679328760372547e-02,1.124142026365911907e-02,-3.765348037786690749e-02
-2.179269368861288386e-02,-2.740013169199214532e-02,-4.302373644734196201e-02
-3.255648754839986919e-02,-1.975598591760567568e-02,2.121570435234659477e-02
2.351757955664568814e-02,-2.378992992984391500e-02,1.563901682436404095e-02
1.920140680288527635e-02,-2.021504842759956361e-03,3.305457624456416841e-04
3.940481626942120980e-02,2.046230459797533999e-02,-1.620660722722290156e-02
1.156823652909592893e-03,-5.323327120324546774e-02,3.564762191173408146e-02
-1.302227590352297501e-02,2.730887057859092415e-02,5.780344499032066818e-02
3.314073239573761542e-02,-8.388113502300146782e-03,-2.553816917620622962e-02
-1.967836602920347479e-03,-7.715594756179930402e-03,-1.293825780249270307e-01
-3.960970595680595591e-02,-3.519094515784049887e-02,5.899196949770040693e-02
-4.063006852699376642e-02,-1.839598217250788814e-02,-3.835527312965981983e-02
-6.836130188763897900e-03,1.973886685153933632e-02,-3.575970725746051987e-02
-3.185632005327673072e-02,-6.847844639156201729e-02,3.954001296080540684e-02
4.821472408274963574e-03,2.211902149107592211e-02,-7.695019292114806120e-02
3.544073410695418314e-02,-8.883645335796003109e-04,2.183884914846962594e-02
1.297672602726551890e-02,-2.121303537804005573e-02,3.856028207781126999e-03
1.034323615306261164e-02,6.786308865679606395e-02,-3.646259708122847470e-02
6.259804184805148330e-02,2.571792054571103367e-02,-1.525402762858552377e-02
2.420642650360304779e-02,-4.620206050029527362e-02,1.013069537213621626e-02
-3.105150007742223800e-02,2.124373036230705475e-02,7.926583061472413164e-03
4.504046985499390171e-02,3.612931266183397327e-02,-4.361416353290480108e-02
5.008873524378448100e-02,3.235064539331147099e-02,-6.557642085918656549e-02
4.014216728983847383e-03,6.620180521028970477e-02,-2.288471059231262858e-02
-2.386186650115817987e-02,-1.136992265676859196e-02,8.010715255614493657e-02
-4.389434841611188076e-02,2.851902773064029367e-02,-3.806022170352851147e-02
-3.411215049950550027e-02,-5.914049901594745084e-02,-7.844623450197506231e-02
-1.677105856753687008e-02,-1.994660661801048868e-02,-3.673575787793386532e-02
-1.635823199438954725e-02,1.388852470114848234e-02,7.492625930731423856e-02
-3.905621260263561489e-02,-2.945571516541074103e-02,-2.693712945493099628e-02
7.124401731283218353e-02,-2.932649918318573981e-02,-4.064146429332048810e-02
2.764656188291007843e-02,-2.434329380215038627e-02,5.493815450155335040e-02
1.314574126250748348e-03,-1.004157103901436171e-01,1.268689444937789318e-02
-1.377048593530915245e-03,4.300157274447947292e-02,6.771879992148763239e-02
9.719045993476164991e-02,-2.409076749288207447e-02,-2.675002595978234862e-04
5.016513780469447625e-02,4.002979375909349741e-02,2.345878991600169189e-02
-2.334233974097588843e-03,-2.949088626493060264e-02,1.665042446940738843e-02
3.353901389461600574e-02,-3.977355847065397465e-02,-2.288511947829665813e-02
3.653275174962220678e-02,7.596413180766350449e-03,5.180377527705885138e-02
5.015809260527863411e-02,9.014970778709976984e-02,1.232442228066069328e-04
-7.224529171879427725e-02,-2.514591220869061370e-03,4.807133457248245062e-02
4.401341646484593917e-02,-2.721482473258407878e-02,2.238713905696538414e-03
-1.574053326822304200e-02,-4.257972527984581201e-02,-6.788316865992171170e-03
1.635943914343620381e-02,2.864077510421206632e-02,-1.066303996912359477e-02
-3.784353795527969216e-02,1.269735734804834301e-02,1.718388745922446587e-02
-5.104358229647460582e-02,8.102390572903954424e-03,6.862147704116530744e-02
3.620031223772947337e-02,-1.759525262511481974e-02,3.084265276630255431e-02
-5.945614945680449855e-03,6.517731460721343240e-02,1.584903738163189260e-02
3.046091163066480187e-02,9.863574468512711219e-03,-1.838143244139098589e-02
-6.255983138067681970e-03,-4.906165531664985480e-02,-2.126361211443704782e-02
-5.218516606941771968e-02,4.723466581020536320e-02,1.331033593250345246e-02
-3.978098121743806059e-02,1.380217872452255481e-02,2.434313302334587328e-02
-5.305586878664021039e-02,1.555271455763743496e-02,5.466115088004096928e-02
4.404094528997438973e-02,-5.748378624237503176e-02,3.018692111187978519e-02
3.163102819418878164e-02,4.338167479417683742e-02,-4.254084093544065713e-03
8.789950689048384169e-02,4.930851224540455657e-02,-2.325232457728617155e-02
2.281912245716036236e-02,-7.827908886585988393e-03,-5.084417793634372906e-02
6.410320844454631128e-02,-5.637267029557838441e-03,-1.397048189017306881e-02
-2.852504133639526332e-02,-3.279215698028106057e-02,-1.529373235212148734e-02
-4.843483444917369429e-02,2.255665619320579643e-02,2.070946813322831898e-02
4.531858819931775667e-02,-6.107561379876874164e-04,5.168651382276612943e-02
4.757887227201487712e-02,2.767697617065348684e-02,1.568926411516077812e-02
6.648304567211117677e-02,3.297917047611681474e-02,2.259666140591107264e-02
-8.140341998264186141e-02,5.146224381152179894e-02,4.208919862649781324e-02
1.831349625839965786e-02,3.443628763091487188e-02,-3.257353373923718015e-02
-1.604205249381589551e-02,5.226781095405223223e-04,4.443496588722541801e-02
1.630112984051666075e-02,-2.389111601915840100e-02,-3.552264263518613036e-03
-3.693813554564018276e-02,-3.151943758320353839e-02,8.923440329745402355e-02
8.592848820575331795e-03,1.460430193026749333e-02,-7.278450376288582435e-03
4.074251666049496894e-03,-2.917054132901767544e-02,-1.447733404301662988e-02
6.312939778637678689e-02,-3.926751565753972689e-02,-6.607062233860776235e-02
5.196466939570219823e-02,2.184955280500660429e-02,6.055628463473466949e-02
6.420852666319322097e-03,-1.939254777009912639e-02,2.874602224161547717e-02
1.050852249139034612e-02,-9.676030104011569544e-02,-7.350213705449401558e-02
-4.655895846888144507e-02,1.493224613864176792e-02,1.993492649472108566e-02
3.390072936302106904e-02,4.887884962899238100e-03,-2.887173385360925632e-02
-7.280903057882440188e-02,-4.780389225886247546e-03,-2.396179593857378221e-02
-5.403393323261115877e-02,-3.433736059269344026e-02,2.087356118976458307e-03
-9.121664525163863599e-03,-1.374536265443236475e-02,-2.246241868919749210e-02
3.077709156992086692e-02,-1.791006694216069547e-02,-6.016400137960963707e-02
-5.292106245859165038e-03,-4.036938290717388689e-02,3.863929530618040453e-02
-4.779679679872551878e-02,1.277376171811002957e-02,-1.863016769941806469e-02
-2.130785522504751242e-02,-5.797643068644291187e-02,-3.448069678183775244e-02
-4.998634903770683702e-02,-2.121155130641850031e-02,-2.852913331707645356e-02
6.192901412334845743e-03,-4.013113359027432880e-02,-5.160461463539447319e-02
5.918089011514991032e-02,-2.905131503356086359e-02,5.217675302816657257e-02
2.389820664091801480e-02,-6.131154816983141326e-02,5.933590275311254048e-02
5.691465313179046651e-03,-4.345373955866884547e-02,-2.243981599815289205e-02
-7.259273039643610037e-02,2.593311478766132175e-02,-1.919609801752170455e-02
8.649886038331796798e-03,-5.795730878917661894e-02,-7.119238630578524074e-02
-1.031236778741027177e-02,2.588503850427751468e-03,-4.193183513884717745e-02
-1.126069340781683803e-02,-3.165333565424829909e-02,-8.312668404919709708e-02
-4.202219213822861420e-03,4.068759343922321442e-02,8.550846415300728670e-03
2.199213422911084400e-03,2.711675808900544833e-03,-9.417581112684638919e-03
2.587129251528783383e-02,-1.237463349585242282e-02,2.554466184315671781e-02
1.830582539499163788e-02,3.617850478680875725e-02,1.341568720768568021e-02
6.121213839684534926e-03,-3.243910347244843839e-02,3.985532923268456096e-02
-1.420387771602297719e-02,5.683323011735762209e-02,-5.081975837060125935e-03
-2.154441394649515146e-02,2.434395383758240078e-02,-3.466997152627421253e-02
6.611380686065955470e-02,5.391537513249163027e-02,-1.440986927440822234e-02
-1.792115015550912668e-02,-8.101006169221190885e-04,4.503332428681232347e-02
9.268223104707340801e-03,-3.705643061623395407e-02,7.705123569514922555e-02
-1.837694329316932190e-02,-2.566754679271074369e-02,4.498097706609774545e-03
-2.870431784341015424e-02,1.183486120802616781e-02,1.778395839099620665e-02
2.654414507344953281e-02,1.072541506329629385e-02,-2.276427526326029946e-02
3.051993475902322825e-02,3.622376031409198227e-02,-3.588326562090166788e-02
-1.219917613555232929e-03,-7.833862149870012698e-03,-1.441960247669962433e-02
2.911859703552689346e-03,4.792464431381198570e-02,-2.627564335440633198e-02
8.875715001076987798e-02,-3.193399073223073675e-02,-5.970024979671334497e-03
1.168835248684896438e-01,6.230248804184106322e-03,3.017387586356479190e-02
-2.308608263460168800e-02,4.568046935519565893e-02,1.907590138981551248e-02
-3.284825610038120958e-02,3.982059464678450872e-02,-1.615089736423192283e-03
1.045034824922485813e-03,4.021369219732105066e-02,-3.831572733615214860e-02
4.033922744924828968e-02,-2.747304735661049505e-02,5.731536348275751563e-02
5.752955010464527036e-02,-1.853052982195325590e-02,7.655315771150775390e-03
-7.051550923089528605e-03,-5.597371385122510562e-02,-6.310125158797320541e-03
1.487020028899781014e-02,1.159542359215452387e-02,-4.294695291587696806e-02
1.171146324393129712e-02,-1.269121216785376420e-02,-5.912295851764396565e-02
4.016159350287516749e-02,-1.339702624832130561e-02,-3.654700380176332131e-03
-7.446277679215386469e-03,3.818890121741902455e-02,1.090441975202067169e-02
-1.404887805947908908e-02,-4.887878152931383197e-02,2.033890077872445301e-02
2.923304610283939883e-02,-4.745483103380552375e-02,-4.849516463606105138e-02
5.118087999013176681e-02,6.466014905261044908e-03,3.718507005660896120e-02
-2.474119182392226640e-02,1.606260631835914124e-02,6.389975533253527962e-02
-1.077531779417909702e-02,6.548873155258042034e-02,-4.994343111771280819e-02
1.100711036860508273e-02,-1.970225157830096663e-02,-5.563359747050632131e-02
1.236963872118412508e-02,2.382420890223370738e-02,2.807483681851301663e-02
-3.367355843187321701e-02,-9.978118874582088405e-04,6.503270192342811007e-02
-2.655144510023950064e-02,1.716190402973498050e-02,-2.103818179118314632e-02
-2.566944299038808122e-02,8.046632138929378161e-03,3.667341742524260484e-02
9.690643314787865349e-04,-3.583358438053257933e-02,3.006673408702555811e-02
-1.690951609417045906e-02,9.701066359462479083e-02,-5.356532541852604412e-02
-2.829678145081062149e-02,-3.842593889621678804e-02,5.492334616181297757e-02
-8.207426644032391957e-03,1.665665979052253359e-02,9.693709645761418303e-03
-4.344581961171335369e-03,1.575175638161815245e-02,-1.266766694306101053e-02
-6.337797488628392484e-02,-3.020102973140678312e-02,-1.909378928737122394e-02
1.004654730396227214e-01,-9.871550727864296382e-03,4.902588455160842434e-03
6.792453686436511744e-04,4.826798934596391449e-02,-2.749040192866081603e-02
3.166364938553754838e-02,-2.090941111687660489e-02,-6.593625224888043090e-02
-8.726021584703463896e-02,-3.256399707609052702e-02,-1.360801528076899941e-02
-3.884801999432505037e-02,-4.347557352373272732e-02,-7.075948634180120878e-02
-1.543988009560775913e-02,-7.578147773271958973e-03,-1.986469661696934827e-02
-1.080145279836794946e-02,5.786462143423193490e-03,1.161952930359366580e-02
-2.670370861170854454e-02,4.433265277649035135e-02,3.507922621517920586e-02
3.170460454915355331e-02,1.307375749299726159e-03,4.895342494592620775e-02
2.374393844396426034e-02,4.459796821690458629e-02,6.495757759421599831e-02
-4.690770322872548498e-02,2.818510414511607096e-02,-1.202017023897008347e-02
1.400090481079673856e-02,-1.355196473353380802e-02,2.844203786153129410e-02
4.251291222508922496e-02,2.584193761058552197e-02,-1.464543646062637858e-02
9.290466627107883679e-03,-5.285074655653017317e-02,-5.821533555970876544e-02
-1.323796912814292383e-02,-6.417639059298488151e-03,3.083918539436299872e-02
-2.028838004184083804e-02,3.432692045648073897e-02,-7.755803475207713460e-02
-5.790456060483288592e-02,-6.873901642599561379e-02,8.677512709707320762e-03
4.277693097013232464e-03,-2.891788453515267698e-02,-1.086323172748823902e-02
9.963628730289730145e-03,1.162679092382196133e-02,5.061689105337788958e-02
1.708589287523553865e-02,2.250006246465179049e-02,-2.642166246397638016e-02
-7.277273567837539911e-03,-3.608547414599955205e-02,1.365633049122664047e-02
2.415475046799789305e-02,-3.521599597038197610e-02,4.101187896809394690e-02
7.814625888711362878e-02,3.396219294577348946e-02,4.372892259484249117e-02
-3.873102795647130614e-02,5.313912407834709556e-02,-6.536821142046477830e-03
1.465472856590717236e-02,-1.120189365848362623e-02,7.056235049933626269e-02
6.586856002538742094e-02,8.580843748483210631e-03,-1.682812727012333170e-02
4.470142458362341698e-02,-3.521671291636235129e-02,-1.047225125684240338e-02
-5.553634625889129761e-02,-3.837666520480263743e-02,-3.460331873168734362e-02
-2.217372183952581732e-02,9.865068528941675630e-02,-8.297174517904857063e-03
-1.035398452680902359e-02,-2.404172394545525671e-02,-5.586154215135274298e-02
1.020020191722661833e-02,5.068014775834161351e-02,3.813963469200370993e-02
1.833904046382846612e-02,-1.976047443453921026e-02,-2.199370186404649499e-03
-4.526827923640739521e-02,-5.342017435930351832e-02,9.272107114386387433e-03
6.730264169452678143e-03,-2.109899270717381300e-02,5.281659660377427401e-02
1.044981947906322567e-01,9.113495240097385652e-02,3.164862756215154616e-02
-5.693936389088498362e-02,9.621295871216729162e-03,8.652430505979438052e-03
1.162318073419750172e-03,-5.269917209467085695e-02,-2.194623963985338835e-02
7.299655403656726826e-02,-1.657512557078235152e-02,3.075217053398950420e-02
6.069736983176742678e-02,-1.225916947875374009e-02,2.810509186973351829e-03
3.021074880421354639e-03,-4.097137527779867033e-02,-7.057264957056161303e-02
-4.817157241031760906e-02,1.810872531178728262e-02,2.574852510483308272e-03
5.284742016800560160e-02,-3.165307512819632262e-03,-1.416294611221923481e-02
4.798010611937801595e-02,-6.856522841353122899e-02,-3.568797200961217747e-02
1.804910712565381201e-02,-3.130404797533924144e-02,4.055845809899869675e-02
-2.382988173874597132e-02,-3.439630331959411293e-03,9.126404032999319016e-02
-3.159211023941549401e-02,-7.103619643272524042e-02,-2.340805926452822761e-02
-1.451942506169154497e-02,-4.617026159855160822e-02,5.930266317145866523e-02
-6.071510904438104372e-02,-7.211174563274717897e-02,1.000898651269967188e-02
