vel_x (m/s),vel_y (m/s),vel_z (m/s)
2.000000000000000000e+00,0.000000000000000000e+00,0.000000000000000000e+00
1.999910152895331805e+00,1.268195287169488435e-05,6.489134958347155837e-05
1.999923061019523551e+00,-2.586390681487947619e-05,4.177729248103273014e-05
1.999927776590604278e+00,-4.333014761265286833e-05,5.065440165056939815e-05
1.999957312718494862e+00,-2.774546254373634429e-05,5.362989336836165947e-05
2.000019456384606542e+00,-2.857932522198197294e-05,-9.146544529575997471e-05
2.000160762882233101e+00,-4.349973426650641391e-05,-1.481017486503209734e-04
2.000124273461391766e+00,-9.547123690980100256e-05,-2.194653024754736098e-04
2.000052471535109344e+00,-1.038380918855338539e-04,-2.128740747064099173e-04
2.000089813122432059e+00,-4.866779369393673207e-05,-2.018957681188804896e-04
2.000089638414114468e+00,-8.003660908225291313e-05,-1.660801798709358090e-04
2.000109414187603907e+00,-1.078311776166673505e-04,-2.143058883522853714e-04
2.000081600715867935e+00,-1.327073086386237747e-04,-2.144538257137072355e-04
2.000048486771758949e+00,-8.593857436113738920e-05,-2.310379369345768425e-04
1.999997301231124958e+00,-8.568457884510596357e-05,-1.689191098763502465e-04
1.999936698263586221e+00,-3.327794416327884379e-05,-1.118955069849323329e-04
2.000029667631475050e+00,-1.691503353613201807e-05,-2.796042555799649896e-05
2.000042236088157122e+00,4.555110773003824678e-05,-8.222681270609001538e-06
2.000090374861037912e+00,-2.829942851417216573e-06,3.431443614409524238e-06
2.000130252780340623e+00,5.942581394913279950e-06,3.013306604709101849e-05
2.000105202623635225e+00,-6.303984511465594051e-05,-2.088937915052592638e-05
2.000105734193633467e+00,-8.204252379524495529e-05,-8.121692828287395232e-05
2.000102509007547269e+00,1.877978728164855543e-05,-6.393049956501424005e-05
2.000142385451937344e+00,7.896938552997724158e-05,-3.476468279490963658e-05
2.000059586521627075e+00,1.232525367662240978e-04,-1.348434311948920985e-05
2.000043965346264052e+00,1.189037278458013395e-04,-9.583053791235737967e-05
2.000043321042184630e+00,1.271121668740450171e-04,-1.872211529029865794e-05
2.000047165356178436e+00,2.315276016535664665e-04,-4.926498739154520272e-05
2.000096250481449900e+00,1.956594027721734064e-04,-8.930507972071758933e-05
2.000156744484809401e+00,2.164006269115995658e-04,-1.124528712250937637e-04
2.000112531467868049e+00,2.122712836591772434e-04,-1.797286032038853711e-04
2.000150654622298685e+00,1.533883556044808279e-04,-1.314756456990526137e-04
2.000129260931442499e+00,1.132543283567138861e-04,-1.333374174313608270e-04
2.000104341265143582e+00,1.467907815834682700e-04,-7.945054048080050254e-05
2.000120599634459317e+00,1.072803748645512141e-04,-1.429480006186734618e-04
2.000066506994623072e+00,1.873556898036668212e-04,-1.218199407791590775e-04
2.000067956872590536e+00,9.158413404368836281e-05,-1.360614022339758740e-04
2.000008197188680281e+00,1.130965184243700589e-04,-2.006935012508278974e-04
2.000054632354881345e+00,1.729543776365229752e-04,-1.330147157104946513e-04
1.999985617922519499e+00,2.834562974899450770e-04,-7.170587124894602711e-05
2.000036059410736478e+00,2.868895423259385760e-04,-1.006998695016711226e-04
1.999947424597048329e+00,2.811181794854619893e-04,-1.911761540918695680e-04
1.999982655481497895e+00,2.745419951078870960e-04,-1.972084774594143309e-04
1.999996876232051912e+00,2.451213398281288530e-04,-1.766050916585856225e-04
2.000036526981622487e+00,2.536141185627794822e-04,-9.685566390789565312e-05
1.999993746504391101e+00,2.169488870540329400e-04,-9.779352439696618903e-05
2.000046007369193468e+00,1.770867904543408354e-04,-9.788872916404914954e-05
2.000018063957770487e+00,1.169686796724829768e-04,-8.396226887479282569e-05
2.000045424552975959e+00,1.887745354378588783e-04,-7.934728346742003975e-05
2.000001435390227122e+00,2.463931819852924741e-04,-1.096698324668324027e-04
1.999973908569117720e+00,2.454493636321044767e-04,-1.983647425953432631e-04
2.000040658848215358e+00,2.287565699728576110e-04,-2.068176595453046374e-04
2.000103736454742265e+00,2.045299939495435538e-04,-1.208851359380328357e-04
2.000201361023631552e+00,1.734231978168579696e-04,-1.592228045550257254e-04
2.000170945055441685e+00,1.976410931439781266e-04,-2.020831864825612279e-04
2.000190793378744392e+00,2.822209118375457551e-04,-2.138976017942148858e-04
2.000217350880006961e+00,2.992297515458052209e-04,-1.743653551319991949e-04
2.000186667400528862e+00,2.404455921261424356e-04,-1.904019842266571334e-04
2.000184237405914001e+00,1.616212311064006485e-04,-2.232622719164737714e-04
2.000289943458283037e+00,2.068907260566556813e-04,-3.141608534735453777e-04
2.000281961918874085e+00,2.133138591584758312e-04,-2.453216898032109213e-04
2.000317940760031110e+00,1.858847290912300277e-04,-3.011330561148737933e-04
2.000374871958879641e+00,2.130339208656516681e-04,-2.664165458848288814e-04
2.000333302263169521e+00,2.057285962149528078e-04,-2.186199730277552404e-04
2.000343022959683026e+00,7.890039296665747148e-05,-2.597620947188458013e-04
2.000415681084469544e+00,9.005027925930562829e-05,-2.278302120580694471e-04
2.000428093760994841e+00,1.644878058271640017e-04,-1.746231368953889574e-04
2.000439423974471165e+00,9.501588175272801312e-05,-1.976746288925612964e-04
2.000409153135184415e+00,4.195257584085133510e-05,-1.101431605486419187e-04
2.000343494692532698e+00,6.744859338767277435e-05,-1.988191722143453589e-04
2.000367949209996166e+00,1.378163783602143850e-04,-1.744911307930989061e-04
2.000383182421535899e+00,1.235610238987240150e-04,-2.458230917443654084e-04
2.000307976711801050e+00,7.466880038189781374e-05,-2.532092990164247471e-04
2.000355548038901699e+00,1.055868577678678583e-04,-2.025943878915265214e-04
2.000437993796956970e+00,2.814492990876687160e-05,-1.736290361773993067e-04
2.000430388300695750e+00,6.191732586652495005e-05,-2.315679786057523012e-04
2.000448849281199593e+00,3.261953008568177742e-05,-2.340361064565266657e-04
2.000445030633877241e+00,8.789296246190812301e-05,-3.085335597213749838e-04
2.000489332429638889e+00,9.980136320135560334e-05,-3.850969299990436231e-04
2.000442615398295043e+00,1.540741350669927489e-04,-3.608378792552869880e-04
2.000404977248122496e+00,1.102235464295070347e-04,-2.767574082785848565e-04
2.000481495385882269e+00,1.138101063938568963e-04,-3.149470628875364244e-04
2.000485244001978913e+00,1.241806485592256322e-04,-2.462032096840301360e-04
2.000562858484009165e+00,1.895975685817009079e-04,-2.814179558855893297e-04
2.000536675955554511e+00,2.112771514338927998e-04,-2.683060457485443866e-04
2.000470493307677344e+00,2.400568511207672011e-04,-3.658349899941543571e-04
2.000420635342558651e+00,2.854820481033156442e-04,-3.258179051195939134e-04
2.000419413770216703e+00,2.793337898565127048e-04,-3.961079472032760264e-04
2.000389668947095689e+00,2.797858130039805494e-04,-4.032482557801340376e-04
2.000381346717206466e+00,2.494941420044500895e-04,-3.147017819447174396e-04
2.000367376263976205e+00,1.703329112013446107e-04,-2.812029570932244801e-04
2.000375547561269229e+00,1.854773889116576523e-04,-2.068761638519679800e-04
2.000439901968765088e+00,1.565600131004825368e-04,-2.105666791453215535e-04
2.000378687682599743e+00,1.603130159012756387e-04,-1.390265270705841653e-04
2.000388732435987027e+00,9.746953384128637359e-05,-1.791479474569282861e-04
2.000493664227812829e+00,1.287343559322045585e-04,-1.260487237627542340e-04
2.000469475253496832e+00,1.300288319931615084e-04,-1.019756289477702062e-04
2.000528599157081810e+00,1.523369790969056423e-04,-1.760271108313766694e-04
2.000488834787207626e+00,1.817137827076828872e-04,-1.381845207220118866e-04
2.000621802640606628e+00,1.218030382611435202e-04,-6.773397495309721472e-05
2.000671775775437755e+00,1.609901050038094823e-04,-2.099967532849122032e-04
2.000645172735244781e+00,1.581404619653266157e-04,-2.350829499543954839e-04
2.000641749403137659e+00,3.337651003019209846e-05,-1.995862751065170717e-04
2.000679336276588227e+00,-1.616085096158313477e-05,-1.920539443703704499e-04
2.000725338492174821e+00,1.278964436646478362e-05,-1.432308899270173547e-04
2.000735717425396132e+00,1.606100555638753142e-05,-1.039282259891737703e-04
2.000816532993743291e+00,3.264569075136819322e-06,-1.236824223785446962e-04
2.000808255007530789e+00,-6.424670121857430289e-06,-1.999976970946510898e-04
2.000804728634322238e+00,-7.328640664117083898e-05,-1.718962509872246514e-04
2.000920566049056770e+00,-5.966277929775791542e-05,-1.832650561745103842e-04
2.001022341522870285e+00,-9.310566681003891779e-05,-1.630005154306583912e-04
2.001060696800361693e+00,-4.099821330512233380e-05,-1.509929216993834492e-04
2.001007567808312348e+00,-1.032219042980741733e-04,-1.077055669524728024e-04
2.001086386103728021e+00,-6.753238833551694468e-05,-1.722061251415491390e-04
2.001077063844360016e+00,-4.044059289018287081e-05,-1.889006293107931033e-04
2.001094342110105284e+00,-1.112768119240011456e-04,-1.973511350014472651e-04
2.001117207344766058e+00,-9.052866529876490249e-05,-7.135276854808246506e-05
2.001197655104813844e+00,-9.333321254501817515e-05,-7.784506135324321637e-05
2.001237587343128954e+00,-1.147389569458356136e-04,-7.137968240178148055e-05
2.001175483110816167e+00,-8.144684618991764817e-05,-8.575868603815582332e-05
2.001250219610296810e+00,-5.390446834704460896e-05,-9.653836092191712547e-05
2.001270623720150521e+00,-3.749403568590041914e-05,-5.157267578745892457e-05
2.001234195316055064e+00,-9.448302189404947675e-05,-5.463845292905491932e-05
2.001174200900818878e+00,-1.204665179793457032e-04,-5.785407369942077818e-05
2.001209922608872205e+00,-1.625167681099780206e-04,-1.296215760860341937e-04
2.001226497936722026e+00,-1.338942982761087165e-04,-2.076789469665486190e-04
2.001169587330325683e+00,-1.508363457585995711e-04,-2.250664804940134768e-04
2.001133510063322074e+00,-1.078257207421535731e-04,-2.471019089494684313e-04
2.001165675452636350e+00,-5.232211115830084414e-05,-1.991408119740060382e-04
2.001054771020156942e+00,-9.537547369404828835e-05,-2.787858408164832057e-04
2.001043080671697449e+00,-1.103500928960842700e-04,-2.582008810741122568e-04
2.001088392983325193e+00,2.670068931134793560e-05,-2.366827253049016099e-04
2.001164478793814538e+00,7.634709175854099777e-05,-2.424335323683792670e-04
2.001141490954136959e+00,2.773917417155359014e-05,-2.435406348865944040e-04
2.001225443712052687e+00,1.474405252789359733e-04,-1.847478069019098976e-04
2.001167096989971750e+00,1.158887078000178140e-04,-1.073059097603410936e-04
2.001101528292855036e+00,1.360503693470895069e-04,-1.071700400992507077e-04
2.001044742306855362e+00,1.433365227663675864e-04,-1.378525108599794216e-04
2.001097330569872490e+00,1.747663592843231857e-04,-9.164848358136238671e-05
2.001105463301639187e+00,1.805877980467221141e-04,-4.247239827088746352e-05
2.001144213992732901e+00,1.802057522435103888e-04,-6.120024308793546564e-05
2.001240458706702086e+00,5.143485891101858476e-05,-1.540948373786401346e-04
2.001167174799749926e+00,5.357337994568931437e-05,-9.405661701044604043e-05
2.001199175077676529e+00,8.397786498548598746e-05,-1.174852008791157275e-04
2.001162001304056304e+00,-2.925575543641286422e-05,-8.791074909503538142e-05
2.001164406949824226e+00,-1.505835153113382458e-05,3.462087200178417927e-05
2.001259948216827400e+00,-1.799186933952486429e-05,5.991020597130542824e-05
2.001348499528773139e+00,2.551642677924183386e-05,9.436290434178796712e-05
2.001424232035835526e+00,3.831824910130721660e-05,1.116219412429638808e-04
2.001450559198078682e+00,-8.826743218758846554e-05,8.357930996054518014e-05
2.001478951360233793e+00,-1.204086175511359235e-04,1.925663815413090711e-04
2.001464329139054588e+00,-1.347995198310613155e-04,2.941600211191248027e-04
2.001341037106541432e+00,-1.384316147581785841e-04,9.602047200311746413e-05
2.001372889940333799e+00,-1.344185512472634389e-04,1.542968507411780267e-04
2.001404274504902325e+00,-2.318030421747911012e-04,1.559245819924710006e-04
2.001427212536670108e+00,-2.812672423781130524e-04,1.966104250628670147e-04
2.001464259476013030e+00,-3.485661477856795507e-04,2.790153201277293087e-04
2.001498630392283484e+00,-3.732229846176142061e-04,2.207530604961415355e-04
2.001460802299537711e+00,-3.698451700365346507e-04,2.624256150741470462e-04
2.001492889569845168e+00,-2.902756408354969673e-04,2.958699563798798410e-04
2.001553028647508725e+00,-3.558083773518962503e-04,2.483527934036056962e-04
2.001607932617670116e+00,-2.859358422464966867e-04,2.356223033197264065e-04
2.001690335703980583e+00,-3.012616582772961044e-04,2.469718089894731394e-04
2.001661494130851704e+00,-3.601821317078335110e-04,2.273416906262572907e-04
2.001672272560517385e+00,-4.523431348789503639e-04,2.786258555474366164e-04
2.001768559756774035e+00,-4.680825787944647032e-04,2.778637502836779519e-04
2.001670721296749278e+00,-5.200606263486194864e-04,3.277371857220320829e-04
2.001657179314787705e+00,-4.660265469150375365e-04,3.284990156900783058e-04
2.001598944841451733e+00,-5.070965393882714183e-04,2.980685604976522174e-04
2.001614988722063337e+00,-4.451596776932503514e-04,3.019837352159299377e-04
2.001611150257984750e+00,-3.615624505207031599e-04,3.007104914714998759e-04
2.001582822874239831e+00,-4.380928192702655669e-04,2.945632614439076119e-04
2.001583117814212720e+00,-4.547891993132943699e-04,2.256343186720098973e-04
2.001642051710381676e+00,-4.083102146666423710e-04,2.014717760301853663e-04
2.001629571488281023e+00,-4.753115257699222452e-04,1.483968425408677962e-04
2.001693729994310278e+00,-4.838017816443892540e-04,2.705371450328048323e-04
2.001650130755585177e+00,-5.255337748452725910e-04,3.037676225025472652e-04
2.001665670709670497e+00,-4.665795830279532877e-04,3.018437513109868838e-04
2.001638076177257641e+00,-5.418323041751630428e-04,2.812041582817972419e-04
2.001588555867579000e+00,-6.306671414701275078e-04,2.377395543136071629e-04
2.001636971664678022e+00,-6.770666334104081478e-04,1.786244339242696742e-04
2.001502451506416147e+00,-7.013888098460699253e-04,1.250380948321969500e-04
2.001571292834627869e+00,-6.859994770610178217e-04,7.971203915714650430e-05
2.001666244058249333e+00,-6.597253700190315855e-04,8.836571530613103031e-05
2.001680272287103879e+00,-7.346081203516356510e-04,1.112190294907865288e-04
2.001680618567637460e+00,-7.655421911456579192e-04,5.394676083131938205e-05
2.001691869191262185e+00,-7.812839316908527440e-04,2.597727202995615318e-05
2.001653249633822629e+00,-8.862960832808482138e-04,-1.262650273216664050e-05
2.001653911112261763e+00,-9.529108723998762527e-04,-7.348569032551823053e-05
2.001586613139831439e+00,-1.007338980559538497e-03,-1.055726745575956112e-04
2.001614048541549895e+00,-9.884758252110320467e-04,-9.910562388094130060e-05
2.001564702836930998e+00,-1.048053818267668863e-03,-1.811993841983198031e-04
2.001577461633652799e+00,-1.048394254509012191e-03,-1.610935085746911062e-04
2.001601467683699287e+00,-1.054120214414708614e-03,-2.291411450690344833e-04
2.001566368284755981e+00,-1.055156554003781021e-03,-2.408465503823971462e-04
2.001675042657755199e+00,-1.000752743710368832e-03,-2.653446735675693276e-04
2.001633519879108203e+00,-1.108499882894734305e-03,-2.906822679881929496e-04
2.001709874582251025e+00,-1.082260199342180386e-03,-3.414298143793800398e-04
2.001740718849330580e+00,-1.201669781740994248e-03,-3.771936208767585398e-04
2.001813003222435494e+00,-1.211960193080971991e-03,-3.235327699845926518e-04
2.001794225265782767e+00,-1.262952598018268063e-03,-3.751293690551110488e-04
2.001888481760732308e+00,-1.256549392048146802e-03,-4.119008674792013023e-04
2.001880377335781169e+00,-1.270961249197356249e-03,-3.591944723979425039e-04
2.001943528509552372e+00,-1.219008033046950533e-03,-2.979745433400512859e-04
2.001965651845143856e+00,-1.286388352407914987e-03,-3.533819460042073122e-04
2.001967218024045536e+00,-1.313463235409266473e-03,-3.816505992668147535e-04
2.002024044318779783e+00,-1.310250261947866609e-03,-3.591091246396100277e-04
2.001969576421700037e+00,-1.368911534628367401e-03,-3.348157272435216682e-04
2.001946262388409004e+00,-1.377347502596849675e-03,-2.894932152298725948e-04
2.001980617999676415e+00,-1.314437172471863945e-03,-3.003320645142787903e-04
2.001996049822775348e+00,-1.316174990320368929e-03,-2.428336833529559787e-04
2.002101828490994606e+00,-1.332777761807208512e-03,-2.553023489456328625e-04
2.002107594644544353e+00,-1.375727239043426312e-03,-2.699171162393655156e-04
2.002178531298713704e+00,-1.478998363848219380e-03,-2.334526513900727544e-04
2.002186798333152939e+00,-1.482548019756037934e-03,-1.807235144316182457e-04
2.002116858956259904e+00,-1.484849393589583342e-03,-1.147666894702215621e-04
2.002137157201070217e+00,-1.472662247545846684e-03,-1.648061669318337335e-04
2.002213464858519476e+00,-1.432909603486623744e-03,-1.390413144296669405e-04
2.002273131827043251e+00,-1.490140783470491649e-03,-4.149300221988595446e-05
2.002364931188267860e+00,-1.437733432269336711e-03,-7.077365221478420956e-05
2.002354994754036888e+00,-1.363719127448236425e-03,2.318506811107823556e-05
2.002344721992531884e+00,-1.342274686138469897e-03,3.546746758731697405e-07
2.002329112905292696e+00,-1.317229473836111680e-03,5.338194616521474921e-05
2.002450442227161620e+00,-1.275877749788667265e-03,8.866933060671384060e-05
2.002534829354404966e+00,-1.294866836819962702e-03,1.088885751767093937e-04
2.002532142354694678e+00,-1.329543862019813691e-03,1.653470928259897479e-04
2.002505049309045493e+00,-1.325620230618703614e-03,8.179733080636815488e-05
2.002512731004004731e+00,-1.376891062498932774e-03,6.302016505411209106e-06
2.002590793403046465e+00,-1.422653126393917103e-03,5.819778211188712086e-05
2.002630682480127877e+00,-1.415160648823877380e-03,-1.061563430329160557e-05
2.002602513075065982e+00,-1.498292050325606773e-03,-1.028584569798843399e-05
2.002709386253326063e+00,-1.559803650200759784e-03,-8.633315440877900452e-05
2.002666006064978355e+00,-1.593822021116030312e-03,-9.392721323501582328e-05
2.002683856863086032e+00,-1.506449281229136749e-03,-8.355063204543063940e-05
2.002647345428906434e+00,-1.530595305548706824e-03,-1.260613323649556645e-04
2.002722166129906167e+00,-1.575882505035790552e-03,-9.214967405973505912e-05
2.002672047798597532e+00,-1.594509354135763279e-03,-9.812383131800550497e-05
2.002706223313787781e+00,-1.613189804006056292e-03,-1.872251906995549536e-04
2.002807886267116810e+00,-1.722559125068988395e-03,-1.614711625493692822e-04
2.002774251961619623e+00,-1.745365220767316561e-03,-1.525688032969609118e-04
2.002772442910092821e+00,-1.721701988296249269e-03,-1.889818427517313141e-04
2.002810444603670970e+00,-1.754407545815379367e-03,-1.640839011070504758e-04
2.002866860532755311e+00,-1.800135820961113343e-03,-1.926494924377322520e-04
2.002846128466390319e+00,-1.869520070525520486e-03,-2.368508213446242415e-04
2.002798046249600894e+00,-1.782844078481046540e-03,-1.939275837695639000e-04
2.002749781876957513e+00,-1.795179064511495150e-03,-1.748273664919211328e-04
2.002850771310092259e+00,-1.764979010506091076e-03,-1.651812192630387722e-04
2.002801613715778029e+00,-1.823441268368816183e-03,-1.948777308092066189e-04
2.002825646545175253e+00,-1.944827323710146463e-03,-1.796200813645692888e-04
2.002837338996978023e+00,-2.004243565503127135e-03,-1.270887187270251881e-04
2.002946875006841765e+00,-1.977885958520670361e-03,-5.030396184172606711e-05
2.003039096736995983e+00,-2.097646663606535060e-03,-6.870757071577949040e-05
2.003064209565925680e+00,-2.064927738242624405e-03,-4.071404492337546150e-05
2.003050507281234349e+00,-2.142456028627339262e-03,-3.731738778233325101e-05
2.003122521393022826e+00,-2.101617176539598546e-03,7.746969965658536674e-06
2.003126898033845915e+00,-2.009945416471614968e-03,-5.879234276623929344e-06
2.003104538394363754e+00,-2.013673242583726222e-03,1.356279088700217143e-05
2.003185217719509303e+00,-1.940854421407374377e-03,8.554552072374494787e-05
2.003166801127858498e+00,-1.925072440634719145e-03,2.797092542611367505e-05
2.003165910979561204e+00,-1.952922830548636324e-03,6.311916902933408478e-05
2.003163878931150776e+00,-1.988934846728002744e-03,6.523932516787442782e-05
2.003155923735680410e+00,-2.024063208608619085e-03,5.325370589486000709e-05
2.003162613396353819e+00,-2.057493384366042115e-03,1.253060706943385626e-05
2.003209784277646843e+00,-2.005918658192199725e-03,4.696896742371573996e-06
2.003265696039433941e+00,-1.991517348492799662e-03,9.693086412833341848e-05
2.003283019558119715e+00,-1.948599138017020850e-03,4.266214855472385311e-05
2.003262974701829346e+00,-1.935235739980879516e-03,7.395597878768782796e-05
2.003281930659776666e+00,-2.052162689622486023e-03,1.174933978958180952e-04
2.003262779261449023e+00,-2.100047794661151403e-03,1.212988881061010602e-04
2.003325494321795297e+00,-2.091154518058882701e-03,1.091607550475801958e-04
2.003269113336634710e+00,-2.076688261438666434e-03,6.837009996958176399e-05
2.003309135028384702e+00,-2.059065884164105326e-03,8.012941285082705693e-05
2.003281674428949444e+00,-2.016930224317182996e-03,1.255278080895393545e-04
2.003292447773762586e+00,-2.043944018131970981e-03,9.813371827570134477e-05
2.003361750617398407e+00,-2.073671288309655251e-03,2.031616427528730494e-04
2.003389788730064680e+00,-2.078240527180340042e-03,1.567283012488779152e-04
2.003435231313497766e+00,-2.123887509691535589e-03,1.392551674303869316e-04
2.003534876229073891e+00,-2.156731130616864819e-03,2.696628232267505969e-04
2.003560779993517560e+00,-2.224497344812330791e-03,3.372968019259162467e-04
2.003513110339552039e+00,-2.204592464027446685e-03,3.192153807210068844e-04
2.003547791541191891e+00,-2.245937476012732636e-03,1.946722892321107643e-04
2.003543347407458874e+00,-2.224708941684894713e-03,2.641406610950392279e-04
2.003557347711975467e+00,-2.164301503689082615e-03,2.803166271757253801e-04
2.003640211323214348e+00,-2.178376194924772167e-03,2.893504847775544295e-04
2.003673229841507197e+00,-2.180722561477074425e-03,1.888473898834279138e-04
2.003786900628540479e+00,-2.233044520864897221e-03,2.568795594629369743e-04
2.003731004297629958e+00,-2.306143486946109385e-03,2.051038450062713262e-04
2.003790969162083879e+00,-2.298010677707011239e-03,1.338330445408096841e-04
2.003850069169011316e+00,-2.276697884453926166e-03,1.391243388587366347e-04
2.003807211186648285e+00,-2.312962617666151303e-03,2.085162010689796700e-04
2.003881836224240764e+00,-2.324742913489970600e-03,2.030069644987552639e-04
2.003842049715101048e+00,-2.294733368722046141e-03,2.705768479977195356e-04
2.003852426305329892e+00,-2.293903359058803871e-03,2.239711862595123175e-04
2.003838072260565095e+00,-2.278485738174327018e-03,2.346136661244102139e-04
2.003899476392596135e+00,-2.203251735843635411e-03,1.640050409573158802e-04
2.003957727439437342e+00,-2.145910684328944211e-03,1.280496460402204858e-04
2.004024612304134756e+00,-2.186219417762883411e-03,1.968155420565496352e-04
2.004100994926554247e+00,-2.216639123904495454e-03,1.545188970402212923e-04
2.004131574840905650e+00,-2.185679035755321714e-03,1.917107624678128378e-04
2.004148522208493599e+00,-2.285857572062371945e-03,2.320319738633851723e-04
2.004149391027619576e+00,-2.378760898117784298e-03,1.653956283312681304e-04
2.004206688996636121e+00,-2.451669284843723765e-03,1.136931216918007578e-04
2.004242185766053286e+00,-2.437634153081338993e-03,1.557958600892061227e-04
2.004215452039618928e+00,-2.413249423366029857e-03,1.552933730508569211e-04
2.004201254128583187e+00,-2.379251743856319185e-03,1.744041178574208908e-04
2.004317361047325274e+00,-2.376399759880600676e-03,2.384281943870525714e-04
2.004316049018389112e+00,-2.323785527708359736e-03,2.602360639017624148e-04
2.004335137701442893e+00,-2.315383082483824309e-03,2.175036515915060602e-04
2.004380406862006581e+00,-2.389191329961038671e-03,1.261816619552720131e-04
2.004308141376153873e+00,-2.356925687005492591e-03,1.632372434902800719e-04
2.004411269402074147e+00,-2.354759613513008731e-03,2.399041957014883659e-04
2.004503321161781759e+00,-2.390841492367177731e-03,3.145424018371829520e-04
2.004491209378782557e+00,-2.339608175651643803e-03,3.054887367835583986e-04
2.004477343242351051e+00,-2.420793426793404080e-03,2.351632628179161776e-04
2.004537553951939888e+00,-2.359347799990566333e-03,2.326915294631352665e-04
2.004525649859127956e+00,-2.346955240493339180e-03,1.779587196353030415e-04
2.004571113238345248e+00,-2.412846646793725958e-03,1.803566603244786146e-04
2.004594819390484783e+00,-2.435053595705312292e-03,2.015107346226589964e-04
2.004549113479813460e+00,-2.382476174299164202e-03,1.733391205636826827e-04
2.004522337574421886e+00,-2.492165341020195334e-03,1.509847004820436022e-04
2.004565912233872815e+00,-2.549371392228412872e-03,7.937820140254710352e-05
2.004549855120878021e+00,-2.523858803513591518e-03,3.934651743334566075e-05
2.004624655535397704e+00,-2.525556440322101678e-03,7.267187856911839919e-07
2.004691829479274823e+00,-2.542419160571184576e-03,7.910694924191370801e-05
2.004708664237989879e+00,-2.510127808439460359e-03,1.095322894959959765e-04
2.004764151006827255e+00,-2.523234848807381220e-03,9.404567676534572086e-05
2.004737651470533510e+00,-2.474390734472540435e-03,3.469362102675050677e-06
2.004838715296648033e+00,-2.477466250773843748e-03,2.419793597101382035e-05
2.004816757388072634e+00,-2.512113443539525700e-03,-6.457142527037775317e-05
2.004810223915793443e+00,-2.478020755205934730e-03,-5.789612900789609757e-05
2.004811243030052204e+00,-2.516778765037736183e-03,-1.567688284819409022e-05
2.004834457671534231e+00,-2.514105875664873497e-03,-5.538310779429101187e-05
2.004819154894386557e+00,-2.497341856710903318e-03,-4.475544144969732753e-05
2.004720755335186233e+00,-2.528102714239977879e-03,-6.296628607502126318e-05
2.004759176973452739e+00,-2.535470304351585772e-03,-1.083862509400442995e-04
2.004772000441381152e+00,-2.601127922906231425e-03,1.142659552138733901e-05
2.004725466669962763e+00,-2.617138930190146453e-03,6.952368259548658176e-05
2.004732395000133227e+00,-2.590863541409185386e-03,1.278528175820409631e-04
2.004791837822874623e+00,-2.617874017925422500e-03,8.158759368002597382e-05
2.004690750865587567e+00,-2.533855673059121245e-03,9.718638913016336834e-05
2.004634375904385202e+00,-2.511699819510276096e-03,1.690429085855437417e-04
2.004648594260678429e+00,-2.540759657931922558e-03,2.073862544700927530e-04
2.004594544055883443e+00,-2.543140981341458773e-03,1.862026866816135658e-04
2.004653559709982602e+00,-2.535397931463746844e-03,1.501455008596472068e-04
2.004651206768508942e+00,-2.491761616415321453e-03,1.229881987743407733e-04
2.004655284833147810e+00,-2.442922160922149019e-03,1.332927890184528385e-04
2.004712731621049571e+00,-2.453474099284446309e-03,1.575783393966557870e-04
2.004846779688563174e+00,-2.448383768299175305e-03,1.570543472361018284e-04
2.004888378624781087e+00,-2.528767303458760198e-03,2.012159075212164639e-04
2.004908524573951745e+00,-2.459386926423742445e-03,2.589447514437984545e-04
2.004920334481090194e+00,-2.404871460778326784e-03,3.384630721123942369e-04
2.004975424931164429e+00,-2.453484990253734181e-03,3.139714433099720305e-04
2.005071890031557391e+00,-2.509881064742702783e-03,3.370164215277903614e-04
2.005022425363684579e+00,-2.486808000749401917e-03,4.193688594736846463e-04
2.004979821084764691e+00,-2.533000806863089892e-03,4.609992149497655289e-04
2.005001385950019976e+00,-2.545173117045915461e-03,4.427649519358570771e-04
2.005110655715850232e+00,-2.565727273761698058e-03,4.820169652655131778e-04
2.005104238930338401e+00,-2.562085993465739765e-03,4.548189838121640674e-04
2.005218346748997238e+00,-2.562653263862011907e-03,4.365409484113418840e-04
2.005229066263677140e+00,-2.504093813315918723e-03,3.614871659085298243e-04
2.005271140196801305e+00,-2.549085066038198327e-03,2.937828528505630394e-04
2.005351586901157557e+00,-2.638087534016125921e-03,2.105479403417839606e-04
2.005454683245225134e+00,-2.606587571245719184e-03,9.231797921478602923e-05
2.005464155156818862e+00,-2.651811700453430079e-03,1.098310762481362628e-04
2.005445319898373935e+00,-2.731309805730608008e-03,1.426369621505148809e-04
2.005464974343671436e+00,-2.708887007754443889e-03,1.291391144680807234e-04
2.005499709627759142e+00,-2.701986575628264643e-03,1.682490609560498946e-04
2.005498517761563626e+00,-2.780017674442721801e-03,1.323471505887138333e-04
2.005520662823923939e+00,-2.894017539301484577e-03,1.523305148774890870e-04
2.005515905131315169e+00,-2.842159187916565473e-03,1.103282467106293205e-04
2.005452113062990538e+00,-2.884683132400507090e-03,1.735469390437906516e-04
2.005459183050224414e+00,-2.874755979423543242e-03,1.662134020181139915e-04
2.005430598867967706e+00,-2.797767702247783411e-03,2.413622026459156568e-04
2.005475308953073021e+00,-2.884028831498979331e-03,3.322866710558853892e-04
2.005541841519707713e+00,-2.931725889121343433e-03,3.217187777301770517e-04
2.005578547948450918e+00,-2.890730709980111370e-03,3.978121555711283458e-04
2.005552938512056294e+00,-2.847762312975005063e-03,3.914150474205328788e-04
2.005621344053206467e+00,-2.985974676370318874e-03,2.948309981663562590e-04
2.005621609717123111e+00,-2.999694963394857177e-03,2.722504469679558423e-04
2.005676312027697250e+00,-2.977241928763859052e-03,2.109874724924039715e-04
2.005680633060912932e+00,-2.964770951784165189e-03,2.233327580247818284e-04
2.005702515724457680e+00,-3.048582943007173852e-03,2.255965115898460338e-04
2.005706881725643154e+00,-3.034628553087791430e-03,2.639085598698317375e-04
2.005745651630385318e+00,-3.031791265318254606e-03,3.824095062402274223e-04
2.005691189341408442e+00,-3.026687466817467621e-03,3.705415211557531573e-04
2.005714684301255435e+00,-2.946959255431801875e-03,3.474198623281876588e-04
2.005760758462170390e+00,-2.993921049964453230e-03,3.535694400436826743e-04
2.005790759143766255e+00,-2.911881848933981116e-03,3.654244105417632808e-04
2.005900029214553015e+00,-2.950120225014173612e-03,4.013415274033871761e-04
2.005968101237176171e+00,-2.960195335950740417e-03,3.155457532029901872e-04
2.005924736777159101e+00,-2.919989660620523134e-03,3.662824012591014131e-04
2.006012225097308921e+00,-2.871652239167850167e-03,3.862105545288674899e-04
2.006009049915905340e+00,-2.852693332724414756e-03,3.283583838100084091e-04
2.006047304099321416e+00,-2.821962085760280729e-03,2.352945692080663019e-04
2.006017420697767673e+00,-2.777134194799615353e-03,2.056888978156069206e-04
2.006061035914734170e+00,-2.827510805463720554e-03,1.829526841566254827e-04
2.006153488772968618e+00,-2.877363074387688686e-03,2.028070233570828675e-04
2.006096092211257620e+00,-2.867298265779852449e-03,2.452396896966512049e-04
2.006086651851825220e+00,-2.915423805249377481e-03,1.741353659437098631e-04
2.006101318528994870e+00,-2.940831139933336707e-03,2.113781008184202571e-04
2.006102317049431427e+00,-2.950966332868727553e-03,1.595949079865772459e-04
2.006091823446896960e+00,-3.018948783142974546e-03,1.079503143628235141e-04
2.006076145967974789e+00,-3.006913609611219090e-03,1.241321939146634574e-04
2.006058185282338258e+00,-3.019347302931248579e-03,1.142803608184425038e-04
2.006068723708318569e+00,-2.970076542519472368e-03,1.466578424767975958e-04
2.006130676546927560e+00,-2.989648617078951003e-03,1.978730214171284816e-04
2.006215210478535127e+00,-3.017633027972850199e-03,2.090220581474572866e-04
2.006314848850712096e+00,-3.008376440493654679e-03,1.757905866300478654e-04
2.006377684705378694e+00,-3.017636438647210324e-03,1.534703804370263160e-04
2.006468965038091579e+00,-3.072663997939869412e-03,1.119625131538200648e-04
2.006526529515477275e+00,-3.154340787814005273e-03,1.425141083058915426e-04
2.006514212972827949e+00,-3.070645924667648758e-03,1.358142984365827356e-04
2.006656292857838420e+00,-3.046786514441282654e-03,7.625242205730148966e-05
2.006592989424141660e+00,-3.107719682434741202e-03,9.788180568268985528e-05
2.006647374833291586e+00,-3.053522300008287664e-03,1.482664313733880800e-04
2.006710623801364335e+00,-2.922000893844733157e-03,1.476872075869448370e-04
2.006639210031943676e+00,-2.856412089719973218e-03,1.243455975538492462e-04
2.006635172881244156e+00,-2.951560805048972138e-03,3.431590457761890447e-05
2.006657213461999767e+00,-2.952005486387851603e-03,1.137054779131895963e-04
2.006741546238610674e+00,-2.974788594531743626e-03,1.402989518292547546e-04
2.006710962827860545e+00,-2.918586067542726110e-03,1.516950142266674281e-04
2.006705549786878873e+00,-2.931137658127462575e-03,1.944329977638355536e-04
2.006748879480924508e+00,-2.942683376372235652e-03,2.074024142056410359e-04
2.006705333266521674e+00,-2.985437533164554246e-03,2.761791781344301528e-04
2.006690211787947486e+00,-2.998230344028737521e-03,2.437661295789302377e-04
2.006591352157609087e+00,-3.004087795388220468e-03,1.672386892024129682e-04
2.006590047262531762e+00,-3.039891938929934964e-03,2.145232270391872747e-04
2.006630979101617029e+00,-3.035818981939397872e-03,1.527571601340871441e-04
2.006689601677968060e+00,-3.088082513973577480e-03,1.580688734676029934e-04
2.006582680962480492e+00,-3.081773179304323016e-03,1.517135364524725748e-04
2.006587714598526695e+00,-3.122994414014688015e-03,3.860871673009112347e-05
2.006584777788904095e+00,-3.141668701420874312e-03,6.329116203952069128e-05
2.006670551172362593e+00,-3.149537349432064877e-03,1.790680308684902732e-04
2.006748745341048856e+00,-3.143647465972995280e-03,2.016120935957155084e-04
2.006717967544969561e+00,-3.090677427783554247e-03,1.906835253659940391e-04
2.006771180818510025e+00,-3.072840562703725489e-03,1.705115406614368526e-04
2.006804769950846001e+00,-3.072309809312340732e-03,1.646654892239847652e-04
2.006848286088948718e+00,-3.075387680942049447e-03,1.363108504534823507e-04
2.006825023597849089e+00,-3.042714808544753468e-03,1.296526963344822743e-04
2.006868938467891716e+00,-3.124721911682543703e-03,1.525608678712000522e-04
2.006835358559031057e+00,-3.191473045889376293e-03,1.602742892680417207e-04
2.006798505606858907e+00,-3.176076163217822403e-03,1.222460166482628547e-04
2.006825314267028038e+00,-3.130789124328122158e-03,1.427179701570700180e-04
2.006807952506130199e+00,-3.115766947806737890e-03,1.669763354125326771e-04
2.006844065400790633e+00,-3.129446541400591596e-03,1.419463947893900347e-04
2.006874886152723469e+00,-3.072149561878642719e-03,1.163628523401558876e-04
2.006880215177667015e+00,-3.170757087586325521e-03,1.110594381683970141e-04
2.006907093153262434e+00,-3.162056219681282608e-03,1.292393126354038260e-04
2.006967677504342351e+00,-3.172574181005643687e-03,1.420540168743541197e-04
2.006922814373525821e+00,-3.223009189338960512e-03,1.293048876419791596e-04
2.006931836795009971e+00,-3.134793931936639706e-03,1.754805641953979681e-04
2.007018716278638149e+00,-3.187059482597884730e-03,2.289876294632167881e-04
2.006977499229202877e+00,-3.188719830054307421e-03,2.886328393480774076e-04
2.006946011413175857e+00,-3.196537816639774630e-03,3.120180907437539891e-04
2.006967403870696387e+00,-3.186262435896619616e-03,3.467258707712875796e-04
2.006911134392157070e+00,-3.178144650534104818e-03,3.718183897905793676e-04
2.006916199323011796e+00,-3.155710033787388191e-03,4.032041163087253977e-04
2.006875438369784881e+00,-3.175076885261331888e-03,3.938547645271710772e-04
2.006932850390663603e+00,-3.143345662197190391e-03,4.013477930206605640e-04
2.006962784191214322e+00,-3.135246607220843005e-03,4.872154935104280968e-04
2.006926870889771841e+00,-3.123523781615899185e-03,4.679940381046434695e-04
2.006987147677784744e+00,-3.059390773391201714e-03,4.421927002023926466e-04
2.007079377453138136e+00,-3.094482763387481662e-03,4.642530907495786164e-04
2.007067632452750772e+00,-3.039976542285270731e-03,4.435710392644200833e-04
2.007092503232692060e+00,-3.091528654142587391e-03,4.985388293061200626e-04
2.007094525999419510e+00,-3.097936288465625437e-03,5.418274171438602948e-04
2.007064552612687791e+00,-3.092428874727510407e-03,5.220185798005081302e-04
2.007103892079756591e+00,-2.983659167381024890e-03,6.069742253797776998e-04
2.007108541740541874e+00,-3.024395637030285328e-03,5.898112683347237796e-04
2.007115678656421043e+00,-3.069084115496155743e-03,5.801659722273031124e-04
2.007105169948381729e+00,-3.090710349676532073e-03,6.057742875270042716e-04
2.007043596162095156e+00,-3.063227673345094489e-03,6.641198732127373766e-04
2.007019156792848147e+00,-3.043232500766179707e-03,6.363493511870145026e-04
2.006969370253553375e+00,-3.003294959161198485e-03,4.841890907381841058e-04
2.006903406851550109e+00,-3.082770981961239620e-03,4.071869820490280089e-04
2.006922190050908661e+00,-3.063991343944231019e-03,3.810854194097467069e-04
2.006908675608610970e+00,-3.108544975721905159e-03,3.872914334293574572e-04
2.006890078475324302e+00,-3.121620131803351517e-03,4.304871486647450247e-04
2.006765113945379486e+00,-3.216328002054597880e-03,3.782762837152927227e-04
2.006728484638703680e+00,-3.187490342543851645e-03,4.300965357782445615e-04
2.006764613182128620e+00,-3.240579192393544181e-03,4.395405071576847546e-04
2.006703595510813454e+00,-3.293129762327498111e-03,4.481291292692097215e-04
2.006744827849285429e+00,-3.313513212775205143e-03,4.107068615579605479e-04
2.006802303300054824e+00,-3.340282204671814192e-03,4.217968065273846440e-04
2.006792606414423474e+00,-3.332428047274431024e-03,4.596723591783522076e-04
2.006834706286323211e+00,-3.230212811753316142e-03,3.877098700370910618e-04
2.006835167773052486e+00,-3.300545058247171190e-03,3.309491018398411175e-04
2.006817942809940192e+00,-3.290563774932911932e-03,2.345400285005176883e-04
2.006802232009612830e+00,-3.357019956815677185e-03,1.851468248688607624e-04
2.006788126290534269e+00,-3.371310489309490687e-03,9.729879056995314589e-05
2.006821113466847439e+00,-3.397584656999635619e-03,4.325276412721291899e-05
2.006840755766496009e+00,-3.327944174358533035e-03,5.290746459516998678e-05
2.006919719822005010e+00,-3.449225832655556257e-03,9.597060920124979386e-06
2.006836982043936235e+00,-3.468645781894874169e-03,3.562681386511575021e-05
2.006871944617225179e+00,-3.470038323555533436e-03,-5.500643563442810251e-06
2.006930758360375489e+00,-3.456789491043811991e-03,-5.705297566827940924e-06
2.006862552599586458e+00,-3.512506096590042697e-03,-8.520781150952320743e-05
2.006866694134938456e+00,-3.499950141324904840e-03,-7.679491552251593617e-05
2.006846809126157538e+00,-3.517630999156392494e-03,-5.316347629318640190e-05
2.006851563188232213e+00,-3.480524802130517421e-03,1.866711728046778365e-05
2.006897240346253941e+00,-3.387485642158648714e-03,-5.887043077903152279e-06
2.006900255069178129e+00,-3.387849263774089445e-03,-2.185254981798971413e-05
2.006898883076056794e+00,-3.406568272746669443e-03,-9.363223654001705953e-06
2.006879400868285757e+00,-3.413775852297900627e-03,4.500950794041337871e-05
2.006889450424233168e+00,-3.434096792579874324e-03,1.117147659498900425e-04
2.006887252985840142e+00,-3.468142723745816329e-03,3.143749262087451666e-05
2.006892727418655653e+00,-3.521197298866773125e-03,-2.345512476167634357e-05
2.006932756036083454e+00,-3.576578312468874088e-03,2.123985663020418760e-05
2.006963105487324484e+00,-3.553744997194322516e-03,9.815345040010934620e-05
2.007034727933366458e+00,-3.586563173008355983e-03,1.267946688309103391e-04
2.006975385572240533e+00,-3.725488508973276609e-03,1.835545219566989432e-04
2.006949101296304327e+00,-3.717388098086151470e-03,1.707918304185861613e-04
2.006984146691340509e+00,-3.649313546464423574e-03,2.118423426301521510e-04
2.007087735997447719e+00,-3.616385381180988855e-03,1.634005309947924212e-04
2.007148894217984036e+00,-3.628134649615701382e-03,1.572005619924722792e-04
2.007104921250778773e+00,-3.644276069301966188e-03,1.168776202563367832e-04
2.007190217080256467e+00,-3.666198726910701623e-03,2.148851572152930031e-04
2.007170391633799067e+00,-3.686846495542051103e-03,2.181865505123334879e-04
2.007111459965295719e+00,-3.732673164951615889e-03,2.696973305340069605e-04
2.007027862568887322e+00,-3.789185583349283411e-03,2.342575650643717350e-04
2.007105276129778293e+00,-3.786470584342730133e-03,1.166279580124022570e-04
2.007110733059088048e+00,-3.813654596704909097e-03,1.378141463417323440e-04
2.007114281251623389e+00,-3.942189720678439258e-03,1.169453591988885144e-04
2.007098220694336188e+00,-3.861452888547288725e-03,1.135503959288998227e-04
2.007163205795510663e+00,-3.840574333510261753e-03,1.768617355002208400e-04
2.007238725076967878e+00,-3.954932226785206478e-03,1.794691738556755418e-04
2.007241967225398049e+00,-4.038566640785470202e-03,1.901523709295978466e-04
2.007279374249681503e+00,-4.098492415853628029e-03,1.942159190619164384e-04
2.007302397855673437e+00,-4.149968658481033995e-03,1.557812968180765647e-04
2.007432785004889197e+00,-4.110625375334596432e-03,2.094243828378475434e-04
2.007493385892670013e+00,-4.154649692899877941e-03,2.450887275881706161e-04
2.007569512960186042e+00,-4.185092507608774090e-03,2.776776589301898084e-04
2.007614152679304098e+00,-4.103632998865460249e-03,2.293268933478766777e-04
2.007576052844398884e+00,-4.140735025892025925e-03,2.675747578045572475e-04
2.007590363245204568e+00,-4.090734177874564420e-03,2.569648067823910990e-04
2.007649915867249835e+00,-4.160598039986936232e-03,1.367854262243144137e-04
2.007638305668304923e+00,-4.206305882197753677e-03,7.398257983731918830e-05
2.007685303475036598e+00,-4.163056919229253527e-03,4.860918263909420509e-05
2.007697599570794633e+00,-4.162080893210614273e-03,1.503181663627184211e-05
2.007687996296542821e+00,-4.105962458450820168e-03,6.780141792703058522e-05
2.007649415396059567e+00,-4.192870567216510323e-03,9.554456568111901777e-05
2.007674355548820788e+00,-4.221494539976639905e-03,9.825597472674514588e-05
2.007627194222548983e+00,-4.300667978114466362e-03,1.410380647006573350e-04
2.007593078265196507e+00,-4.327012788975743117e-03,1.008174269560196457e-04
2.007596695746193927e+00,-4.413434810194199857e-03,3.283056451523083479e-05
2.007669715755507678e+00,-4.344425502602134240e-03,3.036743163667692414e-07
2.007661779335184082e+00,-4.328939264799046803e-03,4.489333326756797178e-06
2.007638096855578702e+00,-4.333823184016006962e-03,-2.707055869218037919e-05
2.007711321197934051e+00,-4.361231107037287155e-03,-2.140703804773068687e-05
2.007694467356055057e+00,-4.357604524594550256e-03,5.241242522484949851e-07
2.007736348080040312e+00,-4.267259288778739446e-03,-7.703894716701558537e-05
2.007687477839916301e+00,-4.267334966136478343e-03,-5.293435238951836814e-05
2.007741779476162503e+00,-4.363643123253622101e-03,-1.131295693533779820e-04
2.007756264785458544e+00,-4.373341419148490429e-03,-1.970074226647882255e-04
2.007719226790523503e+00,-4.330134783047292178e-03,-1.733220534518789145e-04
2.007738373949411237e+00,-4.294720029506036638e-03,-1.982711181196387712e-04
2.007810510138346327e+00,-4.259113065783967818e-03,-1.239488454671112245e-04
2.007787785540390502e+00,-4.322786996198797402e-03,-1.221107700471097172e-04
2.007814809081839957e+00,-4.307431647101081507e-03,-1.663403230753861695e-04
2.007745556315851942e+00,-4.395989190566724179e-03,-2.033485847418563133e-04
2.007821901361620309e+00,-4.448968558545860798e-03,-1.192094302023078762e-04
2.007796800850328633e+00,-4.434838760064382067e-03,-1.395330950775538830e-04
2.007787454864002452e+00,-4.360129641110850086e-03,-1.736706200236566122e-04
2.007822247035106589e+00,-4.364269864115613747e-03,-2.302588131614786396e-04
2.007894158586081446e+00,-4.316400639239043394e-03,-2.917919961001377155e-04
2.007976645950694472e+00,-4.276236157446914113e-03,-2.668221921844145424e-04
2.007971510245686098e+00,-4.317229559221104004e-03,-2.664944077431793761e-04
2.008011975589794496e+00,-4.348962009636733739e-03,-3.080156660659135489e-04
2.007960171798605753e+00,-4.390172380567498867e-03,-3.204897380589297011e-04
2.008002586780543552e+00,-4.418220433375124462e-03,-2.841763766156796939e-04
2.007977946476364739e+00,-4.443573302197478987e-03,-2.770267320477021200e-04
2.008059969152040214e+00,-4.360010451139709892e-03,-3.114873318436437040e-04
2.008071909154353740e+00,-4.386206238887876627e-03,-3.225105272597461451e-04
2.008058998744873591e+00,-4.271666941409320642e-03,-2.454370722574982042e-04
2.008030544000006579e+00,-4.254726972252119432e-03,-2.542064802313332003e-04
2.008182551466171528e+00,-4.236899896597963108e-03,-2.737114285123521166e-04
2.008137079736511232e+00,-4.231872840219456748e-03,-2.246411335814209689e-04
2.008159010440903725e+00,-4.295000535505056304e-03,-2.788602805060979737e-04
2.008186756011790308e+00,-4.366739342972314301e-03,-1.813525750430415801e-04
2.008152736855687959e+00,-4.356898810587233294e-03,-1.680240527861661607e-04
2.008235949069025583e+00,-4.307755241362400470e-03,-1.372911591614539518e-04
2.008292312521377188e+00,-4.418131583076975212e-03,-6.231757766086764650e-06
2.008306388483731109e+00,-4.340952220462486293e-03,-1.703617328109192637e-05
2.008341089415957015e+00,-4.429771231245504398e-03,-1.087755391073673102e-04
2.008312825761792375e+00,-4.431838366730313228e-03,-8.200980657652618419e-05
2.008318757275239896e+00,-4.372617556166881296e-03,-1.282376814854913690e-04
2.008323170437905425e+00,-4.376651310858763709e-03,-1.612223799759858792e-04
2.008352061584560033e+00,-4.273892771447036082e-03,-2.048529795366894684e-04
2.008339330366857745e+00,-4.270225725295909158e-03,-6.415761454402766142e-05
2.008302566224022812e+00,-4.237304918039992013e-03,-7.092661482479158781e-05
2.008319706208956390e+00,-4.296673775914789870e-03,-4.863253149268307376e-05
2.008369690891470771e+00,-4.297665651083125773e-03,2.545644249449209237e-07
2.008378725906429629e+00,-4.310678120735842410e-03,5.267773138212262600e-06
2.008457204373155225e+00,-4.343607667328579745e-03,-4.002870767257330240e-05
2.008475807647646327e+00,-4.409160631936757772e-03,-4.273274108771497507e-05
2.008505345953377041e+00,-4.435346886210288914e-03,9.897804798354136173e-06
2.008538520819599604e+00,-4.414069466161897777e-03,4.252138458810008160e-06
2.008487288054466635e+00,-4.423232441206197477e-03,1.881182705355496478e-07
2.008514784630810013e+00,-4.400423287118535205e-03,7.343285823979551325e-05
2.008546488257420215e+00,-4.444196308782381692e-03,-1.625915881781478313e-05
2.008532278934161752e+00,-4.438627824476380074e-03,-7.005454080011366553e-05
2.008626276884632578e+00,-4.433410499483803752e-03,-1.326761829318622325e-04
2.008650776341948774e+00,-4.499384921653771033e-03,-1.746817340383239291e-04
2.008713360631522615e+00,-4.540435576069318767e-03,-2.325124552999823261e-04
2.008625326753816331e+00,-4.462200364267089082e-03,-2.787045815159457009e-04
2.008624672203486394e+00,-4.486236265989877042e-03,-3.080044590419598943e-04
2.008611285348333553e+00,-4.550930963005642149e-03,-2.743430692089284906e-04
2.008631036517006141e+00,-4.590668250242794374e-03,-2.905702576020007975e-04
2.008588431748682179e+00,-4.575590252904951361e-03,-2.933015018265362067e-04
2.008563642968917318e+00,-4.546898982606905303e-03,-3.462254374671968802e-04
2.008490777473216138e+00,-4.533450289225744549e-03,-3.697565927376728566e-04
2.008552784797810631e+00,-4.522475256734078200e-03,-3.215624522063545649e-04
2.008573457179860799e+00,-4.554858946524940194e-03,-2.389831880526916222e-04
2.008499276237469378e+00,-4.586775681226437640e-03,-3.151555212177875858e-04
2.008469198485385299e+00,-4.624731341608821940e-03,-3.901360215293264103e-04
2.008528221178508932e+00,-4.787545500332444567e-03,-4.566472977049067000e-04
2.008636897906247221e+00,-4.833626884521210337e-03,-4.616218822305296829e-04
2.008593878348093220e+00,-4.772885752361757244e-03,-4.511215197387176867e-04
2.008612601048730628e+00,-4.703427536439344810e-03,-4.376489387445108448e-04
2.008574386317421467e+00,-4.574358979041785733e-03,-4.351214029680258743e-04
2.008622522161759072e+00,-4.667215911168073883e-03,-5.213298349285868348e-04
2.008651732198210471e+00,-4.757029827855935138e-03,-4.990421900882454883e-04
2.008727565196853249e+00,-4.786724515504155002e-03,-3.714924729945084827e-04
2.008828376749461686e+00,-4.690818342891573019e-03,-2.848656641558344727e-04
2.008737682489428522e+00,-4.701764634557109752e-03,-3.143472503466490956e-04
2.008739180790058754e+00,-4.759123217052260366e-03,-4.252276014593624307e-04
2.008700606380454445e+00,-4.649802323216022278e-03,-3.718412196604242693e-04
2.008751320431010345e+00,-4.681127090606464376e-03,-3.697089405739475087e-04
2.008723455040839045e+00,-4.671318246769110179e-03,-4.240736016760996395e-04
2.008744792141603064e+00,-4.666063021497361858e-03,-4.066086265155620123e-04
2.008709400419680602e+00,-4.749621648917809122e-03,-3.120342863207508418e-04
2.008693051498716464e+00,-4.782298183808736391e-03,-3.690820089782195497e-04
2.008746469148683822e+00,-4.838556633865886795e-03,-4.655775657157180361e-04
2.008645947072443594e+00,-4.756884680690391491e-03,-5.034351750625937552e-04
2.008612612707394440e+00,-4.743267125976570117e-03,-5.330597247433551799e-04
2.008638708360516389e+00,-4.755372471947882582e-03,-4.491867873585380332e-04
2.008619784675979236e+00,-4.779627755831650573e-03,-4.223354303270715308e-04
2.008604018977299344e+00,-4.830474810300892756e-03,-3.981379768613205260e-04
2.008595799631398560e+00,-4.755004032311924145e-03,-4.129492426211927962e-04
2.008639714292512313e+00,-4.706381144977799663e-03,-4.142514562826632657e-04
2.008726412678538686e+00,-4.686667930608551420e-03,-2.612935572516567181e-04
2.008842576175675632e+00,-4.736711572567962880e-03,-2.968927054513770454e-04
2.008859666084644946e+00,-4.733544942182850955e-03,-3.113624039577436438e-04
2.008898222031349157e+00,-4.718338878286304668e-03,-3.360975535110281268e-04
2.008904943539178145e+00,-4.658396749295345800e-03,-3.495974575258974787e-04
2.008971714252705709e+00,-4.624570875281425186e-03,-4.325728608145416551e-04
2.009029917715958291e+00,-4.651135369053475965e-03,-5.360069721053843661e-04
2.009057765813464957e+00,-4.622258839835470014e-03,-6.203266255189870135e-04
2.009071767073231207e+00,-4.575671638310076575e-03,-6.902453159943790217e-04
2.009081304117297240e+00,-4.528979150793352448e-03,-7.076389260879563381e-04
2.009158340199578952e+00,-4.600342054008175856e-03,-6.122146142956111543e-04
2.009205576585085140e+00,-4.625456245024704531e-03,-6.599077988844855242e-04
2.009260881423199585e+00,-4.612665284391136676e-03,-7.084462737186219324e-04
2.009289495437851514e+00,-4.616769917513318527e-03,-7.213042337065139710e-04
2.009279038941712781e+00,-4.683308866915049905e-03,-6.845740752023716418e-04
2.009334994134917007e+00,-4.678608109010106396e-03,-6.304514992587483555e-04
2.009367340449060180e+00,-4.735018567506425226e-03,-5.658089329621609782e-04
2.009500783708618510e+00,-4.733414959269607349e-03,-6.142909401256289046e-04
2.009558418392195289e+00,-4.682727436408195415e-03,-6.772537296792287709e-04
2.009565281623575395e+00,-4.632154187722965950e-03,-7.180739890064794222e-04
2.009531900853045450e+00,-4.591074736799852576e-03,-7.648372374756802700e-04
2.009549357901085909e+00,-4.627034661623473377e-03,-7.652303771006850868e-04
2.009592134199408076e+00,-4.736751569113959934e-03,-8.159585734293721112e-04
2.009607117103048957e+00,-4.684541772190909704e-03,-8.822612099937785120e-04
2.009642459044509000e+00,-4.682388162377826464e-03,-9.014439592032903997e-04
2.009707963091659444e+00,-4.674197903086669409e-03,-8.847182961894428134e-04
2.009726789648795364e+00,-4.649998312506059897e-03,-8.439511012408189078e-04
2.009840817808338453e+00,-4.715959560044442715e-03,-8.901215733494548385e-04
2.009925157916057969e+00,-4.689560357869986852e-03,-9.608716254505212046e-04
2.009908122881057579e+00,-4.746223570888231588e-03,-9.372942031796188287e-04
2.010004247194654425e+00,-4.816568755841567524e-03,-8.486561237405056222e-04
2.010161366764305679e+00,-4.855804130375818671e-03,-8.074784137686247601e-04
2.010137381442009374e+00,-4.872024498844974849e-03,-8.247564959803924470e-04
2.010262791596765464e+00,-4.948935047399921454e-03,-8.709626894376979855e-04
2.010306376881938029e+00,-4.970914128818166092e-03,-8.819363410782724445e-04
2.010394639559827556e+00,-5.032094145884561352e-03,-8.902720893473842038e-04
2.010380111353895050e+00,-5.044740945073900897e-03,-9.148138621861832314e-04
2.010434212175608693e+00,-5.107743744056202594e-03,-8.553966237959494861e-04
2.010466899385485284e+00,-5.090432147972955707e-03,-8.206361215594385351e-04
2.010455261494686230e+00,-5.111517534591952620e-03,-8.011719071815589762e-04
2.010470787270553394e+00,-5.153134576618239454e-03,-8.187640527210405693e-04
2.010522373799589424e+00,-5.204857931633036575e-03,-8.515679905837408078e-04
2.010511915993126841e+00,-5.279461390775902138e-03,-7.718117783207926498e-04
2.010581581663527295e+00,-5.313180466600074363e-03,-7.395112627000971234e-04
2.010697779477073066e+00,-5.362547601766499972e-03,-7.967616863303363106e-04
2.010724744786495766e+00,-5.291118781006774047e-03,-7.969512344510269047e-04
2.010749388214126743e+00,-5.390721733191452224e-03,-8.453096181801535852e-04
2.010824872964427357e+00,-5.426034820265200967e-03,-8.705910005019627156e-04
2.010822360633881978e+00,-5.475744185504686536e-03,-8.710554048042014720e-04
2.010820365524472741e+00,-5.556299057508813470e-03,-9.046005262531795757e-04
2.010850134488639807e+00,-5.551282600296590479e-03,-8.499986161378269862e-04
2.010863800356939457e+00,-5.616698682348347793e-03,-8.077344672237779521e-04
2.010850915263149297e+00,-5.672008559402899087e-03,-8.562253356126484126e-04
2.010887471981625207e+00,-5.648629564949301379e-03,-8.249246455261704863e-04
2.010817643971667401e+00,-5.727883396757556950e-03,-8.847196547551317968e-04
2.010802743884517518e+00,-5.725534227942702913e-03,-9.292063524899391675e-04
2.010821670974739739e+00,-5.706577616955060828e-03,-9.759287347239411223e-04
2.010792296078665053e+00,-5.641453189945305410e-03,-9.419011000092765559e-04
2.010858208605764919e+00,-5.666797435517395044e-03,-9.567830223000748768e-04
2.010911973512249151e+00,-5.724314377009086588e-03,-1.039368585171031789e-03
2.010842470474478283e+00,-5.764417485590348292e-03,-1.099580771556624105e-03
2.010889352583945300e+00,-5.822893550264141536e-03,-1.076339513254369286e-03
2.010965118068157587e+00,-5.852877453656013182e-03,-1.049513717242846677e-03
2.011028855114856739e+00,-5.908471165137916571e-03,-1.043807494721076283e-03
2.011060888343378483e+00,-5.894381051642220634e-03,-1.014944680356256405e-03
2.011057919858588949e+00,-6.046903171582171388e-03,-1.045042859212432472e-03
2.011051686900797719e+00,-6.054070923758872284e-03,-1.057178946843114744e-03
2.011119013334814021e+00,-5.970943719556869207e-03,-1.071805429869714587e-03
2.011202325836697558e+00,-5.921548800675846373e-03,-1.022941428761640426e-03
2.011160935074912004e+00,-5.918631892853857407e-03,-1.051415165635638006e-03
2.011210391784318485e+00,-5.909540923336598604e-03,-1.060490602634000731e-03
2.011208676964313824e+00,-5.836256457539627449e-03,-1.089277532345049810e-03
2.011319708786822424e+00,-5.909719041915238551e-03,-1.023099522698404712e-03
2.011362367490191705e+00,-5.908958627081595597e-03,-9.835500068305902659e-04
2.011353738856675566e+00,-5.877969972394875807e-03,-1.002135149881973287e-03
2.011363767734108965e+00,-5.842693817002564925e-03,-1.037784542184893698e-03
2.011388322032038545e+00,-5.862976902062027283e-03,-9.661777294189199342e-04
2.011388393829845800e+00,-5.847537753793151903e-03,-9.461874306582380469e-04
2.011373335996567313e+00,-5.887018430386328077e-03,-9.880040544099325146e-04
2.011376107776416955e+00,-5.786083408563520714e-03,-9.906125692361912594e-04
2.011401200718219151e+00,-5.819499403777361052e-03,-9.969698217110534774e-04
2.011482279390634176e+00,-5.805356233329721227e-03,-9.794669670618004476e-04
2.011604054736160663e+00,-5.889782149990605530e-03,-9.738258810291994597e-04
2.011540350327151394e+00,-5.907748688139250436e-03,-1.054331078589524576e-03
2.011597595077159184e+00,-5.874830532185635126e-03,-9.664887675597535425e-04
2.011571810628895118e+00,-5.828676838109940472e-03,-9.713206614588703334e-04
2.011553067911462822e+00,-5.756817916615309706e-03,-9.268286351833714869e-04
2.011498764413073737e+00,-5.882379138497056785e-03,-9.179329801965054438e-04
2.011537223608666825e+00,-5.891440383032802049e-03,-9.226637117768533847e-04
2.011626023159209353e+00,-5.918128893481343529e-03,-8.991741994225856301e-04
2.011582116733433345e+00,-5.957747260759904337e-03,-8.494173634563482317e-04
2.011557807356961103e+00,-6.022997550423330598e-03,-8.272927528218856474e-04
2.011703322798336302e+00,-5.986414509219140610e-03,-8.078389324032243584e-04
2.011722313437831478e+00,-6.006857621637351832e-03,-8.852353559306346334e-04
2.011776200597769293e+00,-6.050628315908110171e-03,-8.756925774022361218e-04
2.011746962237013214e+00,-6.042315477014763118e-03,-8.092344378084728902e-04
2.011753049061600684e+00,-6.035751333715398854e-03,-8.171281780977304385e-04
2.011756464573845271e+00,-5.967926757345420018e-03,-7.656339315411929717e-04
2.011713019244135037e+00,-5.981620619376602950e-03,-7.602403299412642231e-04
2.011691359586929906e+00,-5.988257219872623015e-03,-7.190261648344682286e-04
2.011702193298857022e+00,-5.994167802138815337e-03,-6.434348313501036870e-04
2.011779294835331910e+00,-5.906835842733354491e-03,-6.313920466292207096e-04
2.011728134834276815e+00,-5.879494033571884722e-03,-6.764545183270606870e-04
2.011747307512260274e+00,-5.833576834815878791e-03,-7.751911253505080210e-04
2.011919025906385716e+00,-5.828994402774180864e-03,-8.572812712190318188e-04
2.011911713031464544e+00,-5.866304080977124448e-03,-8.633390235883632189e-04
2.011968479295420220e+00,-5.905959947172932656e-03,-8.669004320468730882e-04
2.011992347266415404e+00,-5.947157240195509974e-03,-9.180926445671020765e-04
2.012025576800702265e+00,-5.969033929281236488e-03,-8.873869130671004340e-04
2.012091500957605916e+00,-5.973808480102879050e-03,-9.143218523468784643e-04
2.012195858234809620e+00,-6.084341617407299820e-03,-9.652923951863925890e-04
2.012166959306289638e+00,-6.086551331601817993e-03,-9.802694167371701385e-04
2.012169638203446631e+00,-6.118306336881384339e-03,-9.796205131171638325e-04
2.012240368495747056e+00,-6.246248149137470854e-03,-1.035626238761172936e-03
2.012351575482948185e+00,-6.256848580136355371e-03,-9.395414811567054164e-04
2.012372718674804162e+00,-6.323700916121744245e-03,-1.001211182280943492e-03
2.012483300413117515e+00,-6.318749743797385035e-03,-9.972394099769610418e-04
2.012513763879271611e+00,-6.250294131401191132e-03,-1.052533905763797326e-03
2.012630647735401457e+00,-6.244244865615671512e-03,-1.073182263413592370e-03
2.012624832697613719e+00,-6.240335411903667057e-03,-1.039422898094298714e-03
2.012679147368964472e+00,-6.192177923942767878e-03,-1.036261221855160888e-03
2.012693872743471335e+00,-6.155844659659738018e-03,-9.468162735440997617e-04
2.012721469142754849e+00,-6.239544056373171402e-03,-1.007665143808815153e-03
2.012791325203800330e+00,-6.257868262055981713e-03,-1.026242450619319112e-03
2.012875038000108141e+00,-6.219002599031505339e-03,-1.063324997061784738e-03
2.012877126991557297e+00,-6.241859944467736433e-03,-1.134310719429828347e-03
2.013032623322100090e+00,-6.291378059795797034e-03,-1.113372112169395359e-03
2.013066437204716674e+00,-6.292798833904681040e-03,-1.157172933666616825e-03
2.013095235468223887e+00,-6.263198187108800878e-03,-1.150685342057575656e-03
2.013185945358705542e+00,-6.287366131085641435e-03,-1.220433516960323442e-03
2.013231039606321104e+00,-6.298537560417442373e-03,-1.233751602409064634e-03
2.013270887603111792e+00,-6.294352765401346923e-03,-1.329664627661446621e-03
2.013179536144669157e+00,-6.327250963617798811e-03,-1.225291586255024224e-03
2.013276408704955500e+00,-6.273579074028779248e-03,-1.177403679338364035e-03
2.013284777030819317e+00,-6.295325073434343728e-03,-1.190795483470314265e-03
2.013312417879437710e+00,-6.312684947314402099e-03,-1.192524938241552954e-03
2.013409164704494270e+00,-6.342293503619244981e-03,-1.235311555160980993e-03
2.013450047993592396e+00,-6.353442227131319772e-03,-1.176766837563137866e-03
2.013510436214765331e+00,-6.387511188140397589e-03,-1.214549379889008152e-03
2.013485017317923287e+00,-6.421925401770865911e-03,-1.251786312037579110e-03
2.013520382015352439e+00,-6.420461533631715775e-03,-1.229343812058698859e-03
2.013611377507561695e+00,-6.474267338170348191e-03,-1.227882561927340181e-03
2.013670426238188149e+00,-6.514275564066002167e-03,-1.218597070895368652e-03
2.013779924468436011e+00,-6.603579564948706786e-03,-1.269924218071318348e-03
2.013785613377060635e+00,-6.600117824274736103e-03,-1.254376919817614842e-03
2.013845470544023186e+00,-6.568347326365461120e-03,-1.208746404935817859e-03
2.013789960915202126e+00,-6.615304869422225856e-03,-1.173464934369384096e-03
2.013897659827884379e+00,-6.636194768739638560e-03,-1.198220281618786725e-03
2.013943833020686469e+00,-6.615793096623219863e-03,-1.329721179901598681e-03
2.013920211694738782e+00,-6.662975539104979208e-03,-1.272633950560265494e-03
2.013933453248314187e+00,-6.727802779867917381e-03,-1.247545224906099681e-03
2.014024738172711437e+00,-6.652737775078795129e-03,-1.227846674164749519e-03
2.014009943182168527e+00,-6.607215236943019508e-03,-1.263281174499589470e-03
2.013981196693495956e+00,-6.643596378968894337e-03,-1.254040587597023658e-03
2.014007788224263962e+00,-6.617136435542683541e-03,-1.266251716846856102e-03
2.014039354015470629e+00,-6.624990579581671590e-03,-1.191710188244253640e-03
2.014013663377437702e+00,-6.627619167919557124e-03,-1.184917462086011557e-03
2.014053100223676562e+00,-6.643239433810981497e-03,-1.179541188912254642e-03
2.014167676206805702e+00,-6.644429883624667667e-03,-1.169473228294070147e-03
2.014162255021377135e+00,-6.598296609575373707e-03,-1.093118175431017497e-03
2.014150947740942499e+00,-6.637244386444366567e-03,-1.062165769989495455e-03
2.014181186032904414e+00,-6.706359164410755254e-03,-1.058993810717399940e-03
2.014315148622183305e+00,-6.676418894886997774e-03,-1.132351438699090267e-03
2.014362885420148519e+00,-6.754344623679197496e-03,-1.025329846111584613e-03
2.014426956355888976e+00,-6.839694176762056710e-03,-1.010804342835093126e-03
2.014485299081063996e+00,-6.759162204667998677e-03,-1.018702945333763545e-03
2.014423512543304540e+00,-6.794163901214556739e-03,-8.996259813032174294e-04
2.014424212590903984e+00,-6.768191903637748620e-03,-8.891140815709000847e-04
2.014471761591045684e+00,-6.709816650516698192e-03,-9.363750406276987208e-04
2.014455621252827289e+00,-6.765659871373075514e-03,-8.429962774907978542e-04
2.014433489119679344e+00,-6.809405025285903724e-03,-8.915715606873525229e-04
2.014522266027173103e+00,-6.774947365058161565e-03,-7.803242162246902709e-04
2.014512579772369527e+00,-6.811627917758367352e-03,-8.339114141266766415e-04
2.014594532656500014e+00,-6.792937235904132794e-03,-7.871897486885173116e-04
2.014662298367720261e+00,-6.765488249884432648e-03,-8.051547269647451113e-04
2.014705040660750068e+00,-6.782937398615488875e-03,-7.646429161954624350e-04
2.014744894278114096e+00,-6.858296169746763357e-03,-8.165129866309132857e-04
2.014779751732188373e+00,-6.899685689087689706e-03,-7.917333854619086793e-04
2.014830241857666238e+00,-6.971956704047294930e-03,-7.255555838205497536e-04
2.014882226895602813e+00,-6.968522268559838861e-03,-7.618954701840622125e-04
2.014918654452063862e+00,-6.924593925638545568e-03,-6.980646338973381338e-04
2.015028564503999586e+00,-6.885556205732552663e-03,-8.103627671865804493e-04
2.014952081582501275e+00,-6.904751131054807402e-03,-7.550353240650107579e-04
2.015098176526800788e+00,-6.847037756896358351e-03,-7.159526846786010926e-04
2.015157688485714971e+00,-6.881379062907899344e-03,-6.586346990334399206e-04
2.015228891107825326e+00,-6.844235325296815255e-03,-6.403956169666671916e-04
2.015227384746542505e+00,-6.853261407545356218e-03,-6.280582548915860513e-04
2.015312442503539359e+00,-6.843904881831970773e-03,-7.259711759412432967e-04
2.015408400121656562e+00,-6.835654439006291425e-03,-8.064148364148526153e-04
2.015375502974200650e+00,-6.907309181738340888e-03,-7.746957687964486439e-04
2.015442235406468274e+00,-6.903202881877314873e-03,-7.327448720518365752e-04
2.015475803783602693e+00,-6.902929498996518073e-03,-7.222682188486195419e-04
2.015542245415629541e+00,-6.869266484005219324e-03,-6.683194760222458276e-04
2.015600378590168607e+00,-6.994738901518955318e-03,-6.923205721466953221e-04
2.015637426210925121e+00,-6.994574536164160743e-03,-7.909806548147676683e-04
2.015735114489602076e+00,-6.992715385545616308e-03,-7.644609541160787966e-04
2.015759267533538512e+00,-7.109225853180928950e-03,-7.507890414439884023e-04
2.015785584978489364e+00,-7.091905749203352913e-03,-7.859122563101770143e-04
2.015820710062175891e+00,-7.225974347227014094e-03,-8.445782131114695692e-04
2.015879684061880450e+00,-7.286506938304342096e-03,-8.460296013838974200e-04
2.015891213630719214e+00,-7.312932362832994838e-03,-9.142020112135388048e-04
2.015859567729268331e+00,-7.410845909967972607e-03,-9.339579670057470860e-04
2.015968878258961539e+00,-7.335218374396887744e-03,-8.848863159706092532e-04
2.015863761504546492e+00,-7.309278875693373499e-03,-8.798463957114035236e-04
2.015892025882147109e+00,-7.302816635728408452e-03,-9.037453169493331676e-04
2.015995124761394752e+00,-7.346553506362696155e-03,-9.557358211138689387e-04
2.016052362708565138e+00,-7.319867017218175537e-03,-9.175372205606393671e-04
2.016091504611700280e+00,-7.328828292709898759e-03,-9.106351978077872108e-04
2.016165058806683508e+00,-7.500939196022838457e-03,-9.061966608886875890e-04
2.016234302534676726e+00,-7.525610201278916563e-03,-8.825116585386202223e-04
2.016292886744172730e+00,-7.519847446985245334e-03,-8.674054977591806820e-04
2.016319251507434629e+00,-7.550563139865318699e-03,-8.563782948587776722e-04
2.016357742386897467e+00,-7.486048580136558071e-03,-8.083803853728081367e-04
2.016380619117555284e+00,-7.509846181806500987e-03,-8.168905663214247803e-04
2.016427926685739891e+00,-7.524814772240318896e-03,-8.264506024468396515e-04
2.016430049823951798e+00,-7.582269387690735406e-03,-8.454374344733042203e-04
2.016495562544641018e+00,-7.597983311473047868e-03,-7.339948024955335326e-04
2.016592550099168157e+00,-7.619882304255450392e-03,-6.937153270023914409e-04
2.016606181624621463e+00,-7.630469065324244245e-03,-6.844996235653920099e-04
2.016686078889428302e+00,-7.635354280893693300e-03,-6.511951681330200139e-04
2.016640686137919136e+00,-7.762050588738533125e-03,-6.109050360790730175e-04
2.016694326945556615e+00,-7.770486676101601847e-03,-5.968956222694403587e-04
2.016792499282475948e+00,-7.754808402896547909e-03,-6.194558696735861679e-04
2.016833553236995868e+00,-7.827914591898986474e-03,-5.495812216383886813e-04
2.016928539554546429e+00,-7.821443629424048444e-03,-6.600885039290811619e-04
2.016924077660641856e+00,-7.823746991132753473e-03,-7.072153115929602800e-04
2.016933016487303831e+00,-7.845734910173356863e-03,-7.183799483078425179e-04
2.017006326614543266e+00,-7.825631105436010176e-03,-7.062639763517915672e-04
2.017019834013915158e+00,-7.831182428648384916e-03,-6.897977442270505606e-04
2.017028146880160300e+00,-7.894084792248495103e-03,-6.346144424727846820e-04
2.017102720974404129e+00,-7.986701425379643532e-03,-5.208095506194554197e-04
2.017118972306562341e+00,-7.937877515788890198e-03,-4.901083522467239266e-04
2.017116072465231724e+00,-7.950737414544706977e-03,-4.381453590293110829e-04
2.017190003950613431e+00,-7.972664377131902930e-03,-3.790985005995584642e-04
2.017306336103806164e+00,-7.941534993610173399e-03,-4.205911650548149207e-04
2.017437294577748119e+00,-7.910104332388043571e-03,-4.151157570188748042e-04
2.017422645364673084e+00,-7.929629491068358391e-03,-3.565830054449540014e-04
2.017447106547604285e+00,-7.978428072206481328e-03,-2.788570975769448187e-04
2.017484179847302439e+00,-8.047441540567197571e-03,-2.125135208130542533e-04
2.017543031244710239e+00,-8.045965220216161687e-03,-1.642087365998373292e-04
2.017642572947702995e+00,-8.009739926321366929e-03,-2.149223195698896072e-04
2.017655615559840410e+00,-8.037842190629862493e-03,-2.920794834671422359e-04
2.017682798031781299e+00,-8.050706348532464529e-03,-3.521945642897581050e-04
2.017759843177569845e+00,-8.057581454372277074e-03,-2.579760331862671410e-04
2.017799046807966512e+00,-8.029091338129880351e-03,-1.483041706514368107e-04
2.017836226304418723e+00,-8.100031374825377925e-03,-2.405222252898547635e-04
2.017895157381912163e+00,-8.157781013740632997e-03,-2.858100190970626927e-04
2.017892935633042839e+00,-8.159620974050377923e-03,-2.926656827285913846e-04
2.018061560479911254e+00,-8.241551159949329561e-03,-2.207760617367746569e-04
2.018067997543532499e+00,-8.341222878246000796e-03,-1.446455837329177919e-04
2.018048650921563159e+00,-8.345505045984613277e-03,-6.475645037079859887e-05
2.018086699808724127e+00,-8.386999453242673444e-03,-1.453356723191944204e-04
2.018063912646106406e+00,-8.401587874704017841e-03,-7.446266661747074343e-05
2.018126095056803848e+00,-8.437943578938197561e-03,-9.285705219150466709e-05
2.018177624513073809e+00,-8.500912689639743974e-03,-3.361703255914711037e-05
2.018218141715705460e+00,-8.526134703697101774e-03,-6.967173406440614787e-05
2.018284763634333956e+00,-8.466754180688118928e-03,-8.313855714827418761e-05
2.018373547252124478e+00,-8.410452616034345616e-03,-6.977121519147331705e-05
2.018505103770201092e+00,-8.425194643658501931e-03,-8.901200139547625796e-05
2.018599173059871354e+00,-8.363038096116876333e-03,-1.160839966341919560e-04
2.018651752041611847e+00,-8.430685507848754631e-03,-1.708133732343277138e-04
2.018657570360411935e+00,-8.459795492022035082e-03,-1.397337720211486276e-04
2.018777193692926630e+00,-8.567726678912014615e-03,-1.724312866225558656e-04
2.018819764695716223e+00,-8.475822574573676008e-03,-1.920144733692800618e-04
2.018858715631125733e+00,-8.533862620101575688e-03,-1.649089097303981237e-04
2.018937751792907243e+00,-8.531973691600780105e-03,-1.915819730870788452e-04
2.018980759951387149e+00,-8.587057135656286921e-03,-1.890945241618471754e-04
2.019007316271953734e+00,-8.566162438203921495e-03,-1.952767974266884617e-04
2.019111526010731517e+00,-8.603686223039292910e-03,-2.326426809590820093e-04
2.019229169542113400e+00,-8.566888380412059426e-03,-2.490183842504835841e-04
2.019273280354470845e+00,-8.586181006654597034e-03,-2.441342848833221368e-04
2.019300329152853735e+00,-8.567697681613004740e-03,-1.951320749284518857e-04
2.019463335322846387e+00,-8.552154823895872712e-03,-1.449805217819353782e-04
2.019448910032707545e+00,-8.525242317509501913e-03,-2.680384249689101166e-05
2.019577962308433339e+00,-8.607850331607498628e-03,6.183495781430966816e-05
2.019623010435843913e+00,-8.695389375946629279e-03,-7.246652049116311623e-06
2.019552048364774421e+00,-8.742009939567783189e-03,3.147699951597755433e-05
2.019539677830405111e+00,-8.791257522622343210e-03,-2.745954472910215323e-05
2.019656904336008196e+00,-8.748488646665848051e-03,-1.058765497833833908e-05
2.019697267739391844e+00,-8.805868913046462770e-03,-1.308778630980304956e-05
2.019648630005644652e+00,-8.823000003008967321e-03,-8.288437615637223282e-05
2.019679300429172653e+00,-8.852008083153705895e-03,-1.057472522907376743e-04
2.019635337357380767e+00,-8.839308606672343152e-03,-1.470164047908616134e-04
2.019577197387817158e+00,-8.830652264863556034e-03,-1.441664164829988741e-04
2.019606843315317146e+00,-8.865661384563109162e-03,-1.440147115035858463e-04
2.019638044490126738e+00,-8.934565296541619600e-03,-1.894121225171614502e-04
2.019623986548853001e+00,-8.982111403274083486e-03,-2.105958719510894826e-04
2.019626386378034599e+00,-8.927092832768998912e-03,-2.253982277452844631e-04
2.019656606466420978e+00,-8.966124362751487498e-03,-2.215720093269296490e-04
2.019677803430812268e+00,-8.987591017172681315e-03,-2.550542907669466541e-04
2.019665201426453560e+00,-8.932474491814864151e-03,-2.143067430883341829e-04
2.019732807529248220e+00,-8.947498587654848304e-03,-2.815842643944166585e-04
2.019843584671166425e+00,-8.950047776799913493e-03,-3.049241911868324616e-04
2.019838486882684414e+00,-8.885906118941062568e-03,-2.563618101480152770e-04
2.019847883049839421e+00,-8.780291911316497055e-03,-2.754383742263538724e-04
2.019902833602538639e+00,-8.807690934635596311e-03,-2.895260604971814484e-04
2.019886927378780950e+00,-8.816827812265497222e-03,-3.196029060358361400e-04
2.019918071163369522e+00,-8.827995921827600304e-03,-3.893799765282830684e-04
2.019994806876711291e+00,-8.856776914914649482e-03,-3.986731146507211505e-04
2.020089142497291768e+00,-8.876909903509411920e-03,-4.330085245136135576e-04
2.020088597147259524e+00,-8.870496649588326121e-03,-3.776659054474562258e-04
2.020143351997744308e+00,-8.776804431396311931e-03,-3.687897373373660859e-04
2.020151462068016546e+00,-8.724689106455600293e-03,-3.200096717269959720e-04
2.020165450999578116e+00,-8.683672857624330846e-03,-3.496385174478108251e-04
2.020185639091777841e+00,-8.737593225237753891e-03,-3.607869379450073452e-04
2.020242747984764886e+00,-8.770020933039574321e-03,-2.436594161038779360e-04
2.020378069479208616e+00,-8.726046280730564986e-03,-3.111731995064120795e-04
2.020391986035676712e+00,-8.730773610853935843e-03,-3.232789986476254543e-04
2.020473841335487020e+00,-8.816996395534215311e-03,-3.231795334655834925e-04
2.020484189079984283e+00,-8.885558528824792981e-03,-3.483717236390574648e-04
2.020482036145979432e+00,-8.941689679240173716e-03,-4.109479263453499225e-04
2.020507824844590683e+00,-8.892984330459910783e-03,-4.071519901523973210e-04
2.020512737922987245e+00,-8.880108780058244833e-03,-3.428993724392169701e-04
2.020588165901509026e+00,-8.896386704031625584e-03,-2.731570236696307633e-04
2.020635994281759551e+00,-8.928752501367808250e-03,-3.600743366350115282e-04
2.020632405186983949e+00,-8.939941071649510837e-03,-2.746048819684830710e-04
2.020693751186299458e+00,-8.968969042508063289e-03,-3.656888158540277543e-04
2.020749519277724282e+00,-9.053388832113170789e-03,-3.951488104730883325e-04
2.020839416556435619e+00,-9.129769457066226265e-03,-4.659086861489580302e-04
2.020847864273699557e+00,-9.083530028205208384e-03,-5.152629146445207673e-04
2.020920137873789546e+00,-9.032514318197045269e-03,-5.764301627509841935e-04
2.021002045457345631e+00,-9.028078793909559766e-03,-5.819593596410869334e-04
2.021013620096930197e+00,-9.001669324952912138e-03,-5.930885563995324291e-04
2.020982149273433670e+00,-9.095720921746291987e-03,-6.684462950761927043e-04
2.021064951314035074e+00,-9.051300638305375540e-03,-6.170539522535393702e-04
2.021144322933217996e+00,-9.009763664676075090e-03,-6.658450144944669117e-04
2.021154940064873617e+00,-9.049612095273919243e-03,-7.171630129473875650e-04
2.021158700646331408e+00,-9.051692751658863695e-03,-6.691641204605983974e-04
2.021275425742866894e+00,-9.085395431582493284e-03,-6.942339209671810358e-04
2.021329913018882873e+00,-9.126002322873170286e-03,-6.911237645043374163e-04
2.021357069999543565e+00,-9.116212226966218662e-03,-6.515076495367094203e-04
2.021420088135736481e+00,-9.191410312431097171e-03,-7.190137914822916079e-04
2.021517859390515426e+00,-9.257020474781238115e-03,-7.402797612265819231e-04
2.021461491901061613e+00,-9.293510761728554850e-03,-6.964277422016540908e-04
2.021471402602450951e+00,-9.342352690563002562e-03,-6.914405567330780215e-04
2.021599967341689119e+00,-9.384484859533550466e-03,-6.433064106242539562e-04
2.021590178985148256e+00,-9.391057338153114414e-03,-6.689946107755550360e-04
2.021595855730957236e+00,-9.369019863677222754e-03,-5.609585791643110922e-04
2.021615700053535303e+00,-9.369358428080639886e-03,-5.956726161250033369e-04
2.021659940752088769e+00,-9.286184693463957543e-03,-5.190709058786055832e-04
2.021727969560871863e+00,-9.267055874174095695e-03,-5.628711526976989390e-04
2.021730131332069469e+00,-9.265660898398326434e-03,-5.335199194046737984e-04
2.021761332679290479e+00,-9.269102682838835372e-03,-5.134787458754105265e-04
2.021823478832487808e+00,-9.250760358015745755e-03,-4.648941203469057651e-04
2.021867463262767117e+00,-9.287791495780994486e-03,-3.467797230392979978e-04
2.021867569853778690e+00,-9.373357524178119876e-03,-2.593252935280532375e-04
2.021817622060061215e+00,-9.363118726017458093e-03,-2.509632383297334874e-04
2.021848473116662159e+00,-9.354123457179596909e-03,-1.194586167952909966e-04
2.021895420283690292e+00,-9.235208609420621564e-03,-1.073360122606340536e-04
2.021866965680187533e+00,-9.290132436439836952e-03,-8.357850396409023175e-05
2.021965983514662835e+00,-9.350659667583714751e-03,-3.790494486713105764e-05
2.022067417164167935e+00,-9.508008268367139360e-03,-1.016535258545974395e-04
2.022066433947526054e+00,-9.561014589542079709e-03,-1.581453874283641548e-04
2.022147550319650211e+00,-9.605627971357267453e-03,-1.322476367381705137e-04
2.022157147616610029e+00,-9.585007236947594780e-03,-6.062344413342214298e-05
2.022203071936979235e+00,-9.589159188880456292e-03,-3.474228973390735116e-05
2.022128115910952761e+00,-9.660574005143160101e-03,-6.258302749879441349e-05
2.022135031901835855e+00,-9.625606994123151947e-03,-1.144085622726335430e-04
2.022165335710269574e+00,-9.636853677996612758e-03,-1.111400415824291739e-04
2.022248241294609894e+00,-9.639186116665417886e-03,-1.356728152725260143e-04
2.022262826606159969e+00,-9.652997530718042396e-03,-1.058051863356752230e-04
2.022292991864925060e+00,-9.709076272221355344e-03,-9.164228981243475319e-05
2.022299400395743074e+00,-9.714689345443573362e-03,-2.586704038891821783e-05
2.022329821823985352e+00,-9.764812513074603087e-03,4.245599755572253465e-06
2.022325724098590349e+00,-9.823837274520947835e-03,-7.352233085880598813e-05
2.022431167890931469e+00,-9.871449598157949409e-03,-6.411296267478671404e-05
2.022395823357054478e+00,-9.906465960233231186e-03,-1.441928119367869872e-05
2.022421585144529743e+00,-9.937122336692272642e-03,2.765048467919124629e-05
2.022426481216705429e+00,-9.896779637688764286e-03,7.494565669656231741e-05
2.022414431747239227e+00,-9.937773638045904745e-03,1.556204074022735692e-04
2.022499072979548007e+00,-1.002158016869566376e-02,1.896129017226751796e-04
2.022634084566470758e+00,-9.976363776338696698e-03,2.036731991000370211e-04
2.022649922931508470e+00,-9.951608268541899463e-03,2.523259117350089092e-04
2.022707864178097559e+00,-1.003305275340700582e-02,2.941400638902955870e-04
2.022726138286346398e+00,-9.972864326850870709e-03,3.368161515447026582e-04
2.022816923019685742e+00,-9.994017523876675552e-03,3.180482365669877617e-04
2.022920769662596818e+00,-1.002740460427946866e-02,3.065176168826641112e-04
2.022943533170850294e+00,-9.989531504496343417e-03,3.034183891525722146e-04
2.022994730033435218e+00,-9.992629574812823476e-03,2.905177890925109618e-04
2.023093813649031514e+00,-9.961886843362013563e-03,3.563783383282365970e-04
2.023155382231337729e+00,-9.963488586091013774e-03,2.670091775432264494e-04
2.023210549150961324e+00,-9.942955715516444554e-03,3.323785328156419029e-04
2.023309181234896226e+00,-1.003237731380320595e-02,2.798578048309047217e-04
2.023364872081022003e+00,-1.004338226832862495e-02,2.969153752228980260e-04
2.023347099759662093e+00,-1.010349686997764722e-02,2.373787885336973796e-04
2.023414375493074235e+00,-1.016808817579621313e-02,2.493322877308026212e-04
2.023431270043130059e+00,-1.013409002206061386e-02,3.092853505006547764e-04
2.023498137822275833e+00,-1.014032678399434499e-02,2.397728301061578240e-04
2.023619931355771229e+00,-1.013509036193998084e-02,2.241966200253352388e-04
2.023648500770294234e+00,-1.015079231522203473e-02,2.641788373347921104e-04
2.023807978036297861e+00,-1.010164224111945695e-02,2.653188288122148328e-04
2.023841694439966865e+00,-1.016180512965144354e-02,2.621485335339712600e-04
2.023816074355296202e+00,-1.007542324146184880e-02,2.488167459687914149e-04
2.023868515872870866e+00,-1.009570843275823561e-02,2.479661555248521289e-04
2.023919378587731632e+00,-1.011293119798420924e-02,2.100615080800090752e-04
2.023914406170392866e+00,-1.005166180413989349e-02,2.768201736307789127e-04
2.023906726167837622e+00,-1.010246956369880746e-02,3.701207059303625465e-04
2.023922600450301701e+00,-1.004012791067981220e-02,3.903959311219500289e-04
2.023979025620815886e+00,-1.002775661378850838e-02,4.301207588424279496e-04
2.024027818827991876e+00,-9.990356795559740197e-03,4.041969731839116075e-04
2.024039240000358841e+00,-1.003376147027074464e-02,3.329143323699267922e-04
2.024103446691084329e+00,-1.008771621018583406e-02,3.805285698425666741e-04
2.024124979575783190e+00,-1.018703262864182127e-02,4.241823376799926364e-04
2.024196045351627671e+00,-1.022252631521413345e-02,3.740982453063437688e-04
2.024233866031488915e+00,-1.020132202438485056e-02,3.295983709065464814e-04
2.024241519555415536e+00,-1.023374148303647126e-02,3.403887776499060660e-04
2.024295839764022720e+00,-1.023749334233080462e-02,4.152141584473255311e-04
2.024401010395406431e+00,-1.025259344199185886e-02,2.905474789819692625e-04
2.024491385554803013e+00,-1.033262738663045209e-02,3.148915409029516381e-04
2.024537129217363507e+00,-1.033506733640982868e-02,2.939792716164675839e-04
2.024650508282558548e+00,-1.046704471573172215e-02,2.772203923713067834e-04
2.024699851040558940e+00,-1.052198390912094904e-02,3.656457509466537643e-04
2.024711920742680249e+00,-1.056608104190330868e-02,4.152921866432550445e-04
2.024726235952142517e+00,-1.051678176495560862e-02,5.015198003128073113e-04
2.024793858906514643e+00,-1.060215355119598774e-02,3.884524279119109429e-04
2.024816990971487929e+00,-1.057145187080055747e-02,3.739606119351372238e-04
2.024893331882124503e+00,-1.055731750602035245e-02,3.634142490703858985e-04
2.025005759906386871e+00,-1.068761794686670305e-02,3.236324859711282691e-04
2.025000971748093459e+00,-1.071205746890824088e-02,3.382188577606716744e-04
2.024999868900979383e+00,-1.072153035404045489e-02,3.509930454209859475e-04
2.025159480760623243e+00,-1.067030949572124292e-02,3.257113503398515971e-04
2.025185073399002000e+00,-1.069337517192067710e-02,3.036009139202483519e-04
2.025249208538468793e+00,-1.073560729948352770e-02,2.516713358355556233e-04
2.025235694444268653e+00,-1.079320612870347980e-02,3.203225020502234433e-04
2.025150626752892702e+00,-1.084966092123904914e-02,2.845346849462493735e-04
2.025187770599684800e+00,-1.086113643753707989e-02,3.583051734635843226e-04
2.025278853704346016e+00,-1.092564329481284999e-02,2.686931163558394300e-04
2.025289121484603605e+00,-1.096725853854429306e-02,2.029935116880448535e-04
2.025364860722751459e+00,-1.096169684907112758e-02,2.023345291961394692e-04
2.025444311329778202e+00,-1.095774551049699327e-02,1.113452696472316524e-04
2.025527231444523402e+00,-1.101212375692297608e-02,1.177323290119344269e-04
2.025663786694562596e+00,-1.103160116715099642e-02,9.273513746066000042e-05
2.025760863663548683e+00,-1.106679173318101533e-02,1.181017356308304475e-04
2.025778233442742771e+00,-1.106433106925929465e-02,2.069602897793705132e-04
2.025900521807967980e+00,-1.106231485906140205e-02,2.762786633160275117e-04
2.025998206491388398e+00,-1.107510181594492486e-02,2.549090206334649836e-04
2.026042660218930980e+00,-1.113838904957020759e-02,2.648035180366319075e-04
2.026078171310422782e+00,-1.116259758853069620e-02,3.308576631068116413e-04
2.026111034644899167e+00,-1.121726596083008967e-02,3.614063105661768764e-04
2.026163405780312399e+00,-1.125301647468837131e-02,3.775578349067712589e-04
2.026158862195706067e+00,-1.123185014439715378e-02,3.449140009474176388e-04
2.026185495303651773e+00,-1.124152947419545037e-02,3.235137457987275617e-04
2.026243621473696077e+00,-1.134249295443641621e-02,2.398943666459960522e-04
2.026150817656150682e+00,-1.137534549230219405e-02,2.321426320756364743e-04
2.026157403322858208e+00,-1.137545150161499777e-02,2.574910947460475334e-04
2.026144992722093807e+00,-1.141651846573722359e-02,2.597697377152752328e-04
2.026142687050495272e+00,-1.144204441628935559e-02,2.944409679376406631e-04
2.026178418085835986e+00,-1.148676753869196446e-02,3.025372786399758594e-04
2.026178662871681357e+00,-1.153226062532363566e-02,3.339160884943032678e-04
2.026225345103337183e+00,-1.150735641139563614e-02,2.681470470289660547e-04
2.026272406361609768e+00,-1.139995082496757586e-02,1.292744331772469979e-04
2.026282333153141657e+00,-1.137274963182506593e-02,1.360075446574896831e-04
2.026389152912295266e+00,-1.131050742585776661e-02,1.995828503990901910e-04
2.026457318930845020e+00,-1.139233513195002552e-02,6.399099496917835220e-05
2.026518146580080781e+00,-1.135300708975314418e-02,9.207659599778804567e-05
2.026550207331989206e+00,-1.136465240418630188e-02,2.508878883295566277e-05
2.026559173467849195e+00,-1.139989433431535040e-02,-9.551710532764492176e-08
2.026618152822113661e+00,-1.140070119259081229e-02,-2.340377878294357922e-05
2.026670504417022567e+00,-1.147089261319749094e-02,3.550130131836454434e-05
2.026705036133220617e+00,-1.148162122101030296e-02,-3.425873751257390296e-05
2.026820839860997481e+00,-1.149835936151537286e-02,-1.665575225811722013e-05
2.026807881764842278e+00,-1.146230437864023156e-02,-2.616421114738523993e-05
2.026863968632736324e+00,-1.148654609893627089e-02,1.290997216779406586e-05
2.026933959538395946e+00,-1.154376536147788158e-02,5.420910350428498586e-05
2.026938192339714284e+00,-1.162114639866355763e-02,2.989435534762377152e-06
2.026989535948770627e+00,-1.168808072772773744e-02,-3.141099758302667376e-06
2.027089600676960313e+00,-1.171628607720977440e-02,3.322682662581937944e-05
2.027212055288144743e+00,-1.167727142978229431e-02,-4.507746613496428195e-05
2.027231614595954579e+00,-1.168571135864912743e-02,1.824963131862696112e-05
2.027310218227674543e+00,-1.166283672834290269e-02,-3.115919231386344689e-05
2.027385943351838193e+00,-1.168402622760774008e-02,4.717688535225800196e-05
2.027410592469842232e+00,-1.167390476069740148e-02,1.801563854569329000e-05
2.027423310954969526e+00,-1.172041493330364288e-02,-4.888755714125098898e-05
2.027459321087730082e+00,-1.175459478797503086e-02,-3.059258841028188500e-05
2.027370229512033273e+00,-1.172640033509373021e-02,1.083957455382655578e-05
2.027265808032970185e+00,-1.183823338327541670e-02,1.071797073862946668e-05
2.027305233115704208e+00,-1.176539888091026644e-02,-6.425890704129014717e-05
2.027387339275180889e+00,-1.176235070235490468e-02,-9.352180588050475858e-05
2.027360970017599406e+00,-1.175415931267703544e-02,-6.542269781379105595e-05
2.027503461167609267e+00,-1.180847087129786518e-02,-2.585060010974831693e-05
2.027424234364340272e+00,-1.183936391541460728e-02,-8.078976683057652406e-05
2.027518333695802699e+00,-1.195888601369616763e-02,-5.156358401489912488e-06
2.027536963304486406e+00,-1.187595989153740657e-02,-4.456310571271463730e-05
2.027595809162459517e+00,-1.186925261244538114e-02,-5.851064310595350767e-06
2.027659051043106953e+00,-1.192891811322845108e-02,4.769296986899738652e-05
2.027733019673852777e+00,-1.194861113305050598e-02,1.073482845162368536e-04
2.027771703696294114e+00,-1.196999603959647031e-02,1.101551682032845305e-04
2.027777090543765759e+00,-1.195264161391423018e-02,2.311421702809400276e-04
2.027789285846791856e+00,-1.190966705944067686e-02,2.590166940892532914e-04
2.027840332607439233e+00,-1.196330364713506580e-02,3.004026414465566929e-04
2.027900346464944992e+00,-1.203419265575149041e-02,2.415060580940255226e-04
2.027935579644315922e+00,-1.207005570726568840e-02,1.941630674720368189e-04
2.027900881801927291e+00,-1.202267071906504801e-02,2.579154633187765735e-04
2.027970721459370296e+00,-1.204275069846240040e-02,2.644492644212745780e-04
2.027938989884545240e+00,-1.210806423861363751e-02,2.206146796031032570e-04
2.028036505522295752e+00,-1.213365082494168197e-02,2.597304323989448375e-04
2.028056270322704524e+00,-1.219699178658952519e-02,2.467798062730032537e-04
2.028101843298861340e+00,-1.227140801695858312e-02,3.183129756647160762e-04
2.028151218597548322e+00,-1.234057222089777854e-02,3.191319621122464846e-04
2.028116796904768204e+00,-1.236764730647627909e-02,3.544479655214861436e-04
2.028063992975601693e+00,-1.236536197637489592e-02,3.535053744100603531e-04
2.028068859127077683e+00,-1.241111244181466837e-02,2.975430029576752225e-04
2.028119886566288610e+00,-1.247844559616269160e-02,2.684369216917121452e-04
2.028174215362053889e+00,-1.254134470988669051e-02,2.619286093651721219e-04
2.028202876243892394e+00,-1.253232280274531318e-02,3.376297845146421488e-04
2.028292234317548903e+00,-1.251421958408595672e-02,3.875004947922461697e-04
2.028305752557882258e+00,-1.247608240678248041e-02,4.141875067761666010e-04
2.028363808249604716e+00,-1.250986544862168516e-02,3.979435382142950664e-04
2.028533091334983940e+00,-1.253940667704339998e-02,2.820137846634050639e-04
2.028596779565927655e+00,-1.254506681433251690e-02,2.208108840256354317e-04
2.028638789230641670e+00,-1.263824018460113670e-02,2.140148328093495597e-04
2.028728479355190295e+00,-1.262956608364579694e-02,2.004641405874829771e-04
2.028746722882457831e+00,-1.259384807348789929e-02,1.221692353362799658e-04
2.028832058457807452e+00,-1.255329857175314749e-02,1.695513494137187332e-04
2.028898442797512303e+00,-1.266576247541353548e-02,1.219585013063756158e-04
2.028979810433696684e+00,-1.272976738871918478e-02,4.969673959226889081e-05
2.029020279497057100e+00,-1.278060709614725794e-02,2.433334191382886951e-05
2.029027797961965529e+00,-1.278481461637359824e-02,2.369451201044616025e-06
2.029101663367460340e+00,-1.285295564942354890e-02,-4.254700559045512559e-05
2.029093429009114935e+00,-1.295314725805720921e-02,-1.254323257948219755e-04
2.029077172511212890e+00,-1.291387093988015551e-02,-1.061086350685570492e-04
2.029142494781740691e+00,-1.293462985747157422e-02,5.040580632088735374e-05
2.029129663484892987e+00,-1.287229551456442467e-02,-8.843197738527204847e-05
2.029160995614970098e+00,-1.291057747155138075e-02,-6.583755630650139370e-05
2.029091876357651536e+00,-1.289704022580804091e-02,2.046027065407858016e-05
2.029114014380214215e+00,-1.284323833607664382e-02,8.786043934183367123e-06
2.029021353863748267e+00,-1.280691837819697768e-02,-2.832492432625427167e-06
2.028987809725585567e+00,-1.289370555223707561e-02,4.163049207074507815e-05
2.028967425973964733e+00,-1.291443873217447413e-02,8.807842994006631588e-05
2.029053070725131303e+00,-1.295450201682271478e-02,1.790177384343032444e-04
2.029194344505464986e+00,-1.299938894175758919e-02,1.409373047253672498e-04
2.029234259838051724e+00,-1.311734994502886630e-02,1.564819132337734421e-04
2.029296421167463116e+00,-1.316966100452158540e-02,1.431635718751053470e-04
2.029341565973739936e+00,-1.317305282165854435e-02,5.974019170295428592e-05
2.029368246288914435e+00,-1.329306921196112684e-02,1.522871296098291362e-04
2.029465316647112605e+00,-1.332409431984399664e-02,1.530984176470251488e-04
2.029477164748636930e+00,-1.322933419811441608e-02,1.951245300879774164e-04
2.029487751074479096e+00,-1.326151155973949794e-02,2.546611604323553821e-04
2.029509960721759487e+00,-1.338429672655237074e-02,2.580745218331121043e-04
2.029547639479389876e+00,-1.341094106646692312e-02,1.595661049148620458e-04
2.029622296998066844e+00,-1.349314289986619161e-02,2.388255375643689592e-04
2.029627897035010786e+00,-1.347285700631161917e-02,2.633746338202447453e-04
2.029677449691327684e+00,-1.352165909411352264e-02,2.264037433163296241e-04
2.029680753348797051e+00,-1.354389045906569805e-02,3.043341130393715545e-04
2.029796335285288134e+00,-1.354594193552880951e-02,3.032254936137380032e-04
2.029833527752398670e+00,-1.364008279857637992e-02,3.225095142622706919e-04
2.029904824172155564e+00,-1.366627192431639666e-02,4.189783020878930296e-04
2.029972434466200681e+00,-1.371211403508430272e-02,3.622157271306037079e-04
2.029907767175360700e+00,-1.375164316606647397e-02,3.995083789705445318e-04
2.029991001323459443e+00,-1.379674967089371089e-02,3.412547903547065225e-04
2.029968414120556286e+00,-1.384686686343744935e-02,2.198540020019962380e-04
2.030052412108894977e+00,-1.376835461521020570e-02,2.152667694404262859e-04
2.030067640937360363e+00,-1.380832733916101396e-02,2.142512400852258079e-04
2.030126882856220227e+00,-1.383942304532977119e-02,1.779943034770147621e-04
2.030224931233407304e+00,-1.388097253943518586e-02,1.163699113952455110e-04
2.030288791295713047e+00,-1.398504913569834432e-02,1.334482811842578305e-04
2.030336165434841966e+00,-1.394547146598715606e-02,1.673852038032543673e-04
2.030437057363907893e+00,-1.397521714196657723e-02,1.986423260532849979e-04
2.030421008428798579e+00,-1.398231472810236402e-02,2.139410937255091689e-04
2.030342977627036305e+00,-1.402020848294175358e-02,2.839160603701455657e-04
2.030341313336064157e+00,-1.407946461915181996e-02,2.738461326699579259e-04
2.030381814256163153e+00,-1.412155489515881136e-02,2.948047932270901508e-04
2.030381533894444868e+00,-1.427582251104983838e-02,2.660924711832568534e-04
2.030454227006409873e+00,-1.433668626182352593e-02,2.917960870615376491e-04
2.030501007724371032e+00,-1.437737771221013656e-02,3.098151019855432346e-04
2.030443189209991672e+00,-1.445093845602875293e-02,3.782246166236457284e-04
2.030484659093795052e+00,-1.451078703556996433e-02,3.520967545006284632e-04
2.030497248702646473e+00,-1.452078262473372773e-02,2.800184420126420790e-04
2.030604737393980397e+00,-1.457605218262155410e-02,1.939472979811468424e-04
2.030643692872413197e+00,-1.455683391689592023e-02,1.388803994688397598e-04
2.030699449759646669e+00,-1.454228655661148582e-02,1.636260168293203758e-04
2.030766292159065678e+00,-1.455523920044829098e-02,1.735093514036798856e-04
2.030788626139997000e+00,-1.453307244768705514e-02,1.576934414613304460e-04
2.030861516465567007e+00,-1.454070011067790449e-02,1.849207710211745706e-04
2.030892827118184307e+00,-1.452750917144038367e-02,1.976331757608626070e-04
2.030907323831277367e+00,-1.458284994779569278e-02,1.808178736427135385e-04
2.030991503370176421e+00,-1.466713119695898897e-02,2.470338367745852958e-04
2.031046434906595088e+00,-1.466249560572037251e-02,3.761168775172109291e-04
2.031090035988643461e+00,-1.467790283944373289e-02,4.211169203241557765e-04
2.031082324656086513e+00,-1.469663984237371858e-02,3.661871534580643127e-04
2.031172987003360575e+00,-1.472371117214478498e-02,3.823055672354074008e-04
2.031215713427908742e+00,-1.476336870588961132e-02,4.357515231159278632e-04
2.031315296808383852e+00,-1.476013613785018795e-02,3.274667486861255182e-04
2.031388430705819648e+00,-1.482499501037980692e-02,2.964486099152203709e-04
2.031451501830023432e+00,-1.486938280983508658e-02,3.377653793613849325e-04
2.031481086732873198e+00,-1.483366297595528280e-02,3.284923463054704638e-04
2.031556091883500059e+00,-1.485635677421390070e-02,2.640197421878814053e-04
2.031654405222263371e+00,-1.491487335896343573e-02,2.556160921189759268e-04
2.031736115873625792e+00,-1.494843411317523137e-02,2.209342256984853689e-04
2.031811727838767734e+00,-1.495748043816137393e-02,2.071590183132757546e-04
2.031840070533088571e+00,-1.492866838629803780e-02,2.444537162112836383e-04
2.031881094856842651e+00,-1.490989878201380743e-02,2.433133047394661847e-04
2.031896355869494020e+00,-1.501200060429758697e-02,2.281787351178565034e-04
2.031889788946515729e+00,-1.504409467977187338e-02,1.475328496544724263e-04
2.031908619627096790e+00,-1.507960541310640612e-02,1.796233800801808815e-04
2.032001119770775244e+00,-1.516580266769423577e-02,2.104087266120203980e-04
2.032076325498456182e+00,-1.521243947449596109e-02,2.006905680215382030e-04
2.032133415697961354e+00,-1.524816231572046800e-02,1.837952234230894890e-04
2.032287740650410957e+00,-1.529512117638393009e-02,2.046736568504384853e-04
2.032254786111221456e+00,-1.523480237938924960e-02,1.250661665347259626e-04
2.032320142987026124e+00,-1.525213491031487609e-02,1.814026388228167437e-04
2.032427079151865712e+00,-1.525675334703027221e-02,2.522151189235010619e-04
2.032477281321366291e+00,-1.537866905228410692e-02,2.487232225041858223e-04
2.032554185774440914e+00,-1.535088859628448536e-02,1.892602650624677571e-04
2.032568702559343077e+00,-1.537895474253640933e-02,1.054801085525178722e-04
2.032616853868105977e+00,-1.547596776466487675e-02,7.577765076055793857e-05
2.032697928646083341e+00,-1.542746718459737584e-02,5.738931257990378964e-05
2.032762194488274332e+00,-1.544533054093585184e-02,1.123195296169831291e-04
2.032762711494810581e+00,-1.557141793681179019e-02,8.068833734490164409e-05
2.032833623891297403e+00,-1.559501381970192745e-02,5.770873513606848497e-05
2.032865217030285887e+00,-1.571372104674850084e-02,5.436817535606393721e-05
2.032921296897072239e+00,-1.572603968618684067e-02,4.600735644111628240e-05
2.033034359639263933e+00,-1.582592617261837156e-02,2.152701224889151600e-06
2.032957785208875379e+00,-1.581313264484784931e-02,-1.159610038871380648e-05
2.032943115878746543e+00,-1.582742464343893721e-02,-3.949951448366358032e-05
2.032965219507190113e+00,-1.582023417878061083e-02,2.920636522428961799e-06
2.033015326786982602e+00,-1.591587188901961297e-02,-5.080644545326448594e-05
2.033062974733572670e+00,-1.599009907649545301e-02,-4.471093071295699771e-05
2.033066560689931634e+00,-1.600281445862380275e-02,-6.839955676072188352e-05
2.033135510541991486e+00,-1.606094082403868029e-02,-8.427740455623118632e-05
2.033236157483928164e+00,-1.604468053414579570e-02,-1.528531373591564876e-04
2.033241129673977188e+00,-1.609557777957031435e-02,-1.453456365367595659e-04
2.033250906275116510e+00,-1.613153392192619162e-02,-7.991923902521135849e-05
2.033277541182668902e+00,-1.622408773655922148e-02,-2.070125402732204381e-04
2.033348744349634529e+00,-1.623025402463536271e-02,-2.025186969494076924e-04
2.033408973264061004e+00,-1.626710643621411337e-02,-2.120048463312457655e-04
2.033522793305919230e+00,-1.628851075383467434e-02,-2.436579405670413409e-04
2.033535721904590421e+00,-1.633414345184162203e-02,-2.229124342987000805e-04
2.033434824430663923e+00,-1.636449108840336633e-02,-2.187111357206476792e-04
2.033643487757380797e+00,-1.637478217104405484e-02,-2.335592369037571548e-04
2.033646992716228841e+00,-1.640110639289619338e-02,-2.610780706847709532e-04
2.033753118991300735e+00,-1.641685467491521208e-02,-2.114045476996417948e-04
2.033773874309454666e+00,-1.641317888277472187e-02,-2.500204202779238399e-04
2.033903568919352089e+00,-1.645918654984237714e-02,-2.610464039394580753e-04
2.033907224324720264e+00,-1.649441532677777336e-02,-3.255935435446799661e-04
2.033977499074532069e+00,-1.667179593934345339e-02,-1.948550962918595131e-04
2.033982273594159285e+00,-1.674357170123156810e-02,-2.032072077429836036e-04
2.034038169062260426e+00,-1.665367341716394306e-02,-1.834556417997022890e-04
2.034118842896305512e+00,-1.664411600785384998e-02,-2.267255102363775038e-04
2.034197521249020646e+00,-1.670717055671225651e-02,-1.805866322115633692e-04
2.034315203132507577e+00,-1.678124060744122167e-02,-1.451372388190615755e-04
2.034397743705465000e+00,-1.670278413097382383e-02,-1.422103190846615611e-04
2.034482921339644701e+00,-1.670786288652973545e-02,-1.163238190155745078e-04
2.034578179527989583e+00,-1.672610539421630002e-02,-1.416421375651835386e-04
2.034652569555279733e+00,-1.670090825357042896e-02,-1.651880272950841664e-04
2.034723875403151805e+00,-1.678204472043781301e-02,-1.635516041420590318e-04
2.034818156969438352e+00,-1.679652730702415123e-02,-1.414591036491751551e-04
2.034894938875985826e+00,-1.682794808927804558e-02,-1.055208041533710686e-04
2.034943532067181149e+00,-1.682832401125339619e-02,-7.577273279063906027e-05
2.035022804105921512e+00,-1.689650301268158517e-02,-1.040600540414143995e-04
2.035003719854163062e+00,-1.694629970729950169e-02,-1.118090839117616669e-04
2.035130872724503881e+00,-1.701017051061960716e-02,-1.184608422931048390e-04
2.035270636984666037e+00,-1.695018519232020099e-02,-1.410723160568282044e-04
2.035330269770706746e+00,-1.703156380429856134e-02,-2.343126158042214740e-04
2.035438222253560969e+00,-1.709397303909610324e-02,-3.127935408310787181e-04
2.035511084786148839e+00,-1.715454171807659009e-02,-3.735449530630970973e-04
2.035635039003415248e+00,-1.714775660416133218e-02,-2.859357943250984461e-04
2.035652546508262883e+00,-1.723221753491453387e-02,-2.683647652560716126e-04
2.035699229670333121e+00,-1.728021149029799683e-02,-2.648243765490692530e-04
2.035739546793180477e+00,-1.726418908682984463e-02,-2.972896646086022618e-04
2.035779657081890459e+00,-1.733332344182602833e-02,-3.855240866456845954e-04
2.035803600612615227e+00,-1.727547490718644302e-02,-4.107844237659849518e-04
2.035850682031091985e+00,-1.725574160334629112e-02,-3.305193876597169742e-04
2.035842156571796568e+00,-1.737921282979893248e-02,-4.235524377573207894e-04
2.035980335356557092e+00,-1.740388407550954447e-02,-3.600022044825857575e-04
2.035993587768537338e+00,-1.738091029469758172e-02,-3.633392149297414971e-04
2.036018530436069618e+00,-1.741264142090922021e-02,-3.844121096898224835e-04
2.036013601568875675e+00,-1.744350151338379395e-02,-4.395616401388025224e-04
2.036137426159571273e+00,-1.747886952734569940e-02,-4.033306777536553112e-04
2.036168296327376392e+00,-1.761456291942897420e-02,-3.392791456303270812e-04
2.036191353048033115e+00,-1.760364807703585985e-02,-3.409812841346476341e-04
2.036224186244719458e+00,-1.768134745155878693e-02,-3.796603968758989868e-04
2.036364964430716906e+00,-1.772277939515379958e-02,-3.501930155708767815e-04
2.036479136312099758e+00,-1.777440463565737455e-02,-2.716826084854220206e-04
2.036523280512965162e+00,-1.775638970074362027e-02,-2.055672771068856475e-04
2.036654191416864546e+00,-1.781661927375140925e-02,-1.823323458728215419e-04
2.036711065214339200e+00,-1.791678101078999705e-02,-1.279504938128817190e-04
2.036746046755399497e+00,-1.794755183803798532e-02,-1.486409929614152263e-04
2.036743730034818789e+00,-1.794574250438944751e-02,-1.232198086067524793e-04
2.036832127410374227e+00,-1.800798340141122542e-02,-1.048677420703369252e-04
2.036920603263913332e+00,-1.806785381127831366e-02,-8.607698315951508390e-05
2.036911686239197827e+00,-1.817162694722150931e-02,-2.217521578144080537e-04
2.036962594275294691e+00,-1.819304638856622872e-02,-1.541714269332174420e-04
2.037155272766848935e+00,-1.830145188669689629e-02,-1.069792860899832670e-04
2.037313589174105655e+00,-1.847208788967962673e-02,-1.387368945874299935e-04
2.037437371861516855e+00,-1.855123763326853650e-02,-1.942631860488851399e-04
2.037472639617717185e+00,-1.859639669224220221e-02,-2.127730452715642520e-04
2.037573608322753138e+00,-1.857856941689076460e-02,-2.885693953288004246e-04
2.037552253346670117e+00,-1.863436395465224715e-02,-3.418641792178359843e-04
2.037576805675486380e+00,-1.861272779321756013e-02,-3.849508463033853955e-04
2.037564416801997069e+00,-1.863423892220832795e-02,-3.845848044022468415e-04
2.037688118298413897e+00,-1.872705603898074805e-02,-4.378475232294079859e-04
2.037694744169588734e+00,-1.871254763513167246e-02,-4.559986683965489853e-04
2.037771284203016009e+00,-1.875832107585622896e-02,-4.622603693185773840e-04
2.037779176592419361e+00,-1.880543352614573796e-02,-2.985554109609322125e-04
2.037861836438155994e+00,-1.878744158434470304e-02,-2.897762342305710810e-04
2.037843157962179852e+00,-1.880009649029558763e-02,-3.294176608622606203e-04
2.037912518168526699e+00,-1.887014750477575623e-02,-2.556113150378090887e-04
2.037953115694248307e+00,-1.888145434554326652e-02,-3.079314525752230151e-04
2.038000920061451282e+00,-1.891504099220270296e-02,-3.878176527456639344e-04
2.038037112220489000e+00,-1.909392466172048566e-02,-3.483457267211284374e-04
2.038122516546100105e+00,-1.913925778583694393e-02,-3.506878287542680370e-04
2.038183624810101957e+00,-1.917442017280865385e-02,-3.315046628513159256e-04
2.038173990178989925e+00,-1.922983697053072191e-02,-3.676354690471542522e-04
2.038157919817357389e+00,-1.922624464036748818e-02,-3.969668698010150204e-04
2.038255373276610438e+00,-1.924803006037315717e-02,-4.557626705714302702e-04
2.038314725230260471e+00,-1.932514275768049822e-02,-4.978167921386646589e-04
2.038328517668772211e+00,-1.932778982619855201e-02,-5.012925470705843333e-04
2.038390408970605527e+00,-1.934740687270422588e-02,-5.107730347295707379e-04
2.038446194995715555e+00,-1.944574696671843433e-02,-4.391841283469685936e-04
2.038512582699598230e+00,-1.948458378316825917e-02,-3.474565044933891232e-04
2.038507410624539329e+00,-1.964556286411011515e-02,-2.856326490934558157e-04
2.038554182897987843e+00,-1.969150851982666428e-02,-2.940087263525682153e-04
2.038615577097352194e+00,-1.976497681361998049e-02,-3.310279743100048139e-04
2.038627281837658511e+00,-1.981696362621617954e-02,-3.032714168257938012e-04
2.038632223323436410e+00,-1.980375170440641305e-02,-2.738771696479729771e-04
2.038619326019570632e+00,-1.985198430201090547e-02,-3.044539878400597996e-04
2.038677374150763111e+00,-1.992937317969972408e-02,-3.200248173846039824e-04
2.038753442756967793e+00,-1.994727912270319661e-02,-3.442458990372937433e-04
2.038826200371902431e+00,-2.000918184570060765e-02,-3.958991873680393903e-04
2.038860477973050145e+00,-2.005739777539697344e-02,-4.078537493487829619e-04
2.038887528488703804e+00,-2.009223404462726070e-02,-4.089216382380789477e-04
2.038938516870564932e+00,-2.008504181656367224e-02,-4.589108030523253575e-04
2.038914413376272883e+00,-2.005758549030009844e-02,-4.735124321181407377e-04
2.038903416414863390e+00,-2.007037068292945661e-02,-4.685350146897848287e-04
2.038875416894627701e+00,-2.000224687915034411e-02,-4.094377088069833933e-04
2.038948718178342556e+00,-2.006089611724304334e-02,-4.735335311378987395e-04
2.038992030083932150e+00,-2.014477046144343142e-02,-4.500110655160164926e-04
2.039008844593054981e+00,-2.019839823571010357e-02,-4.225658491828692223e-04
2.039043638904752154e+00,-2.027311984963929559e-02,-4.363049335132280788e-04
2.039099254460529753e+00,-2.027404586781560158e-02,-4.356893976464930535e-04
2.039173624029975151e+00,-2.028457478097655739e-02,-3.736588061635073886e-04
2.039252557104777708e+00,-2.038404546297064440e-02,-3.575339271660281371e-04
2.039295785389327875e+00,-2.041572436157095688e-02,-4.019694311396870075e-04
2.039327398681336501e+00,-2.045001787126031478e-02,-3.430341553790005010e-04
2.039417386000918153e+00,-2.051465634885858702e-02,-3.486404845388559742e-04
2.039508891002155710e+00,-2.055062216240018808e-02,-3.207775255843093730e-04
2.039681210216470753e+00,-2.056043669596105405e-02,-3.159461917965325950e-04
2.039749600471078672e+00,-2.056133824337603652e-02,-3.056566897897012853e-04
2.039793755993867475e+00,-2.058526749410154177e-02,-2.739729126989120384e-04
2.039796107757525512e+00,-2.065976871488688082e-02,-2.388142505035109543e-04
2.039840903200327737e+00,-2.067223222453827558e-02,-1.699356095927627615e-04
2.039955819150642835e+00,-2.075567921509144376e-02,-1.631280025616389578e-04
2.040084900156503345e+00,-2.086726319497649376e-02,-1.328375964763345404e-04
2.040096756265856293e+00,-2.089538750364201142e-02,-8.263953997182221225e-05
2.040135349623954486e+00,-2.101784653491141353e-02,-1.336802755048447755e-04
2.040246652750879353e+00,-2.105648541265450410e-02,-1.834492657347434798e-04
2.040307333697020553e+00,-2.110918996826552374e-02,-2.426534829297228863e-04
2.040365704968678529e+00,-2.124384256543610655e-02,-2.603098075912205862e-04
2.040454504761489485e+00,-2.139232961324328414e-02,-2.690660091001690658e-04
2.040333956539163829e+00,-2.143960101582929878e-02,-2.118777120741357307e-04
2.040341881303197713e+00,-2.148906403194096593e-02,-2.357368287531881536e-04
2.040367445570581584e+00,-2.159327658776203501e-02,-2.495325261473232558e-04
2.040427978157857147e+00,-2.166330255753875014e-02,-2.927818898204045213e-04
2.040499271313291896e+00,-2.177624567040516851e-02,-2.364097991454092228e-04
2.040496435308175371e+00,-2.182317072028449115e-02,-2.743119037920442528e-04
2.040650658187180611e+00,-2.190546647849364939e-02,-2.816029104189764730e-04
2.040691738522533161e+00,-2.190591252982669254e-02,-2.853840840763154801e-04
2.040692383175576996e+00,-2.195616705898247381e-02,-2.726477751178564492e-04
2.040762980332973431e+00,-2.204595365579888402e-02,-2.801756656942160800e-04
2.040803787463301600e+00,-2.203517100360815814e-02,-2.568798996161493747e-04
2.040840381670409265e+00,-2.217651833328642200e-02,-2.357215671793914404e-04
2.040902134928014977e+00,-2.213382154319901152e-02,-3.498158906507731420e-04
2.040966273422279986e+00,-2.218716827161996974e-02,-3.896367511140845659e-04
2.041017697797042452e+00,-2.230630798780943586e-02,-3.807577473529190392e-04
2.041051545703334913e+00,-2.232530770675109077e-02,-3.432673445456645872e-04
2.041082007091497896e+00,-2.243314779490047234e-02,-3.137016278272227159e-04
2.041160369484311232e+00,-2.253591236409377419e-02,-2.737591920627030820e-04
2.041274310478719656e+00,-2.257141020271115003e-02,-1.900531313029603711e-04
2.041384392404567372e+00,-2.264800009372960193e-02,-2.249211175986539019e-04
2.041372876180760354e+00,-2.266571935514512248e-02,-1.784837807107866599e-04
2.041374695166223940e+00,-2.263268238041821895e-02,-1.606948813430455992e-04
2.041346862413924601e+00,-2.273460032646689236e-02,-1.928077218155807484e-04
2.041328913324624406e+00,-2.281759842279736800e-02,-2.091780295038536740e-04
2.041388728642694161e+00,-2.286808372471768949e-02,-1.891877105793406512e-04
2.041479954693696364e+00,-2.296771153705948199e-02,-1.181632169739306302e-04
2.041495690691045084e+00,-2.296556788271282221e-02,-1.122453355897362235e-04
2.041588104233180267e+00,-2.297374470825031684e-02,-9.793380885545246420e-05
2.041695605990345719e+00,-2.303455429602975155e-02,-1.685935213789350919e-04
2.041713296216938645e+00,-2.310137861703059903e-02,-4.471643859543808172e-05
2.041754802201857011e+00,-2.323443301065476405e-02,-3.061523526672379748e-05
2.041853278342824485e+00,-2.329583701884407193e-02,3.678846847081911092e-05
2.041964508118057964e+00,-2.334737787673678983e-02,6.548021040607115008e-05
2.042068579049178823e+00,-2.342348813122589052e-02,1.166589360183964652e-04
2.042167916822934970e+00,-2.347034039924643725e-02,1.595706583765184967e-04
2.042297756341209691e+00,-2.354008012996751387e-02,2.220575250025167801e-04
2.042374118125916738e+00,-2.345955991467382762e-02,1.695556566838897462e-04
2.042416108052408141e+00,-2.348025628156843320e-02,1.819447506794215016e-04
2.042535877740675687e+00,-2.343214961525901668e-02,2.319683591868490588e-04
2.042581562431161402e+00,-2.352851142069345772e-02,1.792408143161977499e-04
2.042617770922676712e+00,-2.360686725880864825e-02,1.890366584393878490e-04
2.042641860449418978e+00,-2.371132519046630083e-02,1.833860170337237245e-04
2.042719870325803821e+00,-2.377019427021551112e-02,1.587083898741689723e-04
2.042854311191614869e+00,-2.379643943286142982e-02,1.441364014044595881e-04
2.042815443394517594e+00,-2.379094712809769196e-02,1.217243602169680995e-04
2.042838033671359632e+00,-2.377046342549689328e-02,1.928632870892256967e-04
2.042871970537267767e+00,-2.379669827687587100e-02,5.842174825715853331e-05
2.042974993144258899e+00,-2.377549068594597345e-02,7.121524783658689380e-05
2.042977141861482604e+00,-2.382713584122929731e-02,6.754279566832302852e-05
2.042944114907558895e+00,-2.390210187998932298e-02,4.733126586727459141e-05
2.043010344407254930e+00,-2.390914709308221767e-02,9.365808374956184092e-05
2.043128753008053522e+00,-2.392861019915176052e-02,4.232147338029045524e-05
2.043125338772920241e+00,-2.399146331359366946e-02,9.231154631578428215e-05
2.043215928827152084e+00,-2.412180925893395861e-02,7.256397056309853470e-05
2.043265609497945778e+00,-2.418425876051549100e-02,-6.863261804366191929e-05
2.043260380417086797e+00,-2.424863218598623943e-02,-1.167183234068285827e-04
2.043304220088483447e+00,-2.424659391983752937e-02,-9.729352026666096174e-05
2.043291388339222525e+00,-2.433883410795326108e-02,-1.579005999480199095e-04
2.043391176196660552e+00,-2.437581996893594533e-02,-2.103811440242842425e-04
2.043494079279162712e+00,-2.436423659804253655e-02,-3.719556960485025663e-04
2.043627519229646250e+00,-2.436302463560936771e-02,-3.477864542200648202e-04
2.043726241689526990e+00,-2.436157866298037725e-02,-3.190148509480567073e-04
2.043743321635909993e+00,-2.446314397025786680e-02,-2.785009035215956419e-04
2.043752569622818704e+00,-2.446493189742305480e-02,-2.972442637150057810e-04
2.043799585285299258e+00,-2.456260513904843373e-02,-2.720638624880310414e-04
2.043957751291533675e+00,-2.454543835433693408e-02,-3.248185831123942460e-04
2.044045255221218493e+00,-2.461205057647830596e-02,-3.684988140612003747e-04
2.044134039228307387e+00,-2.453686966399123287e-02,-3.732324325980393475e-04
2.044146022956226272e+00,-2.461822065469551277e-02,-3.854914479976399746e-04
2.044215224286122012e+00,-2.457045718871469706e-02,-3.155421972216524568e-04
2.044203562445027877e+00,-2.458912133880131190e-02,-2.889792189136259140e-04
2.044209033498778805e+00,-2.458628751791033448e-02,-2.432479266082906229e-04
2.044232550738521503e+00,-2.467837940011945869e-02,-2.724294033862643635e-04
2.044227106075230616e+00,-2.470377248834659464e-02,-2.310008261339520233e-04
2.044319659328390326e+00,-2.476160993115780404e-02,-2.723486838853357334e-04
2.044445361533830940e+00,-2.479313706543481016e-02,-2.412009520167920137e-04
2.044604641517422827e+00,-2.491987082207248669e-02,-2.083315541759775359e-04
2.044585023128293599e+00,-2.493572192168419868e-02,-2.902398118469592036e-04
2.044663688638503896e+00,-2.507342024695909458e-02,-1.816882289072451547e-04
2.044763646836125215e+00,-2.513376257389268731e-02,-2.145206096756351987e-04
2.044791070762229879e+00,-2.515897112306089700e-02,-2.782014958101654951e-04
2.044844848990971187e+00,-2.517423016912433836e-02,-2.974473633533993976e-04
2.044845474097378268e+00,-2.532945695517899512e-02,-2.261150441456563544e-04
2.044918642479116588e+00,-2.536476898500448704e-02,-2.360260801955554573e-04
2.044915903514529454e+00,-2.538017998181671397e-02,-2.614632183167745166e-04
2.044922852127771140e+00,-2.547142778204956534e-02,-3.455270674132927084e-04
2.045024100820764357e+00,-2.548712303052268202e-02,-2.934590159151604489e-04
2.045058475114009511e+00,-2.545101006378449118e-02,-2.451535477130425793e-04
2.045063964176762283e+00,-2.558999570889357658e-02,-2.880169959311319316e-04
2.045070414426829686e+00,-2.568726779473580121e-02,-2.345171452423201828e-04
2.045136915377505193e+00,-2.582926108705721480e-02,-2.658152702097085329e-04
2.045110669018511462e+00,-2.594138723097796223e-02,-1.731295835121720141e-04
2.045147808494801822e+00,-2.596578388235962209e-02,-1.724432645565084706e-04
2.045178453298420962e+00,-2.593614756049705816e-02,-1.703643682205292331e-04
2.045328170581315330e+00,-2.598811507704944582e-02,-1.749060028511116084e-04
2.045318048957699641e+00,-2.603717387671720257e-02,-2.064770665350799039e-04
2.045342597327624912e+00,-2.608695940346519165e-02,-1.988129173380191923e-04
2.045406404941879863e+00,-2.604489865737700735e-02,-1.269770067320731381e-04
2.045485773189761325e+00,-2.603216148248775966e-02,-1.485009385325789964e-04
2.045579402565494309e+00,-2.609893046130865729e-02,-7.012181590743722258e-05
2.045645218236529672e+00,-2.619881883481722101e-02,4.872903935332947422e-06
2.045721089718919306e+00,-2.622738946588728387e-02,5.625039276801129624e-05
2.045763824391221064e+00,-2.622801822653290579e-02,1.316915378355952571e-04
2.045855100884018452e+00,-2.630150211020738579e-02,1.702956318529860247e-04
2.045941534884711643e+00,-2.626619911156604162e-02,1.230123868141497830e-04
2.046045682547173783e+00,-2.627016210227340817e-02,1.129194047024086506e-04
2.046163179369477447e+00,-2.626810711240309265e-02,1.438325053594666095e-04
2.046203940855033654e+00,-2.622293440782001023e-02,8.079161032497643642e-05
2.046244803753380914e+00,-2.620957547335236310e-02,1.279337964260340052e-04
2.046350052358413052e+00,-2.626395443699556728e-02,2.678383575882239574e-04
2.046429547242500036e+00,-2.631057254694595116e-02,2.640433472006590578e-04
2.046490705094107909e+00,-2.641203377145879758e-02,2.867277138851112572e-04
2.046588370087695896e+00,-2.639162963865542694e-02,3.414023765026378047e-04
2.046671703978840462e+00,-2.650679809811131230e-02,2.843766466372671452e-04
2.046659023554345147e+00,-2.652882446760906551e-02,2.858750310280823350e-04
2.046677169362668192e+00,-2.655588527107022312e-02,2.735886367458260525e-04
2.046683642140277204e+00,-2.656809586774317583e-02,2.788081617789680612e-04
2.046694629309866453e+00,-2.656282985512343348e-02,3.192390296353926887e-04
2.046736204189959274e+00,-2.665909468007725616e-02,2.086682863344868166e-04
2.046728406501585162e+00,-2.657296821653427552e-02,2.246865061809608175e-04
2.046819909539554061e+00,-2.662068786335135273e-02,2.364302271725889114e-04
2.046937606470295989e+00,-2.664417557904917230e-02,2.578746818167835923e-04
2.046999425275382034e+00,-2.669043862045238080e-02,2.309364268322195519e-04
2.047128936250780740e+00,-2.667025882314540824e-02,2.242360835789208558e-04
2.047192061890725334e+00,-2.670778000376962391e-02,2.666988616012537765e-04
2.047297486748268280e+00,-2.677810479128706067e-02,3.459245620442734847e-04
2.047340717433588697e+00,-2.680027961375959153e-02,3.584604800351136626e-04
2.047395046986781875e+00,-2.680673089397073855e-02,4.239890552096150871e-04
2.047405223524633389e+00,-2.691489153225444866e-02,4.488048190605459708e-04
2.047449108084516745e+00,-2.700253812642677831e-02,3.580389879006096003e-04
2.047570716795987344e+00,-2.699412136889568770e-02,3.095110176192136494e-04
2.047657315954089174e+00,-2.703418870024922038e-02,2.889349581809605417e-04
2.047673196928444739e+00,-2.704507737035776252e-02,3.189522438793717263e-04
2.047797724063940450e+00,-2.707010659515032835e-02,3.500019467185557756e-04
2.047829143256117312e+00,-2.708893808966909844e-02,3.384572313710588294e-04
2.047924372928030756e+00,-2.710897455882795362e-02,3.946034992864251275e-04
2.047991789313045263e+00,-2.720222044817091969e-02,2.477464344504291057e-04
2.048074743873540271e+00,-2.723699785579353910e-02,2.564378819210311970e-04
2.048077287280461789e+00,-2.729932683259737869e-02,1.991835049241526127e-04
2.048120549733954299e+00,-2.727451105254020611e-02,2.495841759672514726e-04
2.048177962919888184e+00,-2.725413127826174786e-02,1.867728256406326649e-04
2.048221400136675197e+00,-2.727745427219286506e-02,1.175679591042615949e-04
2.048266480138720258e+00,-2.739219305542981570e-02,1.484279530837857419e-04
2.048321095298580197e+00,-2.747833889457956813e-02,1.940766616894886592e-04
2.048358918980345500e+00,-2.751401714485627106e-02,2.293109628554927226e-04
2.048339433876328108e+00,-2.755720547498640913e-02,1.828013349355391698e-04
2.048432092785954062e+00,-2.754352235205766858e-02,1.618227091993948452e-04
2.048518809714997335e+00,-2.761665587905836813e-02,1.412505687762995415e-04
2.048540653842229275e+00,-2.765644810733593889e-02,1.896540186620963202e-04
2.048558319105583170e+00,-2.775550343941845036e-02,2.115132697487682773e-04
2.048662845035958302e+00,-2.775250101690774490e-02,1.158779208103899076e-04
2.048731821472410619e+00,-2.777393189638617532e-02,1.491740102756815289e-04
2.048790421745046775e+00,-2.780205790341724534e-02,2.297009108420032747e-04
2.048909624680840480e+00,-2.794658319015206130e-02,3.379830321626206904e-04
2.048952014947955202e+00,-2.803549447293193081e-02,2.854012644947857879e-04
2.049026137438788364e+00,-2.813465755831842316e-02,2.963117354504499461e-04
2.049064810608089537e+00,-2.811526023468095478e-02,2.660729449031611505e-04
2.049193210832667589e+00,-2.810772512201062390e-02,2.680906497166535957e-04
2.049175400244014345e+00,-2.822242765566775752e-02,2.632585040195525405e-04
2.049292398029298745e+00,-2.834174781692770997e-02,2.422695213628596575e-04
2.049302541461111460e+00,-2.842945048922183859e-02,2.029962031573600406e-04
2.049369701212923722e+00,-2.847332835364282944e-02,2.703377624147473802e-04
2.049391250367468942e+00,-2.845149960374918768e-02,3.140540741431607666e-04
2.049395871861166007e+00,-2.843015014035794874e-02,3.281560595877453489e-04
2.049377250746615253e+00,-2.836520623804566696e-02,2.724827213163945241e-04
2.049376960921075241e+00,-2.849726376398436026e-02,3.814618522799292878e-04
2.049446949951999830e+00,-2.848735862426103604e-02,2.744634198812887730e-04
2.049475555403841742e+00,-2.856273952812611594e-02,2.106901044777314560e-04
2.049598649096559200e+00,-2.861736931192139163e-02,1.950072246474584029e-04
2.049702344751719529e+00,-2.870328013745854570e-02,1.718593357241798565e-04
2.049749078660316748e+00,-2.876390624351313555e-02,2.423085400566121674e-04
2.049797807090543156e+00,-2.881677799827139091e-02,2.215249910464460687e-04
2.049790711664130516e+00,-2.888188856449732875e-02,2.661243777909689883e-04
2.049884302005850589e+00,-2.894465039415268157e-02,2.712587315463108571e-04
2.049863731110997733e+00,-2.894731252092556939e-02,2.739631734438271234e-04
2.049869586691994705e+00,-2.899544624081354036e-02,2.644288000632607420e-04
2.049986003124522949e+00,-2.902951032832614200e-02,3.456877324484640347e-04
2.049983335304232490e+00,-2.906366925699957818e-02,3.175541855279801341e-04
2.049991935214450667e+00,-2.911887292194311957e-02,3.201915215089033880e-04
2.050099420567603303e+00,-2.912903873583312653e-02,3.143084893881420579e-04
2.050187207207137430e+00,-2.920240520443794993e-02,3.355819020625292175e-04
2.050278208716262540e+00,-2.931434185600439307e-02,2.973740280082420905e-04
2.050447523191078147e+00,-2.934753588129909718e-02,2.892266526663218786e-04
2.050447603595462187e+00,-2.936183698665832328e-02,3.397152968823107639e-04
2.050487179524659087e+00,-2.944333119678558403e-02,3.438479776605187746e-04
2.050497566904255553e+00,-2.946558861842319896e-02,3.112427493357992339e-04
2.050564875072941717e+00,-2.951120570751102068e-02,3.545693000403026072e-04
2.050594346750732377e+00,-2.959513689385988647e-02,3.117439120985405891e-04
2.050612895410129255e+00,-2.959210779926947296e-02,3.329887051789373153e-04
2.050673044468892314e+00,-2.957088757838667245e-02,4.052237435198170236e-04
2.050765848417414716e+00,-2.957870302050154970e-02,4.473323629990104541e-04
2.050765353931036206e+00,-2.960361169445079044e-02,5.338874970274921136e-04
2.050810500317100882e+00,-2.969513394125800412e-02,5.172162984769228949e-04
2.050861675081407931e+00,-2.963698021345377923e-02,5.722692375001750499e-04
2.050936024366285526e+00,-2.969272286805749519e-02,5.772739417814597845e-04
2.051031062492580048e+00,-2.970994562028198005e-02,5.670434637955676371e-04
2.051093416766633926e+00,-2.975742522809861346e-02,5.356758192076790112e-04
2.051157553115886323e+00,-2.977962775110885862e-02,5.084259509478023398e-04
2.051193620474943913e+00,-2.983344630401132958e-02,3.787162879216950822e-04
2.051208103772181879e+00,-2.985191027169008943e-02,3.432832911562427782e-04
2.051241370247157914e+00,-2.990922660957486684e-02,4.068239353082119610e-04
2.051285271136212174e+00,-2.992928491198327406e-02,4.031903153474453074e-04
2.051434494965822530e+00,-2.995842182769997350e-02,5.087606820338621411e-04
2.051598884765904351e+00,-3.005077664115675742e-02,4.759050730115224376e-04
2.051710603137157918e+00,-3.006851550359785838e-02,4.279605853011747302e-04
2.051764025902331312e+00,-3.019990459109790290e-02,4.249141534715364550e-04
2.051781424082448346e+00,-3.020979816532590873e-02,3.824988132654396885e-04
2.051892817215805298e+00,-3.018902655891687187e-02,3.584410952484657232e-04
2.051906838460441751e+00,-3.018202299478193323e-02,3.981002526634731787e-04
2.052014853289347407e+00,-3.028098676769737027e-02,3.645647016674226793e-04
2.052080807159907927e+00,-3.035254526368592193e-02,3.637293094116989260e-04
2.052088951895744806e+00,-3.043215017882399190e-02,3.191998613009695016e-04
2.052185204386907991e+00,-3.056836732111253493e-02,3.374108462248642804e-04
2.052172240280212279e+00,-3.059109520900278253e-02,2.912532145234391040e-04
2.052248762209371247e+00,-3.062300170959390833e-02,3.201611666134778563e-04
2.052285753648723787e+00,-3.060963163020404693e-02,3.236958494084098571e-04
2.052329245935216484e+00,-3.064607858707591934e-02,3.170361833256306956e-04
2.052318297517392143e+00,-3.063206980619166339e-02,2.866640741594139665e-04
2.052394919580747157e+00,-3.066880222622027363e-02,2.744180935218974346e-04
2.052401869309465887e+00,-3.072185453394615448e-02,1.788595781211531257e-04
2.052504190764427250e+00,-3.081993733716147446e-02,1.060744459094120840e-04
2.052654881751508231e+00,-3.089316481812160939e-02,7.111382300553153134e-05
2.052546952395132518e+00,-3.102671099578086303e-02,1.033325403562679562e-04
2.052576251644756766e+00,-3.104777310149647862e-02,3.261768694535616532e-05
2.052622932263090227e+00,-3.117534485905439773e-02,1.323109442185633954e-05
2.052620312593070651e+00,-3.133877689815361967e-02,-8.223122570478640970e-06
2.052695881904325503e+00,-3.139320749189527388e-02,3.897182410506338244e-05
2.052725494514432647e+00,-3.145543586088191124e-02,1.128524987520515907e-04
2.052779692998510708e+00,-3.155789887467525673e-02,1.081912422920611785e-04
2.052852274439906033e+00,-3.160347752507990798e-02,1.466610922924861237e-04
2.052872118008858049e+00,-3.157634869346689910e-02,1.776358957756266239e-04
2.052945297946274117e+00,-3.168398654754971122e-02,1.580294106957944988e-04
2.053006681613496642e+00,-3.178685575709520872e-02,2.850990100908263160e-04
2.053051656775259026e+00,-3.192608781402993257e-02,3.425742160687491591e-04
2.053104258716905051e+00,-3.194142965639697185e-02,3.131193447887717471e-04
2.053089601128579744e+00,-3.194272036708604989e-02,2.349040700721444837e-04
2.053129840314720234e+00,-3.201329819259544907e-02,2.758845464394726671e-04
2.053207541079887566e+00,-3.206911029341624753e-02,2.609802284463090820e-04
2.053288663539617698e+00,-3.213213423661306911e-02,2.402788579386254083e-04
2.053400809201737953e+00,-3.217408015046007569e-02,2.560478321250803991e-04
2.053479122889058317e+00,-3.219766752591241704e-02,2.595744845432647698e-04
2.053594431350210581e+00,-3.225564040726984494e-02,2.714528464224439503e-04
2.053619614566589036e+00,-3.238146804330720163e-02,2.592873901508456307e-04
2.053642713665745134e+00,-3.239440224178374850e-02,3.269734739611545454e-04
2.053593735925583808e+00,-3.244408322301847725e-02,3.012403406157337883e-04
2.053701417802623386e+00,-3.247706463557781253e-02,2.741108424882381252e-04
2.053808395151568433e+00,-3.248226241871075837e-02,2.469089554275922952e-04
2.053882802857762258e+00,-3.248652530970498609e-02,2.093846252656734791e-04
2.053941834885655293e+00,-3.257588027232554556e-02,1.529777579848200881e-04
2.054002468922303759e+00,-3.266806705174158526e-02,1.715106888147761757e-04
2.054009142015177147e+00,-3.272868994794465164e-02,2.028635514970655840e-04
2.054052246455324138e+00,-3.293413908138646817e-02,1.915165554895361245e-04
2.054110237917847748e+00,-3.297800900648065886e-02,1.372893084255120651e-04
2.054121117953806586e+00,-3.300584228638967638e-02,1.393990482488032933e-04
2.054159284295177468e+00,-3.299080964579398367e-02,1.693271743851412423e-04
2.054270680557702011e+00,-3.307951493932855674e-02,3.113659477265524802e-04
2.054269434269964556e+00,-3.311844169103852348e-02,3.524352566937459129e-04
2.054306010809989758e+00,-3.313312495036005445e-02,3.003587196691553506e-04
2.054345646369600153e+00,-3.319630425383568451e-02,2.734245734763867969e-04
2.054400177010117901e+00,-3.327010003555935791e-02,2.255634526980129686e-04
2.054514685976243982e+00,-3.330655610867538918e-02,1.506927558399125361e-04
2.054481473006954051e+00,-3.324076232568039940e-02,1.445098678852118528e-04
2.054558907378761123e+00,-3.329850545543962953e-02,1.289232196014955154e-04
2.054569833565032422e+00,-3.338712550553161323e-02,1.710564196742012848e-04
2.054691896947379526e+00,-3.347125664473452750e-02,2.127168760353448525e-04
2.054693157006731941e+00,-3.356958515940255267e-02,2.898807128213028617e-04
2.054738800221223016e+00,-3.358639645835510140e-02,4.045696053906162404e-04
2.054885571247256681e+00,-3.371217116323322466e-02,4.227559820904268589e-04
2.055047756716180452e+00,-3.370709890240729256e-02,3.874304635115558742e-04
2.055100050951036650e+00,-3.387505292207106111e-02,2.938882378708182735e-04
2.055169435926236243e+00,-3.403035328729139830e-02,2.941996176394944332e-04
2.055134147507798215e+00,-3.408148991751108053e-02,2.211140906075752732e-04
2.055219026181277275e+00,-3.409595319632883342e-02,2.084418019453946854e-04
2.055348566854615644e+00,-3.418977651652720801e-02,2.221903289121588603e-04
2.055369874432069643e+00,-3.427269560034697932e-02,2.021577753377071598e-04
2.055500347962652796e+00,-3.435858204160518320e-02,2.142184449318730436e-04
2.055623098695132711e+00,-3.435918744158890370e-02,2.686088014335210423e-04
2.055676122150805529e+00,-3.440262815148112385e-02,3.167150945415685495e-04
2.055747316796755708e+00,-3.449038636831908144e-02,3.668330732724183006e-04
2.055804549219305777e+00,-3.466670221544967956e-02,4.182189591611791784e-04
2.055822291704598292e+00,-3.479074122496757238e-02,3.346962402409445919e-04
2.055926646273720237e+00,-3.490044860906137136e-02,3.705796527398430833e-04
2.055961139390434234e+00,-3.480079927222182179e-02,4.774949836176678583e-04
2.056069302076664496e+00,-3.483367432914441508e-02,4.926361718839277360e-04
2.056213404167303249e+00,-3.482344583036795643e-02,4.664007890564746258e-04
2.056232925608375783e+00,-3.484009597748059101e-02,4.365386797241891390e-04
2.056313259715711883e+00,-3.486934894818943809e-02,3.407657535179875160e-04
2.056377455488501926e+00,-3.493109824812646452e-02,3.915265192971221814e-04
2.056446382289823127e+00,-3.500416213575715391e-02,3.834020300364140836e-04
2.056578520286199918e+00,-3.509381075818726603e-02,4.466542180163037370e-04
2.056538073826931434e+00,-3.516069586497189842e-02,4.450850099710869563e-04
2.056576474211103456e+00,-3.525381840283924734e-02,4.736196185004132590e-04
2.056579026050029402e+00,-3.534343481499892248e-02,5.056420166149762623e-04
2.056664260399585054e+00,-3.539638733080153338e-02,4.190047667032931406e-04
2.056724447837280589e+00,-3.545933750244285171e-02,3.764109798132484223e-04
2.056796293399187014e+00,-3.541149817023171720e-02,3.202913611856575546e-04
2.056907315530038360e+00,-3.547228930371456451e-02,2.889831286899653489e-04
2.056873705187233892e+00,-3.549406611705984566e-02,3.495393608691133480e-04
2.056897827539948320e+00,-3.554186466965773145e-02,3.828116510297758157e-04
2.056941008470232202e+00,-3.564875177026469860e-02,2.888427073347113482e-04
2.056988026222871913e+00,-3.573366297955612308e-02,2.674372238188271137e-04
2.057105634131318528e+00,-3.575944897449020304e-02,2.690452219854244371e-04
2.057128209874665270e+00,-3.584290052184559150e-02,2.975016603721537529e-04
2.057194508593709781e+00,-3.580861633953316692e-02,2.938626160395401668e-04
2.057231526688702683e+00,-3.584391373512178097e-02,3.003811539982157732e-04
2.057369168954803484e+00,-3.587895598307581924e-02,3.836422047081687213e-04
2.057382775222841076e+00,-3.595513217503239906e-02,3.546454116387871879e-04
2.057388249408282910e+00,-3.596364361747920319e-02,4.231395387208975920e-04
2.057518164069447320e+00,-3.597132558440477995e-02,4.530891653752923431e-04
2.057562801535607999e+00,-3.600955605900432038e-02,4.455013413795120636e-04
2.057702158811530957e+00,-3.613438762883199734e-02,3.722441061423906487e-04
2.057787624585370345e+00,-3.616668622937923433e-02,3.884086874535431187e-04
2.057851078764388220e+00,-3.622787456179304977e-02,4.070128163887915831e-04
2.057857770611738690e+00,-3.623640088524382463e-02,4.370310796127947609e-04
2.057942584018959575e+00,-3.634596451834376518e-02,5.099940053027963386e-04
2.058041758450923631e+00,-3.639084751531625195e-02,4.918000821106496877e-04
2.058058744751084745e+00,-3.637242544944905426e-02,4.837472336269985811e-04
2.058116784069073280e+00,-3.642102824198328870e-02,4.816640178056950982e-04
2.058291140155154686e+00,-3.649063310611639493e-02,4.452869430853533331e-04
2.058300633516008116e+00,-3.653744059155405316e-02,3.522397506743237135e-04
2.058380223564699296e+00,-3.655553689035612175e-02,3.320693220113525275e-04
2.058440552786994893e+00,-3.661887434916980683e-02,2.794750585275067919e-04
2.058464281862864453e+00,-3.665025831704134263e-02,2.840872132435465517e-04
2.058528784114405319e+00,-3.667065044549134428e-02,2.461813026852623185e-04
2.058543646917212033e+00,-3.668145763674417192e-02,2.567521376312132948e-04
2.058679206982539256e+00,-3.668862928899466191e-02,2.708904857109843754e-04
2.058672129641993642e+00,-3.676868144779121134e-02,2.670298679454522796e-04
2.058761332101070263e+00,-3.674238402313590585e-02,2.329542446066275752e-04
2.058829155679679168e+00,-3.678375130412901012e-02,2.704504161911953182e-04
2.058828897081318665e+00,-3.683275265510992796e-02,2.582952283000338996e-04
2.058931976223189242e+00,-3.692025110857777292e-02,2.641875048485463600e-04
2.058940988319774235e+00,-3.695047017755632990e-02,2.389342928393585019e-04
2.058943966238239831e+00,-3.697286830274021385e-02,2.502395689559243938e-04
2.058984854549799071e+00,-3.697407901372193328e-02,1.990350362438663009e-04
2.059035040031472974e+00,-3.702383683609425380e-02,2.186067019395712609e-04
2.059107037461588074e+00,-3.707357022477417163e-02,1.776937566994656547e-04
2.059175804264664400e+00,-3.710596632502499714e-02,2.265376360956774767e-04
2.059203913261053565e+00,-3.717909515221688027e-02,2.212053396967894494e-04
2.059253682214871262e+00,-3.731119873561816042e-02,2.924206158456539822e-04
2.059432675150139946e+00,-3.742340700608467324e-02,2.491971741657905606e-04
2.059524537026176549e+00,-3.754848460986316694e-02,2.174057787873673547e-04
2.059569867536849230e+00,-3.762352596002221244e-02,2.228606249592726641e-04
2.059669470643589406e+00,-3.759770395372039747e-02,3.343453038410365303e-04
2.059693013575935261e+00,-3.758716063034973909e-02,3.641433397073684498e-04
2.059743387839198636e+00,-3.761951155526399582e-02,3.220645721143486242e-04
2.059786261335850632e+00,-3.768539633002258860e-02,3.182117790617074995e-04
2.059806919245269263e+00,-3.771124484350595052e-02,3.496514187943854319e-04
2.059865107861375666e+00,-3.777057367613839006e-02,3.376409074055463180e-04
2.059891199452785315e+00,-3.783837809806507579e-02,3.883272155505446415e-04
2.059982421166472566e+00,-3.785404690692674434e-02,3.335199173581353130e-04
2.060061753459423883e+00,-3.790353851374998057e-02,3.065891709872562701e-04
2.060076070768789069e+00,-3.794421168964948188e-02,3.498026604047304905e-04
2.060187416203491662e+00,-3.789099956591190921e-02,3.121591817578711820e-04
2.060126169250044548e+00,-3.799715477600244112e-02,3.128675283642532129e-04
2.060135709313936747e+00,-3.813090210842204342e-02,3.577524760069391327e-04
2.060311603460932339e+00,-3.826255498728957372e-02,3.486764578884075493e-04
2.060259480405885579e+00,-3.835130812740396300e-02,3.009793249757778343e-04
2.060339666706797246e+00,-3.844164740500675276e-02,2.714426313830274520e-04
2.060419348844271692e+00,-3.850468374245551162e-02,2.596876593978546060e-04
2.060379035265715864e+00,-3.852264362713534590e-02,3.423286385992033902e-04
2.060452444552900886e+00,-3.864091403905955263e-02,3.280993886379658209e-04
2.060454884305621626e+00,-3.870309534958836506e-02,4.056895416427322236e-04
2.060509421327647583e+00,-3.870579237832939834e-02,4.158205396833499433e-04
2.060506001159255085e+00,-3.872211297696984134e-02,5.133841277180337158e-04
2.060547347871743096e+00,-3.873895166198155354e-02,4.659955480261988837e-04
2.060529307835050616e+00,-3.879793580655823554e-02,4.094958804712490325e-04
2.060616241915998792e+00,-3.889293396416921428e-02,3.314091982352861078e-04
2.060707386827727028e+00,-3.892663032980114846e-02,2.854693008570093364e-04
2.060691425120958264e+00,-3.900769020209821081e-02,3.230082577355903109e-04
2.060611447504038907e+00,-3.903959016100363999e-02,4.097481061259514862e-04
2.060662470795361134e+00,-3.910219257096467227e-02,3.852465675464935842e-04
2.060701815289946115e+00,-3.920105274455919220e-02,4.535414506407203371e-04
2.060715436077788620e+00,-3.920387493125777889e-02,5.663185158606697271e-04
2.060687750902021165e+00,-3.931739281737273162e-02,5.918568379957521962e-04
2.060645848321727591e+00,-3.942783946088443403e-02,6.010814625435627508e-04
2.060755406975350201e+00,-3.952941991234198288e-02,6.459871399817352896e-04
2.060872478149406994e+00,-3.962206552641785173e-02,6.655134156498702718e-04
2.060908872999367425e+00,-3.970864064532325655e-02,6.441958816886276737e-04
2.060969488842826713e+00,-3.982513107088465898e-02,7.324972895461247377e-04
2.061071431523681330e+00,-3.985961708155539435e-02,7.545223360446683125e-04
2.061046822126550548e+00,-3.985022685564898470e-02,7.064810902860708432e-04
2.061091022662397521e+00,-3.994209519037111855e-02,6.698112036955654889e-04
2.061086443995582496e+00,-4.001349393541463878e-02,6.768973517749019399e-04
2.061086495958243781e+00,-4.000847044354177706e-02,7.889805807936235878e-04
2.061126652979439200e+00,-4.010194217385912308e-02,8.051228832607474403e-04
2.061201437631908107e+00,-4.014675110160233207e-02,8.031337892080010711e-04
2.061204867568263932e+00,-4.028404120473899619e-02,8.390656600725761912e-04
2.061186092416304128e+00,-4.029302046300450163e-02,8.133310336082954367e-04
2.061242803182579131e+00,-4.034019110317239171e-02,8.127002830174596959e-04
2.061277335346867634e+00,-4.037925946673209116e-02,7.420379601018284137e-04
2.061370319857107614e+00,-4.041962810526706501e-02,7.471483742651328789e-04
2.061361608524463485e+00,-4.046482091651013718e-02,6.847201326282523377e-04
2.061424850742277215e+00,-4.047229194743882930e-02,7.085239310152937958e-04
2.061497073978796113e+00,-4.055209692507077968e-02,6.807700878984022366e-04
2.061601404178345032e+00,-4.056213279454644327e-02,6.816712545758400223e-04
2.061652682926960356e+00,-4.058404688010849165e-02,6.489757273717268547e-04
2.061638428729111183e+00,-4.061965212936555908e-02,7.176175906309820943e-04
2.061741496462675016e+00,-4.067675033214684932e-02,7.115124714880193902e-04
2.061726794478863312e+00,-4.069600190037174492e-02,6.425726282876972591e-04
2.061760037602848872e+00,-4.074919451569126300e-02,6.890385942279677201e-04
2.061790959299246939e+00,-4.076820088808295883e-02,6.682378808692021437e-04
2.061851123015955523e+00,-4.083747348428089230e-02,6.934579135020340788e-04
2.061876324889565293e+00,-4.095493283208211099e-02,7.127426326392328169e-04
2.061918459630850187e+00,-4.103684999764761060e-02,7.295900058203137533e-04
2.062055359762097417e+00,-4.117035764015147814e-02,7.817816603091029158e-04
2.061985287757885477e+00,-4.126399843711421600e-02,8.591641642249852164e-04
2.062074141280890061e+00,-4.128594055457095874e-02,9.292894117900760229e-04
2.062198824812951692e+00,-4.139402895990883235e-02,8.829363906189885078e-04
2.062190838986340591e+00,-4.139494398514587115e-02,9.215285887423069850e-04
2.062233135217380386e+00,-4.148567460429119363e-02,9.585539543662620256e-04
2.062312611490990211e+00,-4.147356282783785236e-02,9.434644281365251253e-04
2.062326797549846713e+00,-4.145920060479773434e-02,8.905906017389929666e-04
2.062380686424393872e+00,-4.146242386186727025e-02,9.487328642967259680e-04
2.062481829189185323e+00,-4.135539073611936567e-02,9.254688286762513538e-04
2.062527874345067236e+00,-4.136272529414369847e-02,1.014645135089084016e-03
2.062585118251635485e+00,-4.147344496957117155e-02,1.063550982677456680e-03
2.062577078806688835e+00,-4.149815235260156943e-02,1.079420982053955506e-03
2.062651117489771480e+00,-4.156537357961848783e-02,1.068311986081970809e-03
2.062729207589808045e+00,-4.158727021013475939e-02,1.020838171315966228e-03
2.062729277899348457e+00,-4.173559585375313102e-02,9.918914905684666616e-04
2.062759028220802371e+00,-4.182058139723811296e-02,9.015120666000780297e-04
2.062899595163670607e+00,-4.190720916314993189e-02,8.788334929258784798e-04
2.062956034839054542e+00,-4.194982895774553716e-02,8.972262454621372611e-04
2.063004779230702912e+00,-4.195290366470499910e-02,9.429527002318837010e-04
2.063062079635909818e+00,-4.201476776131560925e-02,9.479773293195551537e-04
2.063164854616778676e+00,-4.208498956708144056e-02,9.357779868769003449e-04
2.063240299748021034e+00,-4.211453668523191390e-02,9.124935420248195652e-04
2.063377563659436031e+00,-4.219182441624915597e-02,8.329975919264628490e-04
2.063472953525729015e+00,-4.217916953367861765e-02,7.759430866310304412e-04
2.063516738746907109e+00,-4.218293567934441185e-02,8.637921500331891596e-04
2.063635820653156205e+00,-4.216891139759479379e-02,8.760645032373555073e-04
2.063597370671266251e+00,-4.223582774694131098e-02,8.655771670711866076e-04
2.063686610809800648e+00,-4.226057055642563898e-02,8.114727222741175078e-04
2.063694761600582517e+00,-4.227064657524692154e-02,7.569644550047734946e-04
2.063731976333098128e+00,-4.220756597133345361e-02,7.784708793352087793e-04
2.063779349624088599e+00,-4.222818396546308001e-02,7.418143883744527517e-04
2.063777804914685099e+00,-4.214852313765836411e-02,8.364768174239061837e-04
2.063833964160383339e+00,-4.233044928269506096e-02,8.248736296385048017e-04
2.063968263256689806e+00,-4.231866230708961063e-02,8.606742111304325473e-04
2.064011212213435531e+00,-4.224550910724648306e-02,9.050737631085532895e-04
2.064082932108775914e+00,-4.237800254463068572e-02,8.364771491368870517e-04
2.064153794963620836e+00,-4.247340085830252077e-02,9.051313735720807043e-04
2.064290248178909604e+00,-4.253155158681215520e-02,9.435938341561203200e-04
2.064236084448372477e+00,-4.255070710686003482e-02,9.088394894360037057e-04
2.064293411791188415e+00,-4.259576678759159629e-02,9.654149752330322930e-04
2.064356481321983239e+00,-4.265593222523408889e-02,8.993341617616441245e-04
2.064342722000898522e+00,-4.260819221053500916e-02,8.272391195586845797e-04
2.064444301677849758e+00,-4.261316356407938988e-02,8.112724614913292354e-04
2.064528698248891292e+00,-4.273486863168955707e-02,8.590213049765177411e-04
2.064543880050850877e+00,-4.281507105263999274e-02,7.994302200456806324e-04
2.064597851556977393e+00,-4.284400884875710913e-02,7.712327778705735685e-04
2.064710072750373548e+00,-4.284372306674059938e-02,8.770158699220424736e-04
2.064719935212040003e+00,-4.292822659924763057e-02,8.608086112961812249e-04
2.064866740231074527e+00,-4.292616202031136752e-02,9.539850170392147333e-04
2.064898150891299355e+00,-4.292200716367684105e-02,8.847003605871624340e-04
2.064877789444657274e+00,-4.296212883106417108e-02,9.061102997172213206e-04
2.064954318405729961e+00,-4.297356893286550378e-02,9.919391187526451457e-04
2.064948469406118203e+00,-4.298257231099678749e-02,8.853550650131456878e-04
2.064983498920216931e+00,-4.303080940975339413e-02,9.191139743147259521e-04
2.065023553117127708e+00,-4.312109646715345940e-02,8.878604155290070092e-04
2.065080844290128059e+00,-4.318094689778817497e-02,8.713412998270042391e-04
2.065065066628350099e+00,-4.321349111484787398e-02,9.579627788584637541e-04
2.065177933446885827e+00,-4.324396194920203385e-02,8.377658290478040125e-04
2.065207604780193940e+00,-4.326622465633576942e-02,8.141405027020633340e-04
2.065302505421454438e+00,-4.340422560059643137e-02,8.453587831097937469e-04
2.065367397271617111e+00,-4.341980258670415094e-02,8.600484245028963519e-04
2.065385818468218559e+00,-4.350288582662741738e-02,7.948009434815047486e-04
2.065419987555545678e+00,-4.353231995947166172e-02,8.113837118131198879e-04
2.065493575620207523e+00,-4.367774045155454338e-02,7.774644949330607440e-04
2.065445388259237181e+00,-4.375468885014060366e-02,7.912081888110268765e-04
2.065548711179668651e+00,-4.384790448372108407e-02,7.928826780450891126e-04
2.065613141210211445e+00,-4.394385709447209964e-02,8.421558107202423800e-04
2.065738456464242034e+00,-4.393057698332124283e-02,8.433710489646403796e-04
2.065810995570350972e+00,-4.393059770602580211e-02,8.706887015601829901e-04
2.065930714013150649e+00,-4.390903953076278482e-02,8.408604716883924697e-04
2.066012040558618423e+00,-4.401970532888879045e-02,7.467872121571174533e-04
2.066081626814993299e+00,-4.403203040557542719e-02,7.952161344471004364e-04
2.066106134174324982e+00,-4.403947913579359108e-02,7.925606946906083028e-04
2.066171990946100490e+00,-4.405466430048757265e-02,7.881138367404914640e-04
2.066264524925776946e+00,-4.404824615594368081e-02,7.069793178242437517e-04
2.066357324685645036e+00,-4.412230625858215571e-02,7.044859013121631706e-04
2.066448267247532833e+00,-4.415891813013346490e-02,6.923965445860964492e-04
2.066571540847850219e+00,-4.425935448306814873e-02,6.803460953923992421e-04
2.066621616775501380e+00,-4.433240165379994518e-02,7.891732126538541624e-04
2.066654895325191088e+00,-4.438453342493499376e-02,7.951551770435412577e-04
2.066649030357889494e+00,-4.439471888296391000e-02,8.090910207471937402e-04
2.066713342113290608e+00,-4.443432730132274022e-02,8.455569995424165207e-04
2.066796314777345600e+00,-4.448712327653643606e-02,8.064470980270537718e-04
2.066843603460689405e+00,-4.460764562559663832e-02,8.871171529669498543e-04
2.066892075535258222e+00,-4.457076841591561811e-02,8.455267560858213205e-04
2.066945898852039942e+00,-4.466416454550173332e-02,8.475519967634261281e-04
2.066981390491883008e+00,-4.472731629385769125e-02,8.317029650210176588e-04
2.067071516438301781e+00,-4.474814657044989125e-02,7.401646635004126762e-04
2.067117005482774772e+00,-4.476603965423377185e-02,7.122296087555210226e-04
2.067228601525723519e+00,-4.480157231053186195e-02,6.974456920717080890e-04
2.067264838505877389e+00,-4.485025066923711140e-02,7.431363454672755900e-04
2.067336754244584629e+00,-4.493194650913172328e-02,7.673164539380019711e-04
2.067449440569947061e+00,-4.501534755084168199e-02,7.758810799467580560e-04
2.067500737823549706e+00,-4.505284589508100346e-02,7.379325045043730194e-04
2.067662698909430663e+00,-4.509356141515508121e-02,6.951386709724336312e-04
2.067686220621195226e+00,-4.516763197676365582e-02,7.025283359337746196e-04
2.067850431090248797e+00,-4.523457688413599215e-02,6.858997130596885660e-04
2.067869390761380100e+00,-4.527251678906728943e-02,6.769977643153775185e-04
2.067915325800770532e+00,-4.531527164695857424e-02,6.326175686618217648e-04
2.067903659810113481e+00,-4.541884736844652853e-02,6.082248200065878962e-04
2.067944566408219664e+00,-4.554357180371365610e-02,5.415087754144909784e-04
2.068034611774017595e+00,-4.557776584698507855e-02,5.121840050521963466e-04
2.068050077633329487e+00,-4.565258011658859805e-02,4.789752931373765423e-04
2.068209084980655810e+00,-4.570489198467085623e-02,4.738439588285497570e-04
2.068258044816620345e+00,-4.573929583188477560e-02,3.120101935941133314e-04
2.068380531126512434e+00,-4.582793756451220002e-02,4.080083208437412920e-04
2.068391754044166309e+00,-4.594949903706269795e-02,2.971795540608816559e-04
2.068386325368459122e+00,-4.601160497060244325e-02,2.839035807002289599e-04
2.068408225763801234e+00,-4.595326738311272807e-02,2.595230016414210505e-04
2.068508052166365463e+00,-4.597753557354842396e-02,2.663499007909394330e-04
2.068644275887184136e+00,-4.607791166976070441e-02,1.734925927756646256e-04
2.068714221972053569e+00,-4.614350276614873070e-02,3.167454236938378308e-04
2.068845930201113958e+00,-4.621055501892055301e-02,3.332128723079770928e-04
2.068922205425739680e+00,-4.622197375941822922e-02,3.867816307949946300e-04
2.069048880317020611e+00,-4.635673329641588208e-02,4.351613237783769289e-04
2.069113477053579953e+00,-4.641920395193604998e-02,4.397523045950290092e-04
2.069161916179453442e+00,-4.649278137608932326e-02,3.828452392020408089e-04
2.069223007375373236e+00,-4.653483006469152916e-02,3.511649684847174455e-04
2.069302981851410816e+00,-4.656499980108854547e-02,1.700776133108109693e-04
2.069384297579700327e+00,-4.662915185598153628e-02,2.364096127432792718e-04
2.069386398291236606e+00,-4.659551429675853895e-02,2.398829921060812256e-04
2.069441324719439201e+00,-4.671034834382173373e-02,2.794476364372396027e-04
2.069484772826849728e+00,-4.682017148540234402e-02,3.329948359391916510e-04
2.069500433051528088e+00,-4.675179171158894836e-02,3.048917884240487635e-04
2.069609281796891409e+00,-4.690582411550549280e-02,3.497215669267971145e-04
2.069764004149851289e+00,-4.694433603975660396e-02,3.687671297892468293e-04
2.069811919192769967e+00,-4.695966151625525359e-02,3.276178016160276709e-04
2.069929483747461774e+00,-4.700352178878879766e-02,3.586105671188428100e-04
2.069936982394981584e+00,-4.701188253398592976e-02,2.805369159797449735e-04
2.069948486130810839e+00,-4.710575456411410233e-02,2.015001131868344899e-04
2.069989904327579122e+00,-4.719464233975131928e-02,2.503232488691116203e-04
2.070034652998093083e+00,-4.725064678381451361e-02,2.649998978673644709e-04
2.070099622923175176e+00,-4.735724689265519149e-02,2.124559002580035725e-04
2.070179056707380116e+00,-4.732115944140201369e-02,2.688466430563110480e-04
2.070213732180344213e+00,-4.734782999527982483e-02,2.965620117963745301e-04
2.070334360901656012e+00,-4.733272600996257101e-02,2.730205395234959866e-04
2.070412410508534862e+00,-4.737912255814673290e-02,1.944104011836890835e-04
2.070464447793203711e+00,-4.744019407819008438e-02,2.239148439744469404e-04
2.070556000031317900e+00,-4.751680989517029219e-02,1.850237442099559833e-04
2.070643566001204583e+00,-4.768492935201321115e-02,1.963369379497882574e-04
2.070692080593745654e+00,-4.773297154504822781e-02,3.303814893646137528e-04
2.070853251209884061e+00,-4.778451091345860963e-02,2.759601469827427161e-04
2.070880480221905628e+00,-4.777489212225183995e-02,3.123457749847616456e-04
2.070943133137273851e+00,-4.778662601368501017e-02,2.803078671337859841e-04
2.070970674091805463e+00,-4.782540168778449952e-02,2.864723696134813323e-04
2.071058011750107397e+00,-4.790813399499407182e-02,2.605391198872024404e-04
2.071147519520673885e+00,-4.779932550757672732e-02,2.599918967263794016e-04
2.071240803197572866e+00,-4.790634987756099000e-02,3.348532122946465709e-04
2.071278217218149642e+00,-4.791636810271329705e-02,3.018215617056442600e-04
2.071318786998351147e+00,-4.803137665649981347e-02,2.866568547930680214e-04
2.071343538125447470e+00,-4.804167461893307095e-02,2.282393276769548055e-04
2.071335178095211838e+00,-4.809025639187212292e-02,2.415460617194863818e-04
2.071389084755149934e+00,-4.815683650837725149e-02,2.456532135442335936e-04
2.071490280256604866e+00,-4.823584470516421169e-02,1.613900376066132968e-04
2.071548090278497956e+00,-4.830972458988475049e-02,2.178767020809891156e-04
2.071626412013831242e+00,-4.831676832396947924e-02,1.167833253445763763e-04
2.071695733099594428e+00,-4.840108244477774740e-02,6.992258062229675516e-05
2.071731874064748791e+00,-4.843275469280658441e-02,1.033469079785116551e-04
2.071794072164777401e+00,-4.849534548443125426e-02,1.064046389210644315e-04
2.071764434066560856e+00,-4.850432303748043045e-02,1.025076932727539961e-04
2.071825777030127824e+00,-4.862463022680360569e-02,7.666241397328604930e-05
2.071895589440131857e+00,-4.875838121124383834e-02,5.008736982427836200e-05
2.071912186814495183e+00,-4.878936935633226141e-02,6.640342968420784569e-05
2.071923721999455292e+00,-4.880250308003309528e-02,2.378892899924618594e-05
2.072018406204520602e+00,-4.883651941581061001e-02,6.650609803976942130e-05
2.072108986285958299e+00,-4.890604250782781826e-02,8.288014799721533260e-05
2.072094068892272212e+00,-4.891975020463948387e-02,7.820891084941221870e-05
2.072116929642089378e+00,-4.903532142584448444e-02,1.222975184333005463e-04
2.072196914689758973e+00,-4.904237818586208025e-02,1.555780644999326236e-04
2.072335423178858882e+00,-4.911526179124949681e-02,1.880700339167718773e-04
2.072427193805319146e+00,-4.905374647845461844e-02,2.417805746605121886e-04
2.072573221158118706e+00,-4.909439686181804596e-02,2.217380653310115123e-04
2.072655101834319780e+00,-4.911247954955218903e-02,2.736349040005784717e-04
2.072723883863967220e+00,-4.916144957974957763e-02,2.412285618362749475e-04
2.072879904419928643e+00,-4.925691690898380271e-02,3.642010617955694532e-04
2.073008748036361926e+00,-4.932471857051953790e-02,3.194748084895506824e-04
2.073146977504665589e+00,-4.936370892695755852e-02,3.242129270322063623e-04
2.073184443962265533e+00,-4.937304579532405396e-02,2.777483866489730631e-04
2.073321980014602772e+00,-4.945497218691592700e-02,2.509878784691556958e-04
2.073407337361739877e+00,-4.950763770851161760e-02,2.337632428289538082e-04
2.073469541313623932e+00,-4.962833852918099864e-02,2.549201169859437784e-04
2.073445536446825166e+00,-4.969798347446327536e-02,2.412177778346932800e-04
2.073508081963953309e+00,-4.978596850310425953e-02,2.598471876106457222e-04
2.073591396937082720e+00,-4.982329503652221242e-02,3.110155958170811546e-04
2.073625011184573541e+00,-4.998983821150303902e-02,2.916773186164347284e-04
2.073653422171535698e+00,-5.004161146310875247e-02,2.975425617718509665e-04
2.073671949611404219e+00,-5.017263914501708666e-02,2.127761092854002522e-04
2.073698531912659071e+00,-5.029010292109366981e-02,2.351608034318556772e-04
2.073753814079802194e+00,-5.041386988135604375e-02,2.356730476240034464e-04
2.073882888415801595e+00,-5.049956929384646909e-02,2.310041064899824809e-04
2.073915600341374343e+00,-5.061098069022316320e-02,2.953526637551097140e-04
2.074010708424835148e+00,-5.068402519502770293e-02,2.597954968531838689e-04
2.074056189405063755e+00,-5.073498265563092247e-02,2.861373037638013320e-04
2.074042851683060018e+00,-5.078004290418105388e-02,2.541866847674106845e-04
2.074060589227499474e+00,-5.075198228285639213e-02,2.151049777457259146e-04
2.074247588476962889e+00,-5.085985962342658845e-02,2.266721629204551496e-04
2.074308665801874341e+00,-5.097428433386307772e-02,2.534571742058212189e-04
2.074318323714616330e+00,-5.096061447273630973e-02,1.962619349293953869e-04
2.074354293540647820e+00,-5.093632441332868882e-02,1.719729580114410909e-04
2.074417081469490221e+00,-5.097690978624686703e-02,2.473901717058358575e-04
2.074486759554370341e+00,-5.094078990070308177e-02,2.340268189805457867e-04
2.074607351666714727e+00,-5.100146318251209260e-02,1.998335569241979572e-04
2.074697533734402910e+00,-5.112064829129850385e-02,1.615005265159436053e-04
2.074672167616380403e+00,-5.123199953223770559e-02,1.568535012612439221e-04
2.074820350090440080e+00,-5.125913224828598097e-02,1.677405825367908490e-04
2.074940910025302454e+00,-5.132446424851446615e-02,1.534686218451717656e-04
2.074942592901947158e+00,-5.139350375648981534e-02,1.709863323985034490e-04
2.074976870647393667e+00,-5.143614996553972502e-02,1.777344707041050636e-04
2.075085981199533247e+00,-5.147349237859682319e-02,2.007484156152369653e-04
2.075220337120414538e+00,-5.158942096182081438e-02,2.626502167412066483e-04
2.075274825119695077e+00,-5.166543680043373526e-02,2.862976364073758270e-04
2.075342032628431532e+00,-5.170862483759897099e-02,2.674572972246430885e-04
2.075486026180207055e+00,-5.177349880680809369e-02,2.171437357239311503e-04
2.075532300685590137e+00,-5.183668921916852190e-02,2.086560425526569167e-04
2.075605147165939357e+00,-5.196268315434218743e-02,2.166702254993081343e-04
2.075700941801505550e+00,-5.196872788334582632e-02,2.100723478626967140e-04
2.075728062563890752e+00,-5.198066679960607062e-02,2.272660746226401278e-04
2.075737296789357700e+00,-5.208175660108204513e-02,1.903072274839052948e-04
2.075836165412035417e+00,-5.217512396808858532e-02,2.980392529969839825e-04
2.075793540965234829e+00,-5.223254126766356531e-02,3.628481727678853721e-04
2.075962631791815394e+00,-5.237826610813994810e-02,3.314674400612577275e-04
2.075962454266906398e+00,-5.235736174148530875e-02,4.210082291467232484e-04
2.076061188631823207e+00,-5.239291703446720405e-02,4.401861478823434863e-04
2.076089807797372622e+00,-5.245298445237798340e-02,4.830798781318100250e-04
2.076054746312849808e+00,-5.256334842040004396e-02,4.992577697787146419e-04
2.076176436562041872e+00,-5.262235665700595866e-02,4.903883905567514578e-04
2.076189131336540150e+00,-5.265787263112894911e-02,5.128878718706834624e-04
2.076228692435802436e+00,-5.279060831893719191e-02,5.418467341758468692e-04
2.076234653283724807e+00,-5.278566016223736751e-02,4.410069320674658779e-04
2.076204097833904250e+00,-5.276511879658167536e-02,4.071473346099759136e-04
2.076277160978475589e+00,-5.293000483591932953e-02,3.560329175095621368e-04
2.076285493234574897e+00,-5.303792027768972073e-02,4.070898318928292182e-04
2.076331610746031231e+00,-5.314522726367580663e-02,3.996107157651838352e-04
2.076345805963643709e+00,-5.311851346729001139e-02,4.524838110245296501e-04
2.076457882768494301e+00,-5.313502750102864353e-02,4.786728602998825753e-04
2.076482039030864701e+00,-5.316417927994460807e-02,4.594172441176450940e-04
2.076537794596745368e+00,-5.326787913282334669e-02,5.216495631213101131e-04
2.076683952259529509e+00,-5.321647328759616935e-02,5.292584952848226020e-04
2.076799958966022430e+00,-5.334455025060924616e-02,5.087711981376035310e-04
2.076921185592683461e+00,-5.338173790269090668e-02,4.227008211440722008e-04
2.076994566929789787e+00,-5.345526558130490186e-02,4.435528578194248661e-04
2.077064355981536714e+00,-5.344638799375750482e-02,4.463978356928001868e-04
2.077221500674082844e+00,-5.348346829343408187e-02,3.228807611867078476e-04
2.077205124359937649e+00,-5.359939481271927542e-02,3.774823466274421918e-04
2.077237364915963447e+00,-5.363061898012628365e-02,3.290933216391388541e-04
2.077256304979680834e+00,-5.376637013684711780e-02,4.177158094033452725e-04
2.077363117397381220e+00,-5.379402093011461522e-02,3.670588430558043881e-04
2.077546200702741874e+00,-5.379257552050975555e-02,3.626809375387528940e-04
2.077586841784330396e+00,-5.385863303170445454e-02,3.817383974039573538e-04
2.077650495272997944e+00,-5.392489755150827596e-02,4.027928972438525276e-04
2.077675056302469958e+00,-5.398063362380511876e-02,3.903654619690623902e-04
2.077745131140316115e+00,-5.407973212089989962e-02,4.167124470387248490e-04
2.077723123284899831e+00,-5.421474994104102246e-02,3.664394997534449320e-04
2.077835980000569016e+00,-5.422819947241500071e-02,3.569122140818204955e-04
2.077954087529419791e+00,-5.434118504769717972e-02,3.820151355671701004e-04
2.078004988995116431e+00,-5.448365962814771812e-02,4.283123970272216747e-04
2.078070631294162585e+00,-5.454909921242128562e-02,5.467858093923758664e-04
2.078152406037048205e+00,-5.455919759343513809e-02,5.399403452102617814e-04
2.078249605426742086e+00,-5.456014308053736689e-02,5.261707878456797121e-04
2.078272760796289198e+00,-5.463404353866501556e-02,5.394753566225503729e-04
2.078249749456141604e+00,-5.478654529306536958e-02,5.548630195211433315e-04
2.078253466377563363e+00,-5.487116003213463045e-02,5.593742451710800130e-04
2.078346140113453089e+00,-5.489803895093994801e-02,5.385513478547946254e-04
2.078359441567057875e+00,-5.494807040344089344e-02,5.852613815366207711e-04
2.078409770179125982e+00,-5.498712241634427095e-02,6.201274693068890799e-04
2.078504843463174101e+00,-5.499564697708732991e-02,6.299506466939708326e-04
2.078596251588852972e+00,-5.511670414267634543e-02,6.351268218322115135e-04
2.078632054262129270e+00,-5.512922667431931906e-02,6.709491039880534141e-04
2.078696232269761524e+00,-5.524728585640838879e-02,5.647041861952018004e-04
2.078789660888435531e+00,-5.526687861268400614e-02,5.145971974437659737e-04
2.078828292762424201e+00,-5.536856492075314246e-02,4.486338615413298534e-04
2.078847432937887429e+00,-5.535975598281457632e-02,3.950438696612973812e-04
2.078981432340629709e+00,-5.534866930159516862e-02,2.901231829003500713e-04
2.079142262521274986e+00,-5.540982675239956856e-02,2.132631943876346452e-04
2.079229358386982085e+00,-5.543408435803370837e-02,1.753526412652523360e-04
2.079252286706504638e+00,-5.555563044924639177e-02,3.185408584203309351e-04
2.079340457170027356e+00,-5.559130695714638998e-02,3.697434148814750547e-04
2.079410701723919619e+00,-5.570613403711887485e-02,3.995488033076876797e-04
2.079445491815243408e+00,-5.586756274606814038e-02,4.085666054827385638e-04
2.079486791876764329e+00,-5.596696362949740017e-02,3.437641693279115391e-04
2.079495713989973460e+00,-5.598582277205658292e-02,2.662926549592844029e-04
2.079548027268657506e+00,-5.610760690091561725e-02,2.159444772838069095e-04
2.079620189222598725e+00,-5.615635033097408912e-02,1.309811852474421267e-04
2.079683144384946392e+00,-5.623361958566636815e-02,1.338443472918879979e-04
2.079767042773314145e+00,-5.627826042776366139e-02,1.008929246303928902e-04
2.079804706645254075e+00,-5.636204143741672251e-02,8.936971663095761014e-05
2.079826832897609723e+00,-5.640106109274892893e-02,1.087008624426498611e-04
2.079931375760363910e+00,-5.642870688176715444e-02,1.005602260526750454e-04
2.079994985518722750e+00,-5.655714405275377721e-02,1.117889730354621212e-04
2.080040531872930476e+00,-5.659264464206161666e-02,1.087419505656025709e-04
2.080117042850621711e+00,-5.663790278662538674e-02,8.767928800904490217e-05
2.080185173001039001e+00,-5.665240443736157400e-02,7.578614073700203123e-05
2.080334977680574848e+00,-5.684389367569244594e-02,5.185798231460105512e-05
2.080399479788482164e+00,-5.690605055349854530e-02,-1.024654264106013431e-05
2.080441063609351104e+00,-5.697248736407432151e-02,-1.065099838571137187e-04
2.080565820092040497e+00,-5.703484017435512393e-02,-1.024626369619513326e-04
2.080657085105652726e+00,-5.707784259932199844e-02,-6.497219405581175782e-05
2.080851326738572649e+00,-5.713730118007283310e-02,-2.039194599042343486e-05
2.080905628477395464e+00,-5.718081692033630953e-02,3.747429242053589287e-05
2.080989520591678854e+00,-5.730365520688773112e-02,1.185541639188563838e-04
2.081041486892424075e+00,-5.729863375905199646e-02,7.926459792275582770e-05
2.081138608134155632e+00,-5.729469391332248085e-02,7.595917794785479770e-05
2.081212505837587212e+00,-5.729844639805971307e-02,8.028748415610904247e-05
2.081223055613983242e+00,-5.735985663184185041e-02,1.631339464314429666e-04
2.081224064679317198e+00,-5.744651710292127816e-02,1.959499449194777637e-04
2.081311417493087124e+00,-5.740736261670282420e-02,2.663132557263882087e-04
2.081347524058485110e+00,-5.741595498251125806e-02,3.077481036589088713e-04
2.081430302170917290e+00,-5.740206711626829467e-02,3.617323494873233300e-04
2.081474541335396111e+00,-5.752570008526125545e-02,3.614605720875826815e-04
2.081487951080231991e+00,-5.759745940348366677e-02,4.129491517740509752e-04
2.081486412385952445e+00,-5.770911723761501522e-02,4.486586730230158440e-04
2.081526842444620051e+00,-5.776021330683640820e-02,4.918498049706026935e-04
2.081510737222247887e+00,-5.785753668081954765e-02,4.961111574672092284e-04
2.081562537735283325e+00,-5.790074319212760307e-02,4.589092141115948481e-04
2.081606852229615612e+00,-5.799415987548200285e-02,4.572724175267733502e-04
2.081677052955473783e+00,-5.800860735304282090e-02,4.382726880236117377e-04
2.081680945073240530e+00,-5.807390443247461426e-02,4.026504512168866106e-04
2.081712984765144103e+00,-5.818375776523587728e-02,4.616917224211206138e-04
2.081825809450289722e+00,-5.824691886415905157e-02,4.383737036730087360e-04
2.081849794526323461e+00,-5.830062688775967950e-02,4.060433047730362642e-04
2.081826505393390203e+00,-5.836587628655579701e-02,4.115277191542215983e-04
2.081802859792744709e+00,-5.836108893406875137e-02,3.448266387021130708e-04
2.081832248472097024e+00,-5.844036933672720063e-02,2.922379192645628413e-04
2.081862331336962857e+00,-5.840034076375702488e-02,3.171407224690234519e-04
2.081935819940390342e+00,-5.848245881424717768e-02,2.769218012407712276e-04
2.081970862969213965e+00,-5.853471005837242169e-02,3.034665782008474011e-04
2.082058054680338444e+00,-5.848434007269144586e-02,3.136748098934443070e-04
2.082150859364136686e+00,-5.850788591057941301e-02,2.945823344266954762e-04
2.082205602844893200e+00,-5.860460303243820307e-02,2.810951807287861894e-04
2.082334446575912157e+00,-5.847231492925126367e-02,3.336058235597803780e-04
2.082467238864051051e+00,-5.853503334734221075e-02,3.493801837210224370e-04
2.082574390790597807e+00,-5.858879423039568130e-02,3.567580133049489820e-04
2.082645347488162546e+00,-5.863519002239438865e-02,3.004919638594633871e-04
2.082712158359405485e+00,-5.868346624085112040e-02,3.389194902279140070e-04
2.082738328293738395e+00,-5.863042503766439928e-02,3.890666242045861091e-04
2.082778209653845192e+00,-5.864534585877337336e-02,3.993916610498270451e-04
2.082860294144469826e+00,-5.868011328808354909e-02,3.839744691352932012e-04
2.082882246392788517e+00,-5.880194823613323768e-02,4.786578839614240863e-04
2.083007124564113965e+00,-5.891205296790047452e-02,4.678534661076349729e-04
2.083093802746036172e+00,-5.898421669414611462e-02,4.617390192368556168e-04
2.083118041289498734e+00,-5.905146851691107229e-02,4.460770137760029265e-04
2.083220163754001764e+00,-5.902097392512627855e-02,3.698958746251410513e-04
2.083307132202760314e+00,-5.906629762678666101e-02,3.621366864245661576e-04
2.083401623661941038e+00,-5.915453270707211886e-02,4.223775010739652365e-04
2.083446723385255162e+00,-5.921453706176508375e-02,4.089056232214969134e-04
2.083544872128254788e+00,-5.928107228257665368e-02,5.023206199383202985e-04
2.083588243071712753e+00,-5.932864575453983963e-02,5.021728535065655020e-04
2.083653797857612400e+00,-5.938245801604195157e-02,4.474697946620693643e-04
2.083585218489311330e+00,-5.939670240098689907e-02,4.254591712491391574e-04
2.083639672807626297e+00,-5.943065835963472210e-02,3.820999652209081392e-04
2.083691897433483042e+00,-5.947008528973551922e-02,3.819965620177944517e-04
2.083736680020511933e+00,-5.961482669243632626e-02,3.266892310034129202e-04
2.083820834372737352e+00,-5.966155565219798812e-02,2.898415656670607103e-04
2.083899981665876755e+00,-5.974776017994725547e-02,3.316096844245169689e-04
2.083889426148908264e+00,-5.980212039389812967e-02,3.496001890071180488e-04
2.083988145667928116e+00,-5.980248321539714806e-02,3.810435098478837102e-04
2.084011943188398330e+00,-5.985912328808512539e-02,3.468452375934367093e-04
2.084039433038189504e+00,-5.990250042100348643e-02,3.800581843556012185e-04
2.084100466070236468e+00,-5.995102550547763004e-02,4.201177741617872640e-04
2.084219450835165244e+00,-5.995766719891216373e-02,4.204456437184692932e-04
2.084333035806925416e+00,-6.002152145438839626e-02,3.945969823680175407e-04
2.084291154660823153e+00,-6.017042796399779681e-02,4.480011451926500668e-04
2.084307190676047750e+00,-6.027216513718274687e-02,4.747716812279203450e-04
2.084330642621972096e+00,-6.034149841746093423e-02,4.253331791651676890e-04
2.084432004207058320e+00,-6.039037401011564110e-02,3.820483187347471581e-04
2.084490269720011391e+00,-6.046918745512110116e-02,4.089557405402953353e-04
2.084578993534134117e+00,-6.056036848756814889e-02,4.114744665038515509e-04
2.084568049561181358e+00,-6.063213166915874808e-02,4.272003062647980031e-04
2.084622696824058430e+00,-6.070365029777378962e-02,4.542980878362869700e-04
2.084685658517466678e+00,-6.078357633382835273e-02,4.510696629202695825e-04
2.084638749075834241e+00,-6.082805027784809332e-02,4.332147193500413560e-04
2.084742565391646707e+00,-6.091456560848739626e-02,4.003463360932069137e-04
2.084859625506504166e+00,-6.098325074538634566e-02,3.375884869177247756e-04
2.084849986936404331e+00,-6.110457962108336444e-02,2.945379895189977624e-04
2.084932922589065818e+00,-6.119217446533045668e-02,3.242615861225821685e-04
2.084938224595707101e+00,-6.143070148281656873e-02,3.419020229420580777e-04
2.085050302533738797e+00,-6.141393411879373515e-02,4.020479668108804805e-04
2.085084114970205071e+00,-6.147803599829596705e-02,4.416340273080032915e-04
2.085040843627608886e+00,-6.149400764112373380e-02,4.646927663337577924e-04
2.085052404369682311e+00,-6.156353977507313807e-02,5.306488558703064762e-04
2.085040403437516066e+00,-6.166507467483129529e-02,5.192399479322815049e-04
2.085145205620895670e+00,-6.174726999962479312e-02,4.250697726419144025e-04
2.085233663006545779e+00,-6.174915916542698252e-02,4.396311028373300206e-04
2.085332080325594362e+00,-6.179028676193540348e-02,4.318079191505285104e-04
2.085485850552693865e+00,-6.180459478760472192e-02,4.454444067614531056e-04
2.085502494989222910e+00,-6.173845201872626282e-02,4.460230984390086079e-04
2.085555557672774896e+00,-6.183848031028847669e-02,4.224446787710260491e-04
2.085573061021606112e+00,-6.185510467682555497e-02,4.072822669805724370e-04
2.085576151241380849e+00,-6.190861390792444519e-02,4.580316013934967621e-04
2.085582125112479979e+00,-6.196456162263869194e-02,5.206224529263430139e-04
2.085692603986896820e+00,-6.208602596129468576e-02,5.637460763597865014e-04
2.085705493399229837e+00,-6.215892358769249670e-02,5.794938396095826406e-04
2.085873935298724113e+00,-6.222358322578239176e-02,6.149659264930651880e-04
2.085862192372938129e+00,-6.226294453164724768e-02,6.120628471866625337e-04
2.085929414598673759e+00,-6.231011013934897869e-02,6.767396876037957195e-04
2.085991701748927341e+00,-6.240298395244513185e-02,6.421964712400919130e-04
2.085999538305756573e+00,-6.245531899636186379e-02,7.430450512072201167e-04
2.086080266045772458e+00,-6.248450199566239066e-02,7.598096167566331400e-04
2.086093655309758876e+00,-6.257363791965527000e-02,7.270190994637030883e-04
2.086126244589845857e+00,-6.254195767965195496e-02,7.236372910928297016e-04
2.086156234684737321e+00,-6.254878755890598552e-02,7.429204718049282376e-04
2.086141545497446348e+00,-6.261558397505247175e-02,6.693982253237970321e-04
2.086293538340679543e+00,-6.271022817297958185e-02,6.836217161496381057e-04
2.086325130134369488e+00,-6.274918022708281251e-02,6.802226795285864699e-04
2.086383367802042255e+00,-6.281638408559055142e-02,6.176132120725143183e-04
2.086432312975913916e+00,-6.289781425920051849e-02,6.395819408505316666e-04
2.086511295251782805e+00,-6.299584694083903980e-02,6.438006389856159748e-04
2.086589344538302804e+00,-6.300435980603276420e-02,6.475560577259323021e-04
2.086562994897338985e+00,-6.298718893869291457e-02,6.753904151662233363e-04
2.086679464779616744e+00,-6.311753546236446855e-02,6.695766089270349490e-04
2.086775070061962278e+00,-6.318920570681607618e-02,6.688468915606476418e-04
2.086938429111146576e+00,-6.322108464196724009e-02,6.089306257129234630e-04
2.087002937575756611e+00,-6.321596914654187271e-02,6.107935361906726909e-04
2.087055557748391355e+00,-6.325190125418346521e-02,6.030742365753407989e-04
2.087115733565212849e+00,-6.331046606335455351e-02,5.286437032675294712e-04
2.087121496169005663e+00,-6.328131202607971406e-02,5.437937679841986852e-04
2.087105119178692458e+00,-6.324976307779935081e-02,4.533358570108978716e-04
2.087067444694068019e+00,-6.337168706911117111e-02,4.551595640913295385e-04
2.087091178637766831e+00,-6.346169869712385558e-02,4.483672087670968970e-04
2.087195994104386720e+00,-6.356903908623695587e-02,3.687285361030508656e-04
2.087205126210817774e+00,-6.363218335171956508e-02,3.748060434704659854e-04
2.087344320040285695e+00,-6.371189582062122825e-02,4.199857680057977362e-04
2.087437978728004850e+00,-6.379428464160484535e-02,4.702799969250837596e-04
2.087513285732060631e+00,-6.386447858402762023e-02,4.861994505189442921e-04
2.087577322887487874e+00,-6.385710469958014168e-02,5.300396056637755871e-04
2.087641550116695388e+00,-6.386233699199024560e-02,6.265277521203170769e-04
2.087660788318392413e+00,-6.396671967839988315e-02,6.358136238969109601e-04
2.087744252443595183e+00,-6.404198486537372725e-02,6.029994429552095175e-04
2.087910941981176993e+00,-6.421257172936638280e-02,6.288911654455655795e-04
2.088012026734977766e+00,-6.417876644833597766e-02,6.808791645804600570e-04
2.088039090504087980e+00,-6.430550574446500245e-02,6.905241869007023572e-04
2.088125718106441653e+00,-6.443876362417481907e-02,6.971508431159350368e-04
2.088114696758138322e+00,-6.448148176016460509e-02,7.322491521266740258e-04
2.088106392425713942e+00,-6.455296357641823746e-02,6.547778544736033600e-04
2.088124235479984048e+00,-6.466131250492734850e-02,7.051585787128586674e-04
2.088109703251774363e+00,-6.475265312590269828e-02,7.144322208122319768e-04
2.088180879402103507e+00,-6.473124068315007362e-02,7.370265501631432332e-04
2.088251292780543444e+00,-6.480566598715743754e-02,7.840965137214542333e-04
2.088334734911252877e+00,-6.497346704793818817e-02,8.192423137798398669e-04
2.088488385140533588e+00,-6.509336641801424794e-02,8.141744012757351620e-04
2.088545043523071687e+00,-6.513935789512047270e-02,8.267991110135592629e-04
2.088536389868565379e+00,-6.516509201918818661e-02,9.026155897964193353e-04
2.088584186320782798e+00,-6.533045805750606339e-02,8.835864408756449176e-04
2.088685811470887277e+00,-6.537295953069986731e-02,8.662490637953664842e-04
2.088663326182439661e+00,-6.545501379722126756e-02,8.412894038927836403e-04
2.088649387844190741e+00,-6.549280953192136712e-02,7.612045151508962503e-04
2.088704262065352868e+00,-6.560682800884344579e-02,6.911906843406279491e-04
2.088754032747260680e+00,-6.572165187667229624e-02,7.098160453614000154e-04
2.088776747890069174e+00,-6.578180008841266746e-02,7.746427823532237369e-04
2.088803946329489403e+00,-6.586331329417030589e-02,7.631627232540750747e-04
2.088861834774243142e+00,-6.596995969724803177e-02,8.036485276234534058e-04
2.088875523526533051e+00,-6.602876160062591537e-02,8.002222598804417750e-04
2.088901844154345433e+00,-6.602326074026626523e-02,7.473637213133550944e-04
2.088929258158924718e+00,-6.609615525519139945e-02,7.204274096883446022e-04
2.089001022172372046e+00,-6.611418739364814667e-02,6.496988083064335990e-04
2.089031886174955943e+00,-6.612247979922392105e-02,6.958000968705077083e-04
2.089110374574174589e+00,-6.611878222168508790e-02,7.763677910955847942e-04
2.089211525433674943e+00,-6.619903104275245975e-02,7.592624573848665492e-04
2.089348299788449381e+00,-6.630197284383541889e-02,7.961849415536635059e-04
2.089421146717906907e+00,-6.626441823840351075e-02,8.047042087945145000e-04
2.089430046423216503e+00,-6.631866750492673712e-02,8.134415207886043324e-04
2.089456548700092675e+00,-6.640423482942743594e-02,8.059186988905257245e-04
2.089507199790276104e+00,-6.637308769248245754e-02,8.331412352440020373e-04
2.089542297048609942e+00,-6.639388354815081716e-02,6.782537539367733360e-04
2.089627925795161101e+00,-6.648515760567526300e-02,7.860904810604787008e-04
2.089741641291322782e+00,-6.658563819391069560e-02,7.914031683209486355e-04
2.089887167716934613e+00,-6.667215184683608631e-02,8.896696631224461100e-04
2.089989731159557884e+00,-6.676629051276462834e-02,9.012974535857437401e-04
2.090070884352682956e+00,-6.680687227984159759e-02,8.153232803861442746e-04
2.090204141534172333e+00,-6.686147649489680711e-02,8.144064583627303074e-04
2.090220983658173104e+00,-6.705651541997420528e-02,7.220456950651516371e-04
2.090233209705972595e+00,-6.710148193449592957e-02,6.464954150725508433e-04
2.090325502621009246e+00,-6.717460230506733243e-02,7.404008492999036243e-04
2.090218862528038901e+00,-6.720549993305156844e-02,7.783639632266686889e-04
2.090193622432545251e+00,-6.729212031159167995e-02,7.887892818117304451e-04
2.090181122805491398e+00,-6.733669900094735317e-02,7.883055903073506307e-04
2.090164787409996006e+00,-6.733299243059104322e-02,8.276831213985229177e-04
2.090270569832360259e+00,-6.739264971191193110e-02,7.951721190062089901e-04
2.090269062389237487e+00,-6.750692926703395769e-02,8.157355326255825772e-04
2.090328534427401408e+00,-6.758082225694667100e-02,8.322198043099859454e-04
2.090383237611397327e+00,-6.765595531512233474e-02,8.843808034755913303e-04
2.090383942128423378e+00,-6.775104835736912856e-02,8.863810906257020344e-04
2.090467508718154122e+00,-6.775689830531533842e-02,9.840726274681188112e-04
2.090609607702759387e+00,-6.782010008964499403e-02,1.021562382257327085e-03
2.090640471349249463e+00,-6.785050889366797677e-02,1.037275947026266481e-03
2.090713581674368271e+00,-6.792389231182575926e-02,9.416836745143571455e-04
2.090706138927679092e+00,-6.806574664037073896e-02,9.028095364982894472e-04
2.090817469748670998e+00,-6.806648850751297053e-02,9.074461724240449976e-04
2.090863517328809262e+00,-6.818198168916510260e-02,9.591531023427521353e-04
2.090926876320108541e+00,-6.817727891509761662e-02,9.875885015940262610e-04
2.090881130922643827e+00,-6.822366392959262893e-02,9.880361367997064076e-04
2.091029001949504806e+00,-6.827272498786798871e-02,9.483590788014946990e-04
2.091118361244829860e+00,-6.832977859391980990e-02,9.537658556780657026e-04
2.091174310496568545e+00,-6.837756876362995062e-02,8.841588571766709117e-04
2.091173749637537771e+00,-6.832253816097406951e-02,8.856282923381623160e-04
2.091207993293608958e+00,-6.840376838456344033e-02,8.371679966169773019e-04
2.091304185799960358e+00,-6.851226720075563603e-02,7.757417822784468120e-04
2.091347570202926054e+00,-6.849077602513718721e-02,7.847161628364037302e-04
2.091354603901874665e+00,-6.852810849588555908e-02,7.661859110096988414e-04
2.091392837795696735e+00,-6.850947121471442913e-02,8.118373951603113058e-04
2.091336640402194469e+00,-6.853656637637321747e-02,8.164147935493925451e-04
2.091462094147606088e+00,-6.869972020998940665e-02,8.014570465270088023e-04
2.091419759064727657e+00,-6.872347135756247394e-02,8.951631632058043749e-04
2.091422221224357614e+00,-6.867722523096975173e-02,9.332532557325844049e-04
2.091406176729370792e+00,-6.881530862731237430e-02,8.324536213253149082e-04
2.091446418465892521e+00,-6.885325537691762421e-02,8.218752142842776194e-04
2.091450445974046612e+00,-6.902803583088534811e-02,8.855333328147640091e-04
2.091580074868251149e+00,-6.908944413897712133e-02,9.238071323037388332e-04
2.091607631017186275e+00,-6.913634508507342236e-02,8.447467758088520080e-04
2.091777007008174927e+00,-6.911788601352196471e-02,8.658111356353782222e-04
2.091831405569209767e+00,-6.918375313509955715e-02,8.961105162866350640e-04
2.091935022067494820e+00,-6.924012158946729611e-02,8.595337584988250535e-04
2.091970226673825817e+00,-6.935699555832708363e-02,8.899462227169641949e-04
2.092093214489661790e+00,-6.938545755596559061e-02,9.069101979277768453e-04
2.092152655349571955e+00,-6.946889782033117966e-02,8.798481470840629429e-04
2.092215533234226488e+00,-6.958515615553438616e-02,9.458625489991898637e-04
2.092301232451627246e+00,-6.965983092155315914e-02,9.334590846186488749e-04
2.092349137342963239e+00,-6.967427842923287762e-02,9.242854284112521704e-04
2.092391755711366486e+00,-6.975337792385133406e-02,8.936965649680163023e-04
2.092324378292831355e+00,-6.983212075978656452e-02,9.160482465964174753e-04
2.092366685445381957e+00,-6.990521897488963243e-02,9.833318570667448806e-04
2.092449176988362858e+00,-6.996080020656599008e-02,1.017565728820609338e-03
2.092538349260995911e+00,-7.005604372841676974e-02,1.059322155280160386e-03
2.092619653257872692e+00,-7.009394034322000144e-02,1.077936025444752683e-03
2.092639400068699196e+00,-7.018096912287524747e-02,1.025785624236954640e-03
2.092664070185563219e+00,-7.021778962792322998e-02,1.008551265625681499e-03
2.092731527562890381e+00,-7.038027134859044243e-02,1.009790297153075576e-03
2.092801322122705976e+00,-7.038860029042975919e-02,9.919044134576986832e-04
2.092757299776211166e+00,-7.047629243628962536e-02,9.278715924660331906e-04
2.092773874842987603e+00,-7.059932504798553665e-02,9.177401834188041304e-04
2.092846014210230088e+00,-7.066110590187431317e-02,8.676295682631664187e-04
2.092953678309954491e+00,-7.066655055801875085e-02,8.342119248040111073e-04
2.093016875993009229e+00,-7.063832541566131273e-02,8.538967547530391857e-04
2.093017751308764218e+00,-7.072812771039316271e-02,8.992433732254614780e-04
2.093054260903847386e+00,-7.071815791727542599e-02,8.962799626158542577e-04
2.093151536308360150e+00,-7.072499261855121067e-02,9.547244005956042169e-04
2.093138289120005435e+00,-7.086984579862226630e-02,9.492463659124064385e-04
2.093190571797891142e+00,-7.095610049228667782e-02,9.359330134774185208e-04
2.093216965705727795e+00,-7.098886843600070440e-02,9.269531574394053713e-04
2.093226736805195110e+00,-7.101317455023777037e-02,8.526431620671881626e-04
2.093309953754213470e+00,-7.099243087616133319e-02,8.682761481754027941e-04
2.093305872382343225e+00,-7.112641940518936445e-02,7.970268330993505144e-04
2.093380613223390974e+00,-7.116164255897296231e-02,7.740817458154105463e-04
2.093539317447434378e+00,-7.126397884501931013e-02,8.272544415419836716e-04
2.093582032624956124e+00,-7.135028744101651332e-02,7.773413122495208055e-04
2.093583963288133010e+00,-7.137428540752437101e-02,7.165837848783727102e-04
2.093666715308197368e+00,-7.144416570073497397e-02,7.276257186782788622e-04
2.093640288031149765e+00,-7.150498110682312891e-02,7.225320860394981309e-04
2.093644779669277867e+00,-7.151650136009260472e-02,8.071667860783662482e-04
2.093716908226838314e+00,-7.156005118510046226e-02,7.721439983609524856e-04
2.093775031072387716e+00,-7.158727388183612483e-02,8.231823466076499101e-04
2.093832608882188584e+00,-7.157832537092176373e-02,8.121908995282748527e-04
2.093885089748026118e+00,-7.166295554361271081e-02,8.389349696651665763e-04
2.093966220793832989e+00,-7.179742346828768551e-02,9.467058690234757354e-04
2.093989621519693589e+00,-7.195911389565375071e-02,1.027073775903964434e-03
2.094145353233987095e+00,-7.198077710281675090e-02,1.122390124639652351e-03
2.094126274154822109e+00,-7.205898444982530848e-02,1.013440914128246840e-03
2.094134059519762836e+00,-7.208657294304945951e-02,1.012136220964103203e-03
2.094157809744745968e+00,-7.213911397342032128e-02,9.557176018402372851e-04
2.094131863582143982e+00,-7.216936835647742854e-02,1.066547237622936023e-03
2.094191840410311478e+00,-7.225787131507156735e-02,1.051956370755988569e-03
2.094235088753911622e+00,-7.238610301831809035e-02,9.401425139522998119e-04
2.094241790618186272e+00,-7.243663457428463348e-02,9.917684757142727382e-04
2.094281627405250479e+00,-7.243091065023861408e-02,1.076045252842066377e-03
2.094329340288118679e+00,-7.238323091747823901e-02,1.068253002181112406e-03
2.094323032024438369e+00,-7.242732793399729585e-02,1.013398334117909978e-03
2.094320585856086048e+00,-7.243724326346900888e-02,1.037222279359322971e-03
2.094308590314622798e+00,-7.250055446439572504e-02,9.877182176897948522e-04
2.094356955304827128e+00,-7.252357913763363140e-02,1.048150460206425782e-03
2.094413749160107585e+00,-7.250141155376006730e-02,9.920754732948198172e-04
2.094517150973646213e+00,-7.255661021562602453e-02,1.069318082625505921e-03
2.094655143728374025e+00,-7.273009213209111201e-02,1.062698591045366670e-03
2.094644123392891188e+00,-7.271340915051986709e-02,1.047790380005436889e-03
2.094644214176806685e+00,-7.281916893946985270e-02,1.013146093153005200e-03
2.094703629253368504e+00,-7.282524889445532446e-02,1.034565462040693776e-03
2.094719906642655172e+00,-7.291291827451169827e-02,1.078610406682506276e-03
2.094772729395153021e+00,-7.297147006690950233e-02,1.177934407489154020e-03
2.094728957084007970e+00,-7.295006193090067259e-02,1.125734873398132876e-03
2.094780373988898603e+00,-7.298743191020030940e-02,1.117197666181017797e-03
2.094780156796709036e+00,-7.306637791717347785e-02,1.127473920863226531e-03
2.094806113469543263e+00,-7.310734797965713627e-02,1.110030841235921766e-03
2.094881648114528705e+00,-7.318965624133312586e-02,1.031026051635139081e-03
2.095013709911854871e+00,-7.325732081588751110e-02,1.046495569484482942e-03
2.095142885739390781e+00,-7.337793389141265832e-02,1.067168780773682752e-03
2.095215064621765766e+00,-7.352055316499965520e-02,1.081418594713355391e-03
2.095209667443452162e+00,-7.354794533638779608e-02,1.086000501397090022e-03
2.095236232301726176e+00,-7.352217428093857365e-02,1.066885961546461649e-03
2.095311568157415039e+00,-7.353767580715840635e-02,1.053521070664884939e-03
2.095391512970165238e+00,-7.359103832619837138e-02,1.130756848534547219e-03
2.095360167622632552e+00,-7.358995808764422220e-02,1.154182853655819335e-03
2.095434386652802239e+00,-7.368163036163080659e-02,1.146514818429551080e-03
2.095427528925526861e+00,-7.367069848520617359e-02,1.126717765128600621e-03
2.095517507963031267e+00,-7.364606617853418358e-02,1.137860405725197666e-03
2.095607726149719685e+00,-7.363095426521394649e-02,1.259502777321112226e-03
2.095599540695228580e+00,-7.370016604824020101e-02,1.248211175053308376e-03
2.095595885929453672e+00,-7.382238789189266015e-02,1.157251958044056180e-03
2.095701874448239632e+00,-7.385418969809859346e-02,1.125893129549387049e-03
2.095734536488913946e+00,-7.387632749476776006e-02,1.062157247277739506e-03
2.095753804148511534e+00,-7.391145486531588982e-02,1.094141903882136320e-03
2.095758316429366719e+00,-7.392442169330395996e-02,1.054894000717280416e-03
2.095762112096401619e+00,-7.402581952763920281e-02,1.027954293775181025e-03
2.095692799894427694e+00,-7.405479307864414051e-02,1.057239982310823143e-03
2.095741653733812715e+00,-7.412126695644928598e-02,1.109908770810203804e-03
2.095817451416337018e+00,-7.414174784031826726e-02,1.145248031683508867e-03
2.095838488909241626e+00,-7.422146121356368309e-02,1.147868751507871146e-03
2.095827947022675275e+00,-7.429233885013387939e-02,1.247087669039162201e-03
2.095902300725129841e+00,-7.435927677514414524e-02,1.256521163086716901e-03
2.095955855096872433e+00,-7.438156181516795973e-02,1.344440427396515012e-03
2.095992691519006357e+00,-7.436272867865642566e-02,1.340721249543657236e-03
2.096101451079432465e+00,-7.432768815232472515e-02,1.361521928445511530e-03
2.096166973354886220e+00,-7.434253022797189525e-02,1.355304184374940112e-03
2.096156364089824642e+00,-7.443231134445710273e-02,1.384273311351605406e-03
2.096217769564773015e+00,-7.447093016580207114e-02,1.447587544108846916e-03
2.096273346001081173e+00,-7.445703810511362930e-02,1.483453617071551871e-03
2.096316070040267654e+00,-7.446340570839550532e-02,1.418228163142758744e-03
2.096384491123719052e+00,-7.455005098872849456e-02,1.406207397042268667e-03
2.096378610687897659e+00,-7.453354986257143544e-02,1.396580857176549922e-03
2.096418630390711524e+00,-7.458201998530575305e-02,1.444838069599526167e-03
2.096429812954738736e+00,-7.460177336027651318e-02,1.495835997691809206e-03
2.096374478037523748e+00,-7.461101228722388790e-02,1.579883247043867810e-03
2.096346197344964857e+00,-7.463725568685999900e-02,1.542462339569243253e-03
2.096428073205122811e+00,-7.474144087231841815e-02,1.454471591137618388e-03
2.096536490477727721e+00,-7.471970699458474474e-02,1.409891201776775982e-03
2.096586299587966717e+00,-7.483986641639399362e-02,1.419167013689696119e-03
2.096579672813239092e+00,-7.488192999764001212e-02,1.459473114433217870e-03
2.096663343562092052e+00,-7.490317464578655215e-02,1.439317139325552901e-03
2.096763446662831765e+00,-7.496410067450645642e-02,1.470766647830295789e-03
2.096817312798811450e+00,-7.499254879305122801e-02,1.447309298046599042e-03
2.096859075431658503e+00,-7.506786745329858956e-02,1.483895828161832563e-03
2.096895399794643566e+00,-7.511279630717274114e-02,1.468739774039151506e-03
2.096897627143404996e+00,-7.517026740491054848e-02,1.450994839011176228e-03
2.097003997569538924e+00,-7.525580016895487556e-02,1.436206401408204186e-03
2.097120865467779094e+00,-7.528080709212421617e-02,1.467097187006594777e-03
2.097146090431417420e+00,-7.529035406085012039e-02,1.582723015217296896e-03
2.097165436740762168e+00,-7.527050960556957993e-02,1.656987546392310476e-03
2.097220592185338628e+00,-7.524850929481581574e-02,1.653735162539562032e-03
2.097243346705369493e+00,-7.525840901745378675e-02,1.697428583802725955e-03
2.097328368222934003e+00,-7.524075128559742920e-02,1.697913869095334658e-03
2.097361205349677959e+00,-7.519950441764121363e-02,1.648145819872850982e-03
2.097399314115034663e+00,-7.513623285265072504e-02,1.607580267672665446e-03
2.097478323474975870e+00,-7.514256658801371502e-02,1.607192711712628628e-03
2.097500247680912366e+00,-7.517115895738651909e-02,1.652321234468364644e-03
2.097446352071459241e+00,-7.523737553003478906e-02,1.656610562292943310e-03
2.097531325831189619e+00,-7.523721505240571483e-02,1.667577449690979714e-03
2.097563557746073837e+00,-7.531095905228275822e-02,1.673634803218854942e-03
2.097568123303794163e+00,-7.530200773678244475e-02,1.687343839084909196e-03
2.097593187211085120e+00,-7.536493695412320448e-02,1.646522623496139790e-03
2.097594659355269897e+00,-7.535944874795837134e-02,1.697217526610454675e-03
2.097695496051134700e+00,-7.546943498050376342e-02,1.730122735888784541e-03
2.097791795603239251e+00,-7.549401011661466265e-02,1.613751933329080328e-03
2.097750165049218296e+00,-7.549230635591713812e-02,1.543208677320116349e-03
2.097822746769293811e+00,-7.554076623586243600e-02,1.570196004006226389e-03
2.097811440434341534e+00,-7.560367281773552883e-02,1.619332017152309974e-03
2.097782375531337618e+00,-7.570422234679897999e-02,1.621832529177360920e-03
2.097800152476323898e+00,-7.575180176078256944e-02,1.657097523115946347e-03
2.097900937304486568e+00,-7.586086394588370529e-02,1.635972809266053552e-03
2.097999994160464787e+00,-7.579038951247692169e-02,1.637167935171088924e-03
2.097962460851642508e+00,-7.580470109650420951e-02,1.526695830745297862e-03
2.098001939422569517e+00,-7.583448784738394677e-02,1.546582839939737893e-03
2.098080945857948798e+00,-7.586723994478873634e-02,1.526301166239035431e-03
2.097912860965428727e+00,-7.590907453318898601e-02,1.503645088987621376e-03
2.097979538992547077e+00,-7.591799852277120175e-02,1.571944321978807364e-03
2.098041627063934378e+00,-7.591485056186551839e-02,1.586696831326133003e-03
2.098120689945619510e+00,-7.585554557091220285e-02,1.600673070689718775e-03
2.098272282806303402e+00,-7.587369469875052119e-02,1.699380521021691404e-03
2.098342920225358288e+00,-7.584783255585478279e-02,1.697796921011773905e-03
2.098393810958914418e+00,-7.589786214864406577e-02,1.651144612496334473e-03
2.098431415201058137e+00,-7.600953658544516711e-02,1.643610130544654073e-03
2.098528886318692610e+00,-7.604131664776128674e-02,1.656436356575129078e-03
2.098610370193855879e+00,-7.612218880504627305e-02,1.592366686720504687e-03
2.098606440225447844e+00,-7.623956509733359477e-02,1.672366027001849975e-03
2.098670913008954919e+00,-7.633273303703773383e-02,1.662104253603121761e-03
2.098745027395460205e+00,-7.637754422191209147e-02,1.535751803262044466e-03
2.098853106825187886e+00,-7.642780724169107032e-02,1.542703077307031739e-03
2.098915823421315441e+00,-7.651812185187718829e-02,1.575274709009086239e-03
2.098887846488969977e+00,-7.654087948122331730e-02,1.559674646118898445e-03
2.098957162979153246e+00,-7.664375689881280929e-02,1.628095582823986748e-03
2.098893865585008012e+00,-7.666218379362341184e-02,1.569043503683540623e-03
2.098908644521000344e+00,-7.670913517722503794e-02,1.504295205654035579e-03
2.098940210650177995e+00,-7.670168131570359593e-02,1.465232840409622659e-03
2.098927302953123242e+00,-7.675196344207858845e-02,1.409271128328905796e-03
2.098936659338364041e+00,-7.679564419328471780e-02,1.475888721785730646e-03
2.098994550647480750e+00,-7.682639513891700855e-02,1.495992292356483448e-03
2.098965482747366273e+00,-7.692214111978575020e-02,1.501639057612911979e-03
2.099066986409583890e+00,-7.696242330502875428e-02,1.428933707049936464e-03
2.099097558871578340e+00,-7.699844392474611277e-02,1.485419049222260575e-03
2.099069503960980576e+00,-7.703570536029298588e-02,1.393255672688680294e-03
2.099232053240505103e+00,-7.713237762880162385e-02,1.503351165116094618e-03
2.099281645746948755e+00,-7.717779948839852133e-02,1.562362272109036557e-03
2.099361173745618370e+00,-7.729295402119275293e-02,1.556982311336212394e-03
2.099476572245067896e+00,-7.725385297480991120e-02,1.561244479346186051e-03
2.099480438981401242e+00,-7.727492523892991183e-02,1.616451834452347584e-03
2.099516737735374949e+00,-7.733182440735694718e-02,1.656785154436389920e-03
2.099479470795845071e+00,-7.735664074792085454e-02,1.688396748944527917e-03
2.099514861016403167e+00,-7.740709244817942092e-02,1.551442239363006728e-03
2.099504397787705923e+00,-7.740741798316808087e-02,1.454321585858173779e-03
2.099506654627558255e+00,-7.740409695156418024e-02,1.486418926069705713e-03
2.099506096886216699e+00,-7.739677270585598734e-02,1.582626408509597198e-03
2.099514743438396280e+00,-7.739265071901535453e-02,1.577616288717268410e-03
2.099657219051097368e+00,-7.742770254892597515e-02,1.674649455141341775e-03
2.099673939978091042e+00,-7.734032878263037702e-02,1.636379380929733158e-03
2.099743305530173298e+00,-7.738809515246906912e-02,1.600328367494756668e-03
2.099794060284095210e+00,-7.730831087451346673e-02,1.576745890000047674e-03
2.099846382795777622e+00,-7.732502578971967022e-02,1.583189043353109117e-03
2.099852384951058415e+00,-7.732095237022508505e-02,1.508916410389569670e-03
2.099906444083726953e+00,-7.740295498416084607e-02,1.534348786799656725e-03
2.099932025517539547e+00,-7.738653053643521074e-02,1.581320238513792041e-03
2.099949215838673222e+00,-7.734570168343529728e-02,1.560974163993635640e-03
2.100049695336222655e+00,-7.738357083312118190e-02,1.544782083728459248e-03
2.100076668899530485e+00,-7.739222779582453915e-02,1.592562182737062518e-03
2.100084581556851404e+00,-7.738839285230128540e-02,1.546107648745703549e-03
2.100055473227664393e+00,-7.737525199353752214e-02,1.506894970391038299e-03
2.100124191111750083e+00,-7.740525006297348243e-02,1.417938024304371113e-03
2.100204688780166862e+00,-7.746290689766809068e-02,1.416459992448284699e-03
2.100224135083842647e+00,-7.744675051545003852e-02,1.321382451704789960e-03
2.100326285030380102e+00,-7.747909624741897150e-02,1.336089978629369972e-03
2.100351834663200190e+00,-7.743420187048888348e-02,1.351953926396419134e-03
2.100473524855299257e+00,-7.743563638948132433e-02,1.263030427827325055e-03
2.100460195926954210e+00,-7.742209386845128050e-02,1.272137437029072227e-03
2.100562786680246763e+00,-7.746201056482332481e-02,1.205000438370836284e-03
2.100649496106401504e+00,-7.749200310363517363e-02,1.128300385353180838e-03
2.100689304005928015e+00,-7.749426462308646457e-02,1.080397763721958806e-03
2.100709648650234573e+00,-7.754953542311635029e-02,1.177487282553115735e-03
2.100696996873865352e+00,-7.757524539077141623e-02,1.276613109053981350e-03
2.100803586446353233e+00,-7.770543203606669613e-02,1.244365386752139743e-03
2.100874965970910058e+00,-7.770983071436472767e-02,1.285220469411396367e-03
2.100914884640424862e+00,-7.778780231043121163e-02,1.156818203295247819e-03
2.100953105805716703e+00,-7.781244743511091244e-02,1.112509363661625793e-03
2.100918718407271513e+00,-7.780425392040450638e-02,1.094585049598119147e-03
2.100899544362496929e+00,-7.784003916754556052e-02,1.173243898334538730e-03
2.100863450108855446e+00,-7.787579702681197980e-02,1.082290426725500279e-03
2.100884116382065070e+00,-7.791538811849518797e-02,1.098688614960909244e-03
2.100959286536401294e+00,-7.788533510163704598e-02,1.121977344556311347e-03
2.101059611645577974e+00,-7.792272165582199428e-02,1.092897196013941198e-03
2.101131910973750738e+00,-7.793067809541090463e-02,1.097142557986752892e-03
2.101147054627555910e+00,-7.800566378622725283e-02,1.031269506293688637e-03
2.101215347592208627e+00,-7.806296971374786231e-02,1.000115605398206164e-03
2.101197399144421496e+00,-7.808134706837464856e-02,1.065947581988350773e-03
2.101282806491449495e+00,-7.810456271239259174e-02,1.030834603097662526e-03
2.101230351432975318e+00,-7.819693318402717863e-02,1.072912747758703565e-03
2.101215674432598490e+00,-7.824792969319599445e-02,1.050481644853909447e-03
2.101262346699702466e+00,-7.835767400487765599e-02,1.153893678152147521e-03
2.101358754905110260e+00,-7.838191161575507049e-02,1.170318764322172880e-03
2.101517862699290973e+00,-7.844576422425826590e-02,1.219625591933834853e-03
2.101536942832619381e+00,-7.843494924118213363e-02,1.202766506147556020e-03
2.101552617984610016e+00,-7.841797931027751078e-02,1.201335043613559151e-03
2.101642627209769021e+00,-7.848942887080091746e-02,1.231477910070485687e-03
2.101667691497851376e+00,-7.861369257826958390e-02,1.213286346633818923e-03
2.101677105985715333e+00,-7.869640631175577050e-02,1.158670049360898931e-03
2.101765573579249757e+00,-7.876014976391966516e-02,1.080784615373186000e-03
2.101873154585297332e+00,-7.879469803955153895e-02,1.136402685197186648e-03
2.101954811766367559e+00,-7.885536990147203051e-02,1.274423256778640890e-03
2.101948423350773254e+00,-7.882322294849451738e-02,1.306705116001554952e-03
2.102036918958134937e+00,-7.889673864658156011e-02,1.227213106491847460e-03
2.101944406697383361e+00,-7.891437541534566946e-02,1.224454756536861840e-03
2.102046933430887332e+00,-7.890756403906827587e-02,1.169318316511314040e-03
2.102038402909077064e+00,-7.892846482320929613e-02,1.170101213572631365e-03
2.102078461787444841e+00,-7.896504558857730949e-02,1.172046364020310361e-03
2.102180456151660604e+00,-7.892776634989143170e-02,1.176673440468776295e-03
2.102236942204957604e+00,-7.897885559818883239e-02,1.072564670752900297e-03
2.102301726030218365e+00,-7.893982995215671761e-02,1.055462747128181221e-03
2.102351470093745345e+00,-7.898544255172305906e-02,9.946075336833206260e-04
2.102388004079568606e+00,-7.900370783640982275e-02,9.149385300812979890e-04
2.102531373883552934e+00,-7.901398764890146809e-02,9.396178749771614842e-04
2.102508968682209378e+00,-7.907236358087667283e-02,9.420800310582233550e-04
2.102598408283242293e+00,-7.916001291588399547e-02,1.016082007445792430e-03
2.102728981964573585e+00,-7.922178318214014026e-02,9.968029917284252674e-04
2.102749835120634625e+00,-7.924671416534673218e-02,9.621391905676789178e-04
2.102746866455501351e+00,-7.922963844175988368e-02,1.004437270214636208e-03
2.102962865504790280e+00,-7.928295035886046005e-02,9.770335861525078058e-04
2.103073755932503452e+00,-7.933987612522937216e-02,9.768695430218989322e-04
2.103242068719214597e+00,-7.925396453626201709e-02,9.131267760597090071e-04
2.103276820807588265e+00,-7.929150164312019633e-02,9.186959366708553247e-04
2.103333806423461905e+00,-7.939812580111249574e-02,9.049924796561641506e-04
2.103366385576164621e+00,-7.951169738098472217e-02,8.170337121228620847e-04
2.103349367876147014e+00,-7.954214512927565428e-02,8.353618023541578997e-04
2.103381577984781536e+00,-7.953147664971889352e-02,7.910894731296894264e-04
2.103385138538478305e+00,-7.959978486229379868e-02,7.845425442989394137e-04
2.103434972703664751e+00,-7.967664659312963249e-02,8.134122611997965033e-04
2.103449083763582639e+00,-7.973812248936157365e-02,7.564209941172891916e-04
2.103471712229290080e+00,-7.978722200781777907e-02,7.751738121101397561e-04
2.103494839549528539e+00,-7.986103447759869411e-02,8.107828858427694897e-04
2.103567538135555637e+00,-8.004405866705097128e-02,8.869308225822689767e-04
2.103630840626789400e+00,-7.995194405206401678e-02,8.772429070102873800e-04
2.103625749112004506e+00,-7.993435590886764641e-02,8.899370492314209562e-04
2.103673754520572814e+00,-8.000197083644583484e-02,9.424207486685382083e-04
2.103791696353886742e+00,-8.006145115160519243e-02,9.370142746560700337e-04
2.103808559779117182e+00,-8.013681786412107932e-02,1.052236080372960471e-03
2.103866270143685657e+00,-8.014676112639122774e-02,1.074989216588435707e-03
2.103901245626118577e+00,-8.021223521680281854e-02,1.067725247668293480e-03
2.103929546166449338e+00,-8.016065571348526819e-02,1.001190179585030766e-03
2.103926650953844568e+00,-8.018170777678607086e-02,9.619032705490462290e-04
2.103919283870194779e+00,-8.024436346404358045e-02,8.840542052538832287e-04
2.103916325183755820e+00,-8.016870098367485931e-02,8.114368472411493229e-04
2.104055133419098222e+00,-8.030370828858826582e-02,7.549815517748253210e-04
2.104147137790460143e+00,-8.036070191609576141e-02,7.207639501041451227e-04
2.104243707220604609e+00,-8.034853149266164840e-02,7.444141285133320206e-04
2.104227327906066147e+00,-8.036380991097924475e-02,8.038320398966663583e-04
2.104293064385790224e+00,-8.042618590172780080e-02,7.876321025068530731e-04
2.104342646173965381e+00,-8.038714010959631395e-02,7.669334688398014247e-04
2.104393919794262047e+00,-8.042686561032703907e-02,7.586024387168260365e-04
2.104356987561948777e+00,-8.043257129313233222e-02,8.382160047385320755e-04
2.104496045446193619e+00,-8.053506663801546228e-02,7.712272847742766228e-04
2.104551490134064284e+00,-8.067351534538780289e-02,7.028234272102438411e-04
2.104525690432183627e+00,-8.073008144832893862e-02,6.540563749324266587e-04
2.104572645566308964e+00,-8.072769876317288651e-02,6.058417468817812231e-04
2.104645186520596400e+00,-8.080657810755847992e-02,5.946540641457580571e-04
2.104648324150685923e+00,-8.078243490552604322e-02,5.917090862550415708e-04
2.104712472337598950e+00,-8.086467207747329022e-02,6.346447285918740792e-04
2.104836295645998057e+00,-8.097971331936766604e-02,6.868154255886981972e-04
2.104861641945121598e+00,-8.102555404484640400e-02,6.518304976247705444e-04
2.104901875549532342e+00,-8.108898332656910846e-02,5.741669783901812412e-04
2.104986626773551972e+00,-8.110669788965582661e-02,6.956393886750210538e-04
2.105024588651174255e+00,-8.120997787121501943e-02,6.700508655221210389e-04
2.105044578083765661e+00,-8.125977330038698654e-02,6.867088437854177970e-04
2.105096047699167805e+00,-8.134577427985609233e-02,7.345681870023822255e-04
2.105192427341426420e+00,-8.137466361287612471e-02,7.042538613284241196e-04
2.105239319147348631e+00,-8.151469455379406481e-02,6.739744034078879679e-04
2.105272724391756611e+00,-8.162582615745260506e-02,6.977676073395566465e-04
2.105228880763271526e+00,-8.159102735364799630e-02,6.910965379603446583e-04
2.105322489859759116e+00,-8.172299540958621877e-02,7.221186274784738030e-04
2.105323708913103609e+00,-8.185209428864106962e-02,7.033421361719890789e-04
2.105424773542995620e+00,-8.181901675416182462e-02,6.458196661177396936e-04
2.105487449716826109e+00,-8.189339583510887866e-02,6.890593676459966579e-04
2.105513845642888793e+00,-8.194791160564114663e-02,6.204131350647522402e-04
2.105648593899867915e+00,-8.196363267542747244e-02,6.684247488274824801e-04
2.105684950941166811e+00,-8.201018351161927511e-02,5.994997298979810050e-04
2.105690417347271026e+00,-8.215696193757139609e-02,6.402687230858394038e-04
2.105746013296006858e+00,-8.215871059717444469e-02,5.414317989728286394e-04
2.105876455718605822e+00,-8.232227909986920833e-02,5.279389796093775971e-04
2.105891147778537587e+00,-8.235954876088193155e-02,3.992564444157105721e-04
2.105918938311244215e+00,-8.238371702427729759e-02,4.520042600446740446e-04
2.105966189839149294e+00,-8.241346558634637942e-02,4.701442193006731920e-04
2.106008479802782940e+00,-8.244428368471998225e-02,4.191620296161798929e-04
2.106048984585469519e+00,-8.257120453860797293e-02,3.386495666351937929e-04
2.106116664470077726e+00,-8.263284370630304132e-02,3.763256253935159988e-04
2.106146257813686695e+00,-8.263162024842912734e-02,4.140367563345275642e-04
2.106225126169227746e+00,-8.267629945859333862e-02,4.804925994630624211e-04
2.106249745846593413e+00,-8.262093421940615301e-02,4.830118368991489814e-04
2.106340198487143933e+00,-8.258926691630770478e-02,5.133155257659151533e-04
2.106461131244195872e+00,-8.266590884449882826e-02,5.648392009953058252e-04
2.106519123575630204e+00,-8.271168537291917477e-02,5.377581886515292366e-04
2.106608181190948059e+00,-8.275513674886536553e-02,6.104035412750420707e-04
2.106664630813624761e+00,-8.269545827801853821e-02,5.878182088154524938e-04
2.106766026512460588e+00,-8.277794798698767664e-02,6.060594445968962374e-04
2.106781183455658013e+00,-8.285302257913140789e-02,5.884512221327483196e-04
2.106813718554159998e+00,-8.300676323580671867e-02,5.840921403422057699e-04
2.106914539959083843e+00,-8.309036898212485145e-02,6.035754195941054126e-04
2.106970156314830867e+00,-8.323252374309872414e-02,5.757522633482976089e-04
2.107007755806315608e+00,-8.327135129971607874e-02,6.195596443091198327e-04
2.107000411506067206e+00,-8.331114443669576652e-02,5.691117870211721570e-04
2.107067145329374114e+00,-8.327149594274378674e-02,5.779856798126822110e-04
2.107136549304923445e+00,-8.329329016019133836e-02,4.857918206023386417e-04
2.107140704098086736e+00,-8.333738751832564517e-02,5.594184388815686771e-04
2.107209810721931031e+00,-8.342408368495389526e-02,5.620759610698724358e-04
2.107285359538541236e+00,-8.348112187592708622e-02,5.231880702525234768e-04
2.107151020073472658e+00,-8.354388845929817953e-02,5.069616020237693779e-04
2.107237822934190152e+00,-8.360558906386586497e-02,4.804248609851572674e-04
2.107389723989763652e+00,-8.362487609086342866e-02,4.349390907057137912e-04
2.107473137580151867e+00,-8.369505701572044210e-02,4.314888511709257879e-04
2.107525256412815295e+00,-8.374532832864883813e-02,4.585315810972267385e-04
2.107622476167840375e+00,-8.376191031891555561e-02,4.383886232821389587e-04
2.107742181265717551e+00,-8.378294134811514748e-02,3.632892912471839602e-04
2.107801653408416520e+00,-8.382341101240484149e-02,3.391817974428326101e-04
2.107800481127473091e+00,-8.393994557236847398e-02,3.620324001640264598e-04
2.107880569148658179e+00,-8.401554403241499880e-02,3.786074383446650250e-04
2.107965104828224856e+00,-8.406076137689602601e-02,3.746013409199499449e-04
2.107975704064438016e+00,-8.408317180261198898e-02,3.136332176554938993e-04
2.108050831117318502e+00,-8.403951825041870716e-02,3.188625728793840651e-04
2.108125486107612190e+00,-8.412630746611447774e-02,3.178025258805729789e-04
2.108199933369584222e+00,-8.413003203988971002e-02,3.646363694064850528e-04
2.108272354466592891e+00,-8.413538911122628305e-02,2.454219690377646974e-04
2.108367541580611348e+00,-8.420563967102755176e-02,2.945206708385919711e-04
2.108444375213815558e+00,-8.426526157338178058e-02,2.029380447339329215e-04
2.108530496705892876e+00,-8.431973057879905975e-02,2.888578290636872252e-04
2.108668305747259275e+00,-8.442036674946674923e-02,2.475418751589522994e-04
2.108815859681939742e+00,-8.447215284853758221e-02,2.462381784237836920e-04
2.108855237516029213e+00,-8.449237185552269103e-02,2.812260856217317986e-04
2.108890749775731432e+00,-8.446540614202678598e-02,2.826597100010992463e-04
2.108949460998201797e+00,-8.444642080635214598e-02,2.589323987020983211e-04
2.109027088713545606e+00,-8.446850553190392297e-02,2.486841069401070446e-04
2.109121283541324665e+00,-8.451227166849582806e-02,3.277278741715988655e-04
2.109194512602950766e+00,-8.452914921235302192e-02,3.777358107906355050e-04
2.109255323098571111e+00,-8.449497976897041296e-02,4.107770828188333080e-04
2.109290161943169650e+00,-8.463137208173053538e-02,5.214739995735750066e-04
2.109428218459506343e+00,-8.467085189284714875e-02,5.873485059259977254e-04
2.109570541851829795e+00,-8.481127770238068575e-02,5.300259696749704680e-04
2.109636129612863620e+00,-8.481645067803753046e-02,5.904925506385366903e-04
2.109669904094915172e+00,-8.486882728195720149e-02,5.885360153500611381e-04
2.109711569146123011e+00,-8.506444940436291846e-02,5.972925541008011849e-04
2.109738873122128489e+00,-8.507821613353888646e-02,5.835856838464873212e-04
2.109829384430059740e+00,-8.504589772725171248e-02,5.578383956200404789e-04
2.109902425537232507e+00,-8.504079601897418517e-02,5.934933348597548923e-04
2.109958407417642068e+00,-8.509624582805407067e-02,6.248036716012649993e-04
2.110025019418014569e+00,-8.513774290993532390e-02,6.763857683264154529e-04
2.110032392245920541e+00,-8.524112435884999284e-02,7.339002907873365964e-04
2.110039489853779759e+00,-8.520612096012501746e-02,8.287899988729101894e-04
2.110078200183891362e+00,-8.526924461184590132e-02,8.042721030163339346e-04
2.110174490758959909e+00,-8.527489578123516323e-02,7.632869392026331561e-04
2.110250187891787199e+00,-8.537531672213036216e-02,6.362422117332373591e-04
2.110383676252724605e+00,-8.547483812233042100e-02,7.644042104918420504e-04
2.110488302815880957e+00,-8.549868110384410691e-02,7.193588313370195353e-04
2.110606893326833600e+00,-8.552946632340893696e-02,6.709775800618981555e-04
2.110710420106303609e+00,-8.560805446221242399e-02,6.102424697904329986e-04
2.110798418301283785e+00,-8.561044298167391764e-02,7.059530965545953145e-04
2.110910308862682161e+00,-8.565964288378828673e-02,5.924935492047418316e-04
2.111059554339969502e+00,-8.577492129754386851e-02,6.668363553718079052e-04
2.111165703727908127e+00,-8.581398594005038016e-02,6.155167009768322236e-04
2.111277625052258244e+00,-8.586446837171243796e-02,6.389807282921139376e-04
2.111291295753981334e+00,-8.586245978687524760e-02,7.111814896456143849e-04
2.111345001261581089e+00,-8.587852931580367000e-02,6.616226282283927578e-04
2.111358727528631629e+00,-8.584504858755266643e-02,7.020120861333710655e-04
2.111480144415701865e+00,-8.595888876564350412e-02,7.637846038636890780e-04
2.111521364554555191e+00,-8.600217232137562229e-02,7.566919690154230065e-04
2.111604672853934606e+00,-8.610802860638307188e-02,7.646602104120431634e-04
2.111650177867927525e+00,-8.621419257235918288e-02,7.780516062886779893e-04
2.111719317128222251e+00,-8.630260195168647230e-02,7.936757532137405985e-04
2.111745033137020666e+00,-8.633053023281286875e-02,7.942250020018089491e-04
2.111817438199860675e+00,-8.637092802568695216e-02,8.491467296921070352e-04
2.111937562382204092e+00,-8.642828686880621447e-02,8.650121855276069133e-04
2.111942055291620157e+00,-8.654741755457404095e-02,8.374116037216753359e-04
2.112004894923739329e+00,-8.654768299551518496e-02,7.262655973279888563e-04
2.112144587795413475e+00,-8.662949519736035109e-02,6.687457955487250902e-04
2.112277513429731357e+00,-8.664874282892304214e-02,7.912464668871156724e-04
2.112352921242278914e+00,-8.659633445802941698e-02,7.905104308544646467e-04
2.112363156821291721e+00,-8.667362057329988656e-02,8.130185236712638916e-04
2.112411889966650413e+00,-8.669747980388492481e-02,7.733663737837993173e-04
2.112441817372409769e+00,-8.672658531029550644e-02,8.080513426967492934e-04
2.112488352210877274e+00,-8.685398278786039816e-02,8.090302978364815765e-04
2.112503674918913887e+00,-8.697461597371886066e-02,8.263886520394437630e-04
2.112531384980910421e+00,-8.704899857857124890e-02,8.615956523848133193e-04
2.112638233419648071e+00,-8.712511421055550709e-02,8.148317094602995549e-04
2.112719336823085214e+00,-8.713472186136368702e-02,8.592115984800590463e-04
2.112788848719504564e+00,-8.713725846392278429e-02,8.377877302663882609e-04
2.112880914874450511e+00,-8.723502332638223555e-02,8.868857393608481701e-04
2.112823944634177220e+00,-8.728218657226055610e-02,9.188770055602061768e-04
2.112910804199076509e+00,-8.728888467376205718e-02,9.706073462792401581e-04
2.112996503002107396e+00,-8.730368793621165469e-02,9.913207418563605919e-04
2.113018183273040584e+00,-8.731562539767073750e-02,9.756670020338248719e-04
2.112954189848782249e+00,-8.736021976703375880e-02,9.908811203168557506e-04
2.112934521539358013e+00,-8.737168569187594991e-02,9.623737640642985756e-04
2.113001098906397424e+00,-8.734427174442194186e-02,1.031576715196253109e-03
2.113056047439947793e+00,-8.738757645620742753e-02,1.029677934691925964e-03
2.113182668825314803e+00,-8.752533589565587857e-02,1.028101205101758508e-03
2.113212378477726361e+00,-8.762708696175458556e-02,1.021784331075208888e-03
2.113224289640242226e+00,-8.761945939955562146e-02,1.039214330497693992e-03
2.113216776563553445e+00,-8.766453472073013065e-02,1.108583599584276116e-03
2.113248352293748855e+00,-8.775618643027323362e-02,1.124718551567711021e-03
2.113299551119261821e+00,-8.784087128326126259e-02,1.110004872854855173e-03
2.113331216727053707e+00,-8.787205040759074604e-02,1.139035197777987394e-03
2.113460907648112119e+00,-8.783099909343487777e-02,1.153502829515755390e-03
2.113494944881259663e+00,-8.789992231567736458e-02,1.127615640770498725e-03
2.113528145174446315e+00,-8.800509396711225785e-02,1.165100341819978865e-03
2.113635197794943466e+00,-8.807040581072173024e-02,1.188698456907984289e-03
2.113715201911386732e+00,-8.817139006242293020e-02,1.222624926123760860e-03
2.113769686762140942e+00,-8.822502147319126464e-02,1.228354096339151578e-03
2.113817846328247985e+00,-8.821922423801399626e-02,1.328531884041682289e-03
2.113840089698429736e+00,-8.816238442822711685e-02,1.383579115932969620e-03
2.113897290915421223e+00,-8.820885636277561725e-02,1.403267287681929203e-03
2.113972182889091389e+00,-8.822323134168785774e-02,1.429776709119082688e-03
2.114012296043155992e+00,-8.834127513689521427e-02,1.526671886848372578e-03
2.114019076658649077e+00,-8.841579762078996541e-02,1.440141615218743388e-03
2.114179597046935921e+00,-8.842007275740075556e-02,1.535691185224511779e-03
2.114295975186999854e+00,-8.841649806881392293e-02,1.521323751931498392e-03
2.114313945571451914e+00,-8.849248770685098908e-02,1.583721302648062167e-03
2.114383654497589138e+00,-8.844238241748357543e-02,1.582251466082474928e-03
2.114405472190613366e+00,-8.846107401410874260e-02,1.663695331432829723e-03
2.114426556444180871e+00,-8.849881721012690938e-02,1.678804894530840346e-03
2.114547849720931794e+00,-8.856693685724786880e-02,1.662644337992253340e-03
2.114635315394071569e+00,-8.863630614462680857e-02,1.591358688556941898e-03
2.114681944900383748e+00,-8.873788167430166074e-02,1.578973918722918063e-03
2.114682406233568290e+00,-8.872032225363528368e-02,1.625017343805157171e-03
2.114694348744612817e+00,-8.878527773224230424e-02,1.610890485523473661e-03
2.114720377220054459e+00,-8.879557424295098089e-02,1.659896292550878602e-03
2.114788085041354737e+00,-8.879727936681358624e-02,1.710752310442002462e-03
2.114887641288141218e+00,-8.882466332887500871e-02,1.648956315598201468e-03
2.114950566922486619e+00,-8.889814838835140287e-02,1.641562411233036395e-03
2.115050574192597566e+00,-8.902031132065563179e-02,1.678972854391745867e-03
2.115058011251067072e+00,-8.915129765694536357e-02,1.728372268116073335e-03
2.115040388406172145e+00,-8.925412797846857260e-02,1.657207206147551671e-03
2.115002111661139939e+00,-8.926175339427155908e-02,1.774882137359542773e-03
2.115142619626202869e+00,-8.932402023419164228e-02,1.746592241239240976e-03
2.115181655225947477e+00,-8.942774846736631367e-02,1.768141115009524457e-03
2.115272126494038396e+00,-8.948628113475529111e-02,1.822923728502782569e-03
2.115401767598675153e+00,-8.950299203228415101e-02,1.822698225644333063e-03
2.115497630856506106e+00,-8.960541132730996672e-02,1.865761523480763146e-03
2.115595703673823103e+00,-8.964965455242075720e-02,1.810135683184645400e-03
2.115632079904428142e+00,-8.967880449978028745e-02,1.768359796438193987e-03
2.115663431720068655e+00,-8.973616825866531643e-02,1.777917028908310593e-03
2.115702796012811859e+00,-8.983658550657709629e-02,1.907282825248914071e-03
2.115883770075669634e+00,-8.987187347338057575e-02,1.990653131757947648e-03
2.115986066787997277e+00,-8.990049484724804696e-02,2.024921386378246511e-03
2.116055113517957942e+00,-8.994692087858721652e-02,2.066756287339956838e-03
2.116154413090636233e+00,-9.006632825904553608e-02,1.957221009571304994e-03
2.116212636714858597e+00,-9.016672658418634079e-02,2.005225723369852536e-03
2.116269482010131320e+00,-9.022963880411100090e-02,1.906920804633160764e-03
2.116285715424114144e+00,-9.023866777390515681e-02,1.907411303964614028e-03
2.116369655605138345e+00,-9.031454466027390160e-02,1.898070827671688313e-03
2.116432849177632303e+00,-9.039249665772487730e-02,1.877934739908195634e-03
2.116503223291420266e+00,-9.038023799939290392e-02,1.830908259485167743e-03
2.116613211339111178e+00,-9.042025579700997684e-02,1.731695612218039828e-03
2.116699882404558419e+00,-9.053811280505626169e-02,1.720675907352258284e-03
2.116746384544692550e+00,-9.062172132147043591e-02,1.729681488556815720e-03
2.116825526527637447e+00,-9.065157018650024656e-02,1.756821612887655331e-03
2.116859200491423731e+00,-9.069146308693362690e-02,1.715448243777167999e-03
2.116953449504390239e+00,-9.084730151338696325e-02,1.705127802484777489e-03
2.117062113224879027e+00,-9.092667875556044443e-02,1.664704238894030783e-03
2.117160348375928258e+00,-9.097907839592264678e-02,1.591161460836448653e-03
2.117154079840234182e+00,-9.105252270707277218e-02,1.601105012478011482e-03
2.117219683205790570e+00,-9.117580069894869188e-02,1.677743893399210066e-03
2.117327278408472679e+00,-9.117543526669943943e-02,1.675123133852014475e-03
2.117360499702042098e+00,-9.126301846428926112e-02,1.631354693716204497e-03
2.117428339893744571e+00,-9.125455710306873414e-02,1.663167805101233628e-03
2.117490345808065388e+00,-9.139996375180710342e-02,1.724304274500933773e-03
2.117507449278539955e+00,-9.146763067513888346e-02,1.699757715077732578e-03
2.117506786532274532e+00,-9.145620606423085497e-02,1.708346503460206594e-03
2.117579532341367088e+00,-9.152271412419159258e-02,1.806658675022073659e-03
2.117574298443588798e+00,-9.163305379357757074e-02,1.794137537415480942e-03
2.117613250335516728e+00,-9.160255072245550301e-02,1.857141025217282776e-03
2.117741512011210414e+00,-9.174153533516737902e-02,1.860007397623405232e-03
2.117889784816819887e+00,-9.184279610281738393e-02,1.815877978469827327e-03
2.117951272067633894e+00,-9.196033715587612067e-02,1.850354451098547206e-03
2.118037391021889704e+00,-9.199994518227161411e-02,1.866834481074011731e-03
2.118187301440538128e+00,-9.199841513345327626e-02,1.967113089490211617e-03
2.118288487935561015e+00,-9.204729558754096153e-02,1.995029521301460926e-03
2.118356834555618740e+00,-9.212157202504954456e-02,2.122506670515913758e-03
2.118523244497073410e+00,-9.207123737516530182e-02,2.167064457450642266e-03
2.118574861483189409e+00,-9.209870284632988569e-02,2.186093506085758434e-03
2.118664090794834642e+00,-9.215221927736781671e-02,2.199592871889367775e-03
2.118812380285137298e+00,-9.223531851747175658e-02,2.208172179830165949e-03
2.118876385582054045e+00,-9.226905592922261812e-02,2.181450407729631450e-03
2.118967661628090582e+00,-9.233475889265023440e-02,2.185690770842083856e-03
2.119116885116199001e+00,-9.228395262072888738e-02,2.174015991084144069e-03
2.119117774668831888e+00,-9.230210913267999917e-02,2.213332471221771385e-03
2.119040000007185398e+00,-9.238110633062644739e-02,2.221407538110824025e-03
2.119181253787635555e+00,-9.245998270776344119e-02,2.194291556372173716e-03
2.119265305403032595e+00,-9.244099480420413240e-02,2.213031172654965698e-03
2.119322507775448727e+00,-9.248784694398271000e-02,2.201084969619228511e-03
2.119348987044945343e+00,-9.252417468481767548e-02,2.244346589949129840e-03
2.119395751490151802e+00,-9.258882592876784001e-02,2.292123122904864748e-03
2.119468670617951300e+00,-9.261866898274359605e-02,2.320727279056427565e-03
2.119467108545084244e+00,-9.267362145458538092e-02,2.349610755512396808e-03
2.119544551154200374e+00,-9.270053838778351263e-02,2.358604981113782053e-03
2.119547084208924126e+00,-9.281364928978426410e-02,2.349878320337532231e-03
2.119631912400848250e+00,-9.298112036317444928e-02,2.464741864879984364e-03
2.119711714716372875e+00,-9.301188444892356799e-02,2.494119765565137696e-03
2.119838578123193873e+00,-9.300703532357662562e-02,2.462954757391355633e-03
2.119915708986044756e+00,-9.296263595851182726e-02,2.474977001656099903e-03
2.119950859102238461e+00,-9.302295854126663155e-02,2.573390728771143311e-03
2.120017171739462913e+00,-9.302565773218487988e-02,2.590874371746879328e-03
2.120058211269110426e+00,-9.302913890878963810e-02,2.582721988903978732e-03
2.120100708725016325e+00,-9.312607119762324193e-02,2.614101231547298013e-03
2.120177157313873906e+00,-9.326007322683957379e-02,2.607652909019631069e-03
2.120221689799540510e+00,-9.320936985045202849e-02,2.709694747747913406e-03
2.120343013204945226e+00,-9.329565664941133485e-02,2.800791276340012029e-03
2.120491055954085269e+00,-9.342096857484953609e-02,2.701120718382201812e-03
2.120569507163264422e+00,-9.347464123577363393e-02,2.745355173832214352e-03
2.120686322258774403e+00,-9.354163659731190572e-02,2.789281353512527203e-03
2.120677635925792170e+00,-9.368306945468808655e-02,2.788358751366507536e-03
2.120754958232274223e+00,-9.376316173971754875e-02,2.847573875250770676e-03
2.120840117597266428e+00,-9.373511927401395605e-02,2.796822123421915940e-03
2.120935070303410885e+00,-9.376603158818896944e-02,2.834891729162445674e-03
2.120906453337196407e+00,-9.379356645089623190e-02,2.810959624659709402e-03
2.121043131645806046e+00,-9.384232870892962597e-02,2.807267331184139583e-03
2.121074078966356247e+00,-9.389469014298250371e-02,2.937767581959428546e-03
2.121150322412248102e+00,-9.396252619461151201e-02,2.825594670601585395e-03
2.121153879951704901e+00,-9.392093849021843077e-02,2.769578129993788274e-03
2.121255094732056534e+00,-9.393170535825587364e-02,2.778374055441618432e-03
2.121380018109877863e+00,-9.397410327352628823e-02,2.824424750353234266e-03
2.121448764279052490e+00,-9.414009862280668661e-02,2.816943419292322354e-03
2.121495422228962369e+00,-9.415348698706249575e-02,2.838804909799763632e-03
2.121549187711917472e+00,-9.432635753378589005e-02,2.894953162214024354e-03
2.121678397845550457e+00,-9.446070324806644936e-02,2.942920260269109561e-03
2.121713169493382622e+00,-9.457499060190192874e-02,2.968905333473207363e-03
2.121782595049172215e+00,-9.461371117615752224e-02,2.958560508421598494e-03
2.121884135374601410e+00,-9.453890641933830608e-02,2.998187780422450002e-03
2.122018495832213247e+00,-9.468562114272595365e-02,2.977397687682799710e-03
2.122141598777755878e+00,-9.471388687267516537e-02,2.884019421899970941e-03
2.122301405425652376e+00,-9.469552408990268566e-02,2.859719399956092700e-03
2.122360238688332235e+00,-9.479635747441901572e-02,2.843291767774708354e-03
2.122382756269737047e+00,-9.477046210816635063e-02,2.816306988682320666e-03
2.122470903203259152e+00,-9.479357512575425915e-02,2.835677392611700084e-03
2.122558345741277996e+00,-9.483730554522375178e-02,2.818398228727298990e-03
2.122731490638008811e+00,-9.483600583956008911e-02,2.825148383315116609e-03
2.122753821241917027e+00,-9.489495004674601553e-02,2.857491182397942867e-03
2.122844731924308892e+00,-9.503847705836955539e-02,2.885837825609838779e-03
2.122897254608878459e+00,-9.505638921296796773e-02,2.928600013809615731e-03
2.122946815711131752e+00,-9.512156553493128497e-02,2.924354385116027279e-03
2.122911324986496595e+00,-9.512235088658849147e-02,2.925420643759945281e-03
2.123008654951305640e+00,-9.515861933960889640e-02,2.909243273378988876e-03
2.123171276742616964e+00,-9.517535824928606558e-02,2.938664066378382077e-03
2.123271604250590361e+00,-9.520788461767161481e-02,2.924618610705831748e-03
2.123398897596511681e+00,-9.524251634108148179e-02,2.955717106765430764e-03
2.123442271936975878e+00,-9.526613708474103437e-02,2.932211343358369186e-03
2.123501185332784313e+00,-9.526259332788085399e-02,2.885012673777599852e-03
2.123526090684483947e+00,-9.541535778269451262e-02,2.845670888381510080e-03
2.123614974202326255e+00,-9.546980948988945115e-02,2.977055775621518987e-03
2.123635292934475949e+00,-9.542848823108113221e-02,2.999610561071325895e-03
2.123690812960504104e+00,-9.545928487119427486e-02,2.992499264364138680e-03
2.123696186234061756e+00,-9.542856736193229550e-02,3.046095858850849346e-03
2.123799201278985027e+00,-9.543819519278873287e-02,2.998947887143652881e-03
2.123834001223091850e+00,-9.550366771433237145e-02,2.983659876653420046e-03
2.123859581928571494e+00,-9.552619106932147552e-02,2.896073111695987405e-03
2.123986295579166850e+00,-9.548785867581094378e-02,2.880032857510513369e-03
2.124040399468780205e+00,-9.550820114968600061e-02,2.888913992249295213e-03
2.124077626997602053e+00,-9.562641583844234960e-02,2.808951580911750196e-03
2.124124801622626180e+00,-9.566573795608468433e-02,2.821785426269767579e-03
2.124259176508489055e+00,-9.574593278038275035e-02,2.815196140053051032e-03
2.124287541738121732e+00,-9.580730270561414741e-02,2.790516023775949355e-03
2.124397362426971636e+00,-9.577020963535619325e-02,2.886266214672552049e-03
2.124521876295129008e+00,-9.579379111938762792e-02,2.825505981290276757e-03
2.124648316895075162e+00,-9.571799276908014853e-02,2.884451765180637284e-03
2.124697020416095317e+00,-9.578408066717486458e-02,2.976204829877850989e-03
2.124758473024392469e+00,-9.580775298860419453e-02,3.120773734355881089e-03
2.124854750050338748e+00,-9.583133564161265550e-02,3.147844083988844428e-03
2.124846903847606772e+00,-9.583308004712419448e-02,3.122456942295803034e-03
2.125021245526763192e+00,-9.595753658855370183e-02,3.194544430285149207e-03
2.125096084448796496e+00,-9.604106816484279940e-02,3.220637008950487639e-03
2.125120008450533504e+00,-9.606561311701716788e-02,3.246827722174181440e-03
2.125203679273880208e+00,-9.613905318137330736e-02,3.262617989524969984e-03
2.125383437923306751e+00,-9.616578912912747412e-02,3.235827162081112568e-03
2.125429188833909855e+00,-9.622459021912174726e-02,3.283354928523126055e-03
2.125638431936531791e+00,-9.619913265063559371e-02,3.236021357655022735e-03
2.125689530218959344e+00,-9.623435141599029352e-02,3.297904809009129159e-03
2.125795704329621838e+00,-9.623290155630302711e-02,3.252175896450212617e-03
2.125833450440151040e+00,-9.633075800693130519e-02,3.218903629324851301e-03
2.125807520354242808e+00,-9.624903870718649890e-02,3.193183424858132228e-03
2.125832236271443243e+00,-9.634782948724048002e-02,3.132612904502318860e-03
2.125864417340074475e+00,-9.633312833525384256e-02,3.080944421979387587e-03
2.125908136070511656e+00,-9.642277235137589053e-02,3.030970365907667032e-03
2.125921746255380995e+00,-9.646166522746535410e-02,3.078669488083819912e-03
2.125997985192676687e+00,-9.654156473205108280e-02,3.057668635849880058e-03
2.126052135450056113e+00,-9.661119163303845403e-02,3.049900674418740392e-03
2.126055534404486025e+00,-9.655591208768353473e-02,3.175067014119411970e-03
2.126124341575389654e+00,-9.654886755532170184e-02,3.117887758678314792e-03
2.126096575292486079e+00,-9.654768349977424502e-02,3.166624012779290474e-03
2.126193217768332477e+00,-9.661257763078220928e-02,3.146473376045448144e-03
2.126332577314220096e+00,-9.665463211671850019e-02,3.176456174614449880e-03
2.126404755405065572e+00,-9.668057999450234419e-02,3.194390303260825383e-03
2.126500970549206393e+00,-9.669596421685308640e-02,3.191611917015631846e-03
2.126554853842884452e+00,-9.671763483859421862e-02,3.195826893571640428e-03
2.126576577772636423e+00,-9.671007458341887575e-02,3.241087917315132409e-03
2.126586527593225640e+00,-9.674908060914189090e-02,3.267116945768845648e-03
2.126656857322464678e+00,-9.689680702944308832e-02,3.349726109520418261e-03
2.126706474930175617e+00,-9.696227921807606953e-02,3.327582336204638284e-03
2.126753753012576187e+00,-9.697188573306367299e-02,3.236706303211958364e-03
2.126857378708653545e+00,-9.707177540989572750e-02,3.217938117215133047e-03
2.126931504839297826e+00,-9.701683691337495419e-02,3.207599472015770867e-03
2.127087728619706297e+00,-9.706799924533660029e-02,3.232029191478169670e-03
2.127119748412531930e+00,-9.706419897267908048e-02,3.249883774606976503e-03
2.127184120729426198e+00,-9.703331667061788901e-02,3.225790665525783436e-03
2.127308335265513772e+00,-9.708775495919112763e-02,3.161920102446584991e-03
2.127385984846211553e+00,-9.710897164822539229e-02,3.221186390032966008e-03
2.127358869704107924e+00,-9.714590393517529010e-02,3.262466019983130492e-03
2.127397598888616681e+00,-9.715690301904580939e-02,3.294702397671957911e-03
2.127446339381198204e+00,-9.726891270121830468e-02,3.314017851083523800e-03
2.127532012975821729e+00,-9.721954725971727884e-02,3.325830590663477002e-03
2.127574206888036112e+00,-9.712888184937580605e-02,3.297137597620170262e-03
2.127657595201497553e+00,-9.713843175551345466e-02,3.278084342475289566e-03
2.127757061775245706e+00,-9.701506824838186660e-02,3.224608079202674702e-03
2.127849444124653822e+00,-9.704152093268902934e-02,3.293432843390900304e-03
2.127796694417650958e+00,-9.708542900816440058e-02,3.291374710545598610e-03
2.127877813792369732e+00,-9.708320345478542446e-02,3.275160069109439142e-03
2.127965603391637650e+00,-9.713307875475674091e-02,3.349299331816791517e-03
2.128044496081324954e+00,-9.720199912484367433e-02,3.344601783222375408e-03
2.128124042018932904e+00,-9.725271366346505131e-02,3.379667229280957762e-03
2.128196047534503865e+00,-9.731170267430086507e-02,3.382447859400197071e-03
2.128260458660898191e+00,-9.730768600013854630e-02,3.369461140576237527e-03
2.128277683417107102e+00,-9.739330901642921645e-02,3.355416989186562910e-03
2.128292434895882934e+00,-9.750889007541178877e-02,3.286643674465519575e-03
2.128349179377914346e+00,-9.758256401920664680e-02,3.182428162924177788e-03
2.128446032875946248e+00,-9.767544186013593643e-02,3.246260036469916874e-03
2.128453916291455084e+00,-9.763172978282937120e-02,3.266665908357568177e-03
2.128589554925109262e+00,-9.758999516258114182e-02,3.309192809524631653e-03
2.128550963100211302e+00,-9.757867192249182475e-02,3.304003615422557334e-03
2.128703030681105002e+00,-9.762932668467022568e-02,3.338098898020223568e-03
2.128801908597699910e+00,-9.773336607255588004e-02,3.364789024136678741e-03
2.128847027769647848e+00,-9.775106027793276087e-02,3.279579172891280200e-03
2.128864694239715583e+00,-9.777968879774431854e-02,3.288527794015092248e-03
2.128927187948007838e+00,-9.780416937886639295e-02,3.279393067929213274e-03
2.128983389343606980e+00,-9.781075136050000618e-02,3.330975221806370054e-03
2.128997694484815462e+00,-9.777405466641073128e-02,3.371641200233743089e-03
2.129083299063944335e+00,-9.775919939273075565e-02,3.364956052212732945e-03
2.129221156464397691e+00,-9.782106176021836130e-02,3.399953307786317096e-03
2.129191938692729380e+00,-9.781682420160094094e-02,3.380265138266323657e-03
2.129207230131317186e+00,-9.778390720460414243e-02,3.277312216459320627e-03
2.129290895789730076e+00,-9.774809665573928885e-02,3.365777861413482130e-03
2.129312127499538576e+00,-9.776643696496385705e-02,3.407869568804964069e-03
2.129336972553552254e+00,-9.779767487653674707e-02,3.431634316942055313e-03
2.129408722791624520e+00,-9.779231080331231285e-02,3.525155705618810646e-03
2.129394441946537597e+00,-9.780859851877513056e-02,3.527412557946972647e-03
2.129363309883651301e+00,-9.789894472555867033e-02,3.557489688623847665e-03
2.129467791578297131e+00,-9.804245399946066863e-02,3.605229452729506821e-03
2.129569599073731112e+00,-9.812051193696794127e-02,3.604143711889559645e-03
2.129572743825966619e+00,-9.805768172625037304e-02,3.664775741680912757e-03
2.129700233186417879e+00,-9.815113380307190216e-02,3.672147024194922713e-03
2.129848342667815864e+00,-9.816719477710016128e-02,3.586576666621149080e-03
2.129905569860265135e+00,-9.822443677754429114e-02,3.589644798900901504e-03
2.129983116293436840e+00,-9.826316263243654869e-02,3.529652985426711027e-03
2.129943864046550672e+00,-9.828781305249417732e-02,3.476644393767476613e-03
2.130088301706993370e+00,-9.827791059703988585e-02,3.477616342319269065e-03
2.130154848843319737e+00,-9.826944876428511666e-02,3.462358781160622314e-03
2.130195107445114644e+00,-9.822518671169239157e-02,3.469696322006097546e-03
2.130266394733816515e+00,-9.822287155584662199e-02,3.438689693790973438e-03
2.130294158936933080e+00,-9.826585919122621249e-02,3.365719761915232384e-03
2.130263297672276845e+00,-9.829838860085501895e-02,3.387714608271437128e-03
2.130385284048927463e+00,-9.830553869894816110e-02,3.369594226014189196e-03
2.130541478243886289e+00,-9.829931745719527880e-02,3.387141002662482844e-03
2.130588370771172801e+00,-9.836518368765097275e-02,3.449097343840047507e-03
2.130698518437377675e+00,-9.835837976293734797e-02,3.421272263165746081e-03
2.130789945744405944e+00,-9.836425764193502952e-02,3.443030801255560734e-03
2.130797972703103227e+00,-9.835237080832361090e-02,3.521260930455175596e-03
2.130851232290781549e+00,-9.837553970141088566e-02,3.493718494279907626e-03
2.130997196728953380e+00,-9.845613147488965766e-02,3.464684492308024201e-03
2.131056304650362776e+00,-9.851979529503764044e-02,3.353397784986735918e-03
2.131053466728135337e+00,-9.848475923488222983e-02,3.325267190027242879e-03
2.131058577405913201e+00,-9.855484214643725482e-02,3.338769126937548258e-03
2.131097928531967778e+00,-9.865555395797656613e-02,3.316200175913334297e-03
2.131208130721145899e+00,-9.862192722399636124e-02,3.308414903857697428e-03
2.131241637537340416e+00,-9.867953057754269564e-02,3.336638649933086793e-03
2.131234155741877689e+00,-9.879024793650521830e-02,3.308935875110206350e-03
2.131234218654940005e+00,-9.877872388713193619e-02,3.309120884584930075e-03
2.131230906107869583e+00,-9.878194984655061517e-02,3.258967857542182864e-03
2.131308746985090874e+00,-9.883416481185232361e-02,3.224479381713071888e-03
2.131355985504447936e+00,-9.889740813371723782e-02,3.130715498813221257e-03
2.131485052517383849e+00,-9.883206522588640353e-02,3.091803204043696608e-03
2.131535504821873594e+00,-9.889103688431055694e-02,3.124278731633942530e-03
2.131549716335977340e+00,-9.892020504597781594e-02,3.135535719923923052e-03
2.131640782709959048e+00,-9.899172515015398910e-02,3.166396353844243543e-03
2.131674494791693686e+00,-9.900320528659725672e-02,3.207107242772898846e-03
2.131763060280125188e+00,-9.905916836016212534e-02,3.180957440872891895e-03
2.131879219870143061e+00,-9.913000401499016956e-02,3.210824779752785487e-03
2.131985563116786331e+00,-9.923632655456463003e-02,3.265375264293281319e-03
2.132028692735787434e+00,-9.927139887727080836e-02,3.256945943465826537e-03
2.132114332556131586e+00,-9.921920150705718089e-02,3.299078116446078467e-03
2.132204746521446648e+00,-9.936147816323394333e-02,3.354999685383045892e-03
2.132358745222644458e+00,-9.943464209438943047e-02,3.364239048655827402e-03
2.132426129534254589e+00,-9.950590069923057057e-02,3.360997649867834142e-03
2.132574725033339558e+00,-9.955300776208730884e-02,3.485867028798265120e-03
2.132706816566951158e+00,-9.952836902695763599e-02,3.436174012797741338e-03
2.132755058933249792e+00,-9.957301932840899317e-02,3.345717944050221465e-03
2.132869675609235571e+00,-9.962503392735895524e-02,3.374915033763985130e-03
2.132927623808554163e+00,-9.971000689842099418e-02,3.390368832087604489e-03
2.132950152499373697e+00,-9.971621050859409696e-02,3.454824778076359421e-03
2.133047374253838502e+00,-9.963766093951408054e-02,3.396659537828335910e-03
2.133072582773701598e+00,-9.965460619152324839e-02,3.462266190563462014e-03
2.133207049874615180e+00,-9.965856689746309394e-02,3.449164534824997446e-03
2.133221489500190859e+00,-9.966156970624603928e-02,3.467660730337025245e-03
2.133330846710565609e+00,-9.971922584242577658e-02,3.418783737403541332e-03
2.133420733999514152e+00,-9.978367750641246869e-02,3.358452841415601742e-03
2.133460053317697724e+00,-9.979622260397916222e-02,3.479711671377332116e-03
2.133492636587611013e+00,-9.977567635418456427e-02,3.393256601697971706e-03
2.133527690787633713e+00,-9.987077186744668100e-02,3.424737734084711601e-03
2.133602562996292029e+00,-9.991460475439242761e-02,3.355006266858993457e-03
2.133585762811558872e+00,-9.994327240897134257e-02,3.406829407850682587e-03
2.133772292737513787e+00,-9.998693125764415712e-02,3.385809021064113168e-03
2.133893441694217685e+00,-9.996877481354077277e-02,3.291503631264459419e-03
2.133913091650518457e+00,-1.000347937932628550e-01,3.379462625747613191e-03
2.134085840349126517e+00,-1.000999936085265885e-01,3.381765895041602150e-03
2.134149946720246049e+00,-1.000939453974666327e-01,3.286072966177143190e-03
2.134207587689769259e+00,-1.000896507529195900e-01,3.231559973840090333e-03
2.134266776983575920e+00,-1.001009847660760121e-01,3.182176805623012847e-03
2.134248406904955875e+00,-1.001415042819607526e-01,3.163178478231113561e-03
2.134248934736427739e+00,-1.001556567786932306e-01,3.091830232752327667e-03
2.134333806149711243e+00,-1.001405572769077795e-01,3.191592295681725672e-03
2.134364895065921974e+00,-1.001656818941452781e-01,3.271736055288097366e-03
2.134417123090120327e+00,-1.002649908565715342e-01,3.317052716610608982e-03
2.134472040745999166e+00,-1.003044532968719454e-01,3.337527599322921441e-03
2.134655573365293435e+00,-1.003615463778886885e-01,3.330938746385154938e-03
2.134688013177078680e+00,-1.002989017927496673e-01,3.287777931809000159e-03
2.134748477376946951e+00,-1.003612243995358061e-01,3.271136726974864430e-03
2.134773151986899542e+00,-1.004417169741984583e-01,3.294718405445337325e-03
2.134912686459792486e+00,-1.005096378975496585e-01,3.296370151360696402e-03
2.134980773107114427e+00,-1.005720843770431527e-01,3.217597778697964608e-03
2.134952089035205169e+00,-1.006244715958015540e-01,3.273968944329878981e-03
2.135019191614501821e+00,-1.006359337166530810e-01,3.323050513480447967e-03
2.135131151741651578e+00,-1.006618819336684012e-01,3.264675422687948313e-03
2.135206942870420566e+00,-1.006260227108711491e-01,3.179371097891420511e-03
2.135187286459971912e+00,-1.006233577217442721e-01,3.148138883466029478e-03
2.135212061179887488e+00,-1.007120517687713768e-01,3.113422036806719802e-03
2.135261946372967845e+00,-1.006300109860961411e-01,3.073573536671310707e-03
2.135315072027157868e+00,-1.006576092163364577e-01,3.175691410295597861e-03
2.135491795465892739e+00,-1.006988941546163585e-01,3.199861221826708936e-03
2.135569490240761592e+00,-1.007721979384580968e-01,3.185589110255303974e-03
2.135725641858559065e+00,-1.008728619809709237e-01,3.273031596393683167e-03
2.135804545538189991e+00,-1.009537142032826129e-01,3.252725153817981069e-03
2.135800729388757535e+00,-1.009721669974316255e-01,3.271468067007010216e-03
2.135862958277957802e+00,-1.010091432722992205e-01,3.279421555857512608e-03
2.135982940798583307e+00,-1.010233257865614520e-01,3.268168971988142865e-03
2.136002076099172253e+00,-1.010856326510923275e-01,3.311746825277967019e-03
2.136096177850197009e+00,-1.010858310654181996e-01,3.320520692407044876e-03
2.136216814990074653e+00,-1.010959250049251745e-01,3.320139340211435142e-03
2.136224440052304718e+00,-1.011159867993225853e-01,3.272309944037843712e-03
2.136398651871654675e+00,-1.011655071741454914e-01,3.258329227142013011e-03
2.136491624000131484e+00,-1.012698600074125876e-01,3.199194340526340889e-03
2.136529735288510423e+00,-1.013182872921243177e-01,3.133314837646029687e-03
2.136582534719983606e+00,-1.013422563181038821e-01,3.157770733348358883e-03
2.136680087580769882e+00,-1.013292492349747304e-01,3.233064813207562390e-03
2.136814134898582296e+00,-1.013219615641736265e-01,3.197196416467855667e-03
2.136939331412374798e+00,-1.014111111672885007e-01,3.233097538998101241e-03
2.136992209008132804e+00,-1.014956810701452689e-01,3.209653146753011031e-03
2.137111512197288565e+00,-1.016042990507281391e-01,3.304141076713114616e-03
2.137167336817941798e+00,-1.016998308251896577e-01,3.335162268758495516e-03
2.137265079347508312e+00,-1.016589990670417748e-01,3.329840898810282421e-03
2.137386008875338916e+00,-1.016385450567085791e-01,3.309311885213372766e-03
2.137408393597301615e+00,-1.016611287163032007e-01,3.332292041997478131e-03
2.137504878220990001e+00,-1.016935706632649955e-01,3.330450321460230820e-03
2.137656316002375601e+00,-1.017107658928562974e-01,3.362633262925318091e-03
2.137794545155587311e+00,-1.017065957842744200e-01,3.324544410088709108e-03
2.137870418112715942e+00,-1.017567487718436248e-01,3.208729322534970094e-03
2.137956937870459040e+00,-1.017962838070152615e-01,3.174982398060605983e-03
2.138109455550309068e+00,-1.018435933754977263e-01,3.226673865979477578e-03
2.138206664301721904e+00,-1.018453157829890404e-01,3.216187662453833668e-03
2.138359136742765898e+00,-1.017979720918125441e-01,3.312789557944317929e-03
2.138354614475634019e+00,-1.018875945719156378e-01,3.269227858926247818e-03
2.138342513659005295e+00,-1.019845526814184000e-01,3.267040522767936279e-03
2.138337776888248332e+00,-1.019375843809659093e-01,3.195257259823723259e-03
2.138411575045841673e+00,-1.019502555187303122e-01,3.171438208500577862e-03
2.138522899015367518e+00,-1.019892534005152757e-01,3.245413012933419470e-03
2.138628702728176290e+00,-1.021117557962204075e-01,3.309362126770641014e-03
2.138631550278749849e+00,-1.021487878489045487e-01,3.224873970176404987e-03
2.138708870312317600e+00,-1.021863434236352924e-01,3.319594152684765369e-03
2.138680545007625167e+00,-1.021387785432168460e-01,3.311980275171053870e-03
2.138808565626602931e+00,-1.021861451062159448e-01,3.261317910163614737e-03
2.138889959692082066e+00,-1.021797934438947453e-01,3.217244162491000002e-03
2.139038878960634271e+00,-1.022705547375643426e-01,3.262553933410648754e-03
2.139105131717330632e+00,-1.022040838756560904e-01,3.258873154950082084e-03
2.139156964205310985e+00,-1.021190316287392680e-01,3.275276784148721358e-03
2.139280065153707611e+00,-1.022291725966271575e-01,3.219760748867397677e-03
2.139351060991705467e+00,-1.022670536097432803e-01,3.273046465460452675e-03
2.139375225073135045e+00,-1.022987509266636147e-01,3.267176501862926758e-03
2.139428419869052966e+00,-1.023277652092861173e-01,3.317133126723606756e-03
2.139508308670061698e+00,-1.023397279683352229e-01,3.402894640284184237e-03
2.139516266689395430e+00,-1.023165849776266068e-01,3.335252820085425705e-03
2.139576564862776031e+00,-1.023800438418649567e-01,3.419167522547711998e-03
2.139513227572536369e+00,-1.024009692311704245e-01,3.309577306598556617e-03
2.139526588361903237e+00,-1.024748504475882505e-01,3.345582658369457632e-03
2.139583187563061539e+00,-1.025610280104902738e-01,3.298880802255730726e-03
2.139744931186918997e+00,-1.025102827833483665e-01,3.233881494726170269e-03
2.139757110120221739e+00,-1.025602577748391114e-01,3.309956036403740882e-03
2.139841921450299722e+00,-1.026607043839040390e-01,3.310615389299350828e-03
2.139930898102603507e+00,-1.026988036417373490e-01,3.289539033777055116e-03
2.140157530809216446e+00,-1.027344049775400087e-01,3.347553770537525352e-03
2.140230092631963732e+00,-1.026872364577143398e-01,3.300690860599776559e-03
2.140320571508950831e+00,-1.026469426104614224e-01,3.323693190338589901e-03
2.140436979408911977e+00,-1.026823141795861760e-01,3.344482788551175496e-03
2.140589280120523075e+00,-1.027289171565079068e-01,3.278273475120757358e-03
2.140786934386011087e+00,-1.026679450647386416e-01,3.324816902319049309e-03
2.140798265468789818e+00,-1.026106413463655498e-01,3.338800181528482625e-03
2.140876384390335563e+00,-1.026525082533296246e-01,3.275168739928245587e-03
2.140930849266546865e+00,-1.027286822878854949e-01,3.288949496493621602e-03
2.141027372085824609e+00,-1.027644483206883591e-01,3.347312520076098797e-03
2.141073968361885349e+00,-1.028061616791650923e-01,3.211761511213295697e-03
2.141129910990028140e+00,-1.028675110220064193e-01,3.212739305745568232e-03
2.141205969919425023e+00,-1.028770810514676032e-01,3.139378429169045314e-03
2.141258676635239944e+00,-1.028925088303989932e-01,3.163999118567619936e-03
2.141416200856531837e+00,-1.028257397288677572e-01,3.179323296880090348e-03
2.141466976753239049e+00,-1.027968414936093894e-01,3.227320066826959866e-03
2.141581334652876034e+00,-1.027882493123099400e-01,3.294107723200950626e-03
2.141673414164048328e+00,-1.027405924879352672e-01,3.314759073925881063e-03
2.141700433197924358e+00,-1.027200552810626499e-01,3.284588088597521424e-03
2.141835864558886193e+00,-1.027454977096281669e-01,3.342345796608100703e-03
2.142007871373932115e+00,-1.027169706518388792e-01,3.425597236945889402e-03
2.142026241008855081e+00,-1.029204203535206696e-01,3.454165580640751118e-03
2.142026464676078046e+00,-1.028745127296356726e-01,3.439428803213438052e-03
2.142046171629215401e+00,-1.029338122891841484e-01,3.380536130684673977e-03
2.142133264645309065e+00,-1.030541107839153675e-01,3.344540183884536517e-03
2.142323954186740487e+00,-1.031096206653060177e-01,3.401859670626215717e-03
2.142369781898154635e+00,-1.032087591292887990e-01,3.364607183812528927e-03
2.142574662327393131e+00,-1.031993829916280497e-01,3.409152200881465471e-03
2.142647776631541934e+00,-1.032325287270022124e-01,3.456048989164062051e-03
2.142775048426894813e+00,-1.032613360120684942e-01,3.367119930213071950e-03
2.142848221570615053e+00,-1.033817243282909998e-01,3.384632638577579102e-03
2.142960648036984495e+00,-1.034346177582405740e-01,3.353515852403397054e-03
2.143028231286819629e+00,-1.034327297833823739e-01,3.374762195971786876e-03
2.143156085550007806e+00,-1.034675389266926371e-01,3.392046802485273668e-03
2.143154801414685284e+00,-1.034933036269545248e-01,3.441916710810039460e-03
2.143136339615523855e+00,-1.035430484043493721e-01,3.399187893670641090e-03
2.143275742139606255e+00,-1.036892421882373849e-01,3.567704097326154615e-03
2.143345563456303449e+00,-1.037155970800818228e-01,3.604592183660454245e-03
2.143392505317474939e+00,-1.037800429707703281e-01,3.577300691544530245e-03
2.143467313249105555e+00,-1.038554974722782909e-01,3.572484352328493973e-03
2.143541257117918430e+00,-1.038807067700517339e-01,3.544978604065978072e-03
2.143630289198866112e+00,-1.038963798865935456e-01,3.565549793788141009e-03
2.143683928477502221e+00,-1.039437469981384227e-01,3.627797528072473215e-03
2.143778786804865444e+00,-1.039629675170001682e-01,3.586948479679522624e-03
2.143962874232943072e+00,-1.039921506919135458e-01,3.571204011923572938e-03
2.144052217429504026e+00,-1.040129411367660822e-01,3.570598636402154413e-03
2.143984560672544504e+00,-1.040633307553063547e-01,3.528448832054806566e-03
2.144114201993262636e+00,-1.041837915622853827e-01,3.521302358592133010e-03
2.144211684289656805e+00,-1.041848492547658989e-01,3.481023274597039741e-03
2.144272047356010180e+00,-1.041323018022458358e-01,3.427722776756127101e-03
2.144347424572826899e+00,-1.041976448746052275e-01,3.408024564696485268e-03
2.144447247271761725e+00,-1.041120471232406947e-01,3.445620854680473029e-03
2.144684221054393269e+00,-1.041708716916142641e-01,3.408771031073004523e-03
2.144700084862657175e+00,-1.040820380657852956e-01,3.360805165482337164e-03
2.144813689967060455e+00,-1.040298210131527928e-01,3.384488826978829766e-03
2.144949603659306980e+00,-1.040331202084626566e-01,3.425833996138628271e-03
2.145044937288952624e+00,-1.039483212045868993e-01,3.405308921973560551e-03
2.145108037960326897e+00,-1.039308952040476630e-01,3.442656933283227277e-03
2.145147082598462873e+00,-1.039555785571697755e-01,3.466460653430028169e-03
2.145121250943531788e+00,-1.040091125976817105e-01,3.454749811646287954e-03
2.145282347135323064e+00,-1.041124651593176020e-01,3.392565139377069511e-03
2.145341657990125217e+00,-1.041646122246788347e-01,3.428114524711658572e-03
2.145393615264980181e+00,-1.041947389453226624e-01,3.473487616436493793e-03
2.145462119423107605e+00,-1.041980328491014796e-01,3.507723637148430721e-03
2.145549176634375943e+00,-1.042066040127010845e-01,3.452220997029347739e-03
2.145630057542632141e+00,-1.042435699378949782e-01,3.477424067583572646e-03
2.145746538720099128e+00,-1.043121432042928981e-01,3.538556896218556826e-03
2.145843082925161127e+00,-1.043097520300287073e-01,3.554706590533478813e-03
2.145881033295246709e+00,-1.042984864552320701e-01,3.535300006756575235e-03
2.146005987849090246e+00,-1.043395673165708470e-01,3.593511275960655556e-03
2.146077307925007727e+00,-1.044148811370323171e-01,3.510156745237072960e-03
2.146171695525942891e+00,-1.044606593665019512e-01,3.495212161761579537e-03
2.146267033631983789e+00,-1.045044772779555181e-01,3.462139127663571049e-03
2.146384188804143722e+00,-1.046173366632362212e-01,3.480105614921218810e-03
2.146408402514924596e+00,-1.045951707268300696e-01,3.398340981069088076e-03
2.146501681380436732e+00,-1.045978646039547738e-01,3.412849032005872262e-03
2.146549682240107337e+00,-1.045693587162015437e-01,3.345099290673506781e-03
2.146672753860297878e+00,-1.046056079516909515e-01,3.391620109236461594e-03
2.146767375545405532e+00,-1.045995165032523044e-01,3.407633560586606405e-03
2.146907435269859832e+00,-1.045993685277701868e-01,3.298129579251711605e-03
2.146992541324331150e+00,-1.046544998102372781e-01,3.389573188057760662e-03
2.147033380980320150e+00,-1.046529740718886020e-01,3.389160591248150268e-03
2.147131440674259206e+00,-1.046831919406993050e-01,3.397425381005423316e-03
2.147228920579566047e+00,-1.047104584917794151e-01,3.405567534686922311e-03
2.147351099423403298e+00,-1.046775224582523478e-01,3.363219834644462242e-03
2.147315499220995516e+00,-1.047550898623489796e-01,3.324822368792332457e-03
2.147410883212488297e+00,-1.046534114378102204e-01,3.304904137763829859e-03
2.147500001880297660e+00,-1.047264069229869032e-01,3.231882635302187317e-03
2.147563723203458341e+00,-1.047660725488066685e-01,3.323258539725779202e-03
2.147549821401569137e+00,-1.047818728552027540e-01,3.344485772122695981e-03
2.147667933885235581e+00,-1.048180475491830299e-01,3.263302008934017631e-03
2.147746088034210299e+00,-1.048845172988338847e-01,3.196471351902787934e-03
2.147773038674661628e+00,-1.048730281355832322e-01,3.147913581961037967e-03
2.147822002828642773e+00,-1.049011205553764120e-01,3.232835696073159491e-03
2.147925035981218755e+00,-1.048909269536326960e-01,3.251912442780464669e-03
2.148058998702208289e+00,-1.048465181042705502e-01,3.325951066279222729e-03
2.148150016571054532e+00,-1.048677989456767712e-01,3.274687136432664729e-03
2.148134081084034364e+00,-1.048973651406156643e-01,3.262104865301831535e-03
2.148202612920447230e+00,-1.048825581772400706e-01,3.224423482119077866e-03
2.148317278743514525e+00,-1.049095685920755500e-01,3.191216112786839521e-03
2.148288612706339862e+00,-1.049389640643872135e-01,3.259015820311369702e-03
2.148366485564341843e+00,-1.049277619445463522e-01,3.286133528105187728e-03
2.148496972783449976e+00,-1.050412397629563038e-01,3.250955033597520850e-03
2.148547569755538955e+00,-1.049998613181972740e-01,3.270468910048981818e-03
2.148622453682283773e+00,-1.049725580179331486e-01,3.249158631211009497e-03
2.148674803462304883e+00,-1.050443840029089693e-01,3.212523107101511802e-03
2.148702344182528368e+00,-1.050428156416676612e-01,3.211072110977626105e-03
2.148845273409860201e+00,-1.051422181190142940e-01,3.190406074742489773e-03
2.149003106262726615e+00,-1.051944935831794492e-01,3.149374159029158689e-03
2.149085340399450761e+00,-1.052814394998866365e-01,3.153100192008411167e-03
2.149205351299989353e+00,-1.053695408529639749e-01,3.126111107695189999e-03
2.149320375619890200e+00,-1.054631270860775516e-01,3.129357322712275884e-03
2.149477424080184829e+00,-1.055414275094420928e-01,3.037941566237231314e-03
2.149609031660417724e+00,-1.055524106315609417e-01,3.049164916157414730e-03
2.149781161333266244e+00,-1.056057978289821619e-01,3.062456981638254049e-03
2.149817436196326703e+00,-1.056112094564477522e-01,3.084257395440708361e-03
2.149872248634671301e+00,-1.056852126498179223e-01,2.963947541262885402e-03
2.149999502961650322e+00,-1.057620515150233392e-01,3.062643787668869674e-03
2.150015768945839678e+00,-1.058158838029328586e-01,3.045275072889580287e-03
2.150155784729592234e+00,-1.059036788537945639e-01,3.038702671214306688e-03
2.150196287776629855e+00,-1.059119627025121024e-01,2.993415258884185495e-03
2.150340958764558774e+00,-1.059677072374245743e-01,2.969924643013528362e-03
2.150306542456447367e+00,-1.060028888946910608e-01,2.965086784673023196e-03
2.150422373765720874e+00,-1.059710884559285915e-01,2.949075227467490377e-03
2.150507595729964638e+00,-1.059438657843990717e-01,3.000728770126813699e-03
2.150618429469449477e+00,-1.059450293619463301e-01,2.888618699456788844e-03
2.150657414581508053e+00,-1.059726483899033622e-01,2.925019268463665417e-03
2.150752909928385304e+00,-1.060214512650917290e-01,2.974589695735651088e-03
2.150862948291215826e+00,-1.060083371356850684e-01,2.972032290292756299e-03
2.150906655153689062e+00,-1.059221907485672770e-01,2.971661940780913249e-03
2.151067743440107094e+00,-1.060121306840352690e-01,3.070467886050191018e-03
2.151117092991539081e+00,-1.060218618104223215e-01,3.031263583826469127e-03
2.151139872494215677e+00,-1.060230581376405273e-01,3.015490266353304874e-03
2.151244684774550997e+00,-1.060286778533528484e-01,3.010000868941766286e-03
2.151339231052660672e+00,-1.061149350354489568e-01,3.095485106275845579e-03
2.151303853103138319e+00,-1.061402530362266922e-01,3.071603461547851594e-03
2.151384734957151323e+00,-1.060681073253537526e-01,3.071652284907220448e-03
2.151360117552575613e+00,-1.060769924180629403e-01,3.150230604410383245e-03
2.151432297942633465e+00,-1.060841664411750068e-01,3.182211236618077022e-03
2.151440113979210977e+00,-1.061025681462965248e-01,3.088849668606194997e-03
2.151589970440702881e+00,-1.061038110390740419e-01,3.058474277617631836e-03
2.151649103753395575e+00,-1.060604752112965926e-01,3.062798349758094271e-03
2.151724624672166186e+00,-1.060541758515330668e-01,3.011112255949532218e-03
2.151762010135086278e+00,-1.060419396613578868e-01,2.921837264649569232e-03
2.151891573844091798e+00,-1.060988328380691459e-01,2.921335973770249061e-03
2.152013176070781686e+00,-1.060385692172778893e-01,2.950455914800530297e-03
2.152028120365791608e+00,-1.060139976833859854e-01,2.859696890258856764e-03
2.152086554055122836e+00,-1.060146108022537587e-01,2.893046205617188886e-03
2.152201581608991887e+00,-1.060158042749521357e-01,2.906076009335270896e-03
2.152183327497515730e+00,-1.060316536055364717e-01,2.878783220386146174e-03
2.152218144277421974e+00,-1.061031091424164408e-01,2.944492322556785911e-03
2.152386156268561557e+00,-1.060833167051273007e-01,2.880856161119517683e-03
2.152448070818101744e+00,-1.061407536395670703e-01,2.907051371336550824e-03
2.152429542271228957e+00,-1.061242790690047344e-01,2.955878808344802877e-03
2.152417029166711071e+00,-1.061348324222897432e-01,2.927280813723951922e-03
2.152471817879255234e+00,-1.061321631061452747e-01,2.942351615956816536e-03
2.152576608657232438e+00,-1.060975623172496218e-01,2.974350697068132553e-03
2.152706736148647160e+00,-1.062313607299884832e-01,2.997013676254003511e-03
2.152845466319334822e+00,-1.063206426580936281e-01,2.930737883246840349e-03
2.152823590042533652e+00,-1.063439357413949460e-01,2.844495034543652930e-03
2.152840720274351138e+00,-1.063353632880582045e-01,2.956782635002127083e-03
2.152852874647734005e+00,-1.062858665673561409e-01,3.031914324648031251e-03
2.152839217030901420e+00,-1.062701361692200142e-01,3.029834119973266043e-03
2.152959717566608422e+00,-1.063350821120866152e-01,3.095356630208731183e-03
2.153099914906027923e+00,-1.063165551010496201e-01,3.168719213117514050e-03
2.153160357912428768e+00,-1.063586440165744107e-01,3.241250871979721275e-03
2.153202941940227877e+00,-1.063268944702030483e-01,3.189615627128757156e-03
2.153230121770699501e+00,-1.063551113200892351e-01,3.282521262823308306e-03
2.153237621626860498e+00,-1.063328591980844673e-01,3.277714485133129997e-03
2.153261876633641769e+00,-1.062957980655202250e-01,3.331723313641591407e-03
2.153349960194350654e+00,-1.063616017616259152e-01,3.223462883115116480e-03
2.153408073439873949e+00,-1.063297170580743828e-01,3.240330434440417268e-03
2.153415745602963671e+00,-1.063315486386756936e-01,3.206033645951503284e-03
2.153451532859792739e+00,-1.062939654916001953e-01,3.246005209501660101e-03
2.153530678316316394e+00,-1.062615041803716825e-01,3.229214190583439004e-03
2.153520868620515394e+00,-1.062774591812732233e-01,3.309032421959179349e-03
2.153644330623638581e+00,-1.062615282056000171e-01,3.345307523604614149e-03
2.153692842217088455e+00,-1.062562640780649603e-01,3.283066063335144703e-03
2.153758468540412530e+00,-1.063031893884326257e-01,3.260600587561333571e-03
2.153903719685020146e+00,-1.063082498244400792e-01,3.346998772094727896e-03
2.154066842225700107e+00,-1.063504462711310911e-01,3.249001088502957626e-03
2.154158618767071598e+00,-1.063234464496099207e-01,3.301852290879047063e-03
2.154217554056468753e+00,-1.062797476458896689e-01,3.328974902183406276e-03
2.154240426889065141e+00,-1.063638989431986565e-01,3.327946737904873952e-03
2.154238759021434912e+00,-1.063425750070716436e-01,3.242852998628365825e-03
2.154257898177502906e+00,-1.063863603291800713e-01,3.211660529210812621e-03
2.154411222005015780e+00,-1.063948285284358475e-01,3.155354637469983889e-03
2.154438878923836231e+00,-1.065143262629345972e-01,3.162156318831055475e-03
2.154523464173620173e+00,-1.065998166666910912e-01,3.169074553377254199e-03
2.154607045379690611e+00,-1.065933212851542800e-01,3.103914166257495336e-03
2.154626363157930324e+00,-1.065275957438302085e-01,3.153863671572551281e-03
2.154623334770500165e+00,-1.065284084836364970e-01,3.260913267687667871e-03
2.154676778734377240e+00,-1.064775851881913094e-01,3.332583074549219735e-03
2.154691085701569531e+00,-1.063804362992721436e-01,3.388295050593797750e-03
2.154745865085694323e+00,-1.063802064118341967e-01,3.461907363224129338e-03
2.154841809786978590e+00,-1.064626496651246285e-01,3.512537483316406466e-03
2.154941366094420108e+00,-1.064900608519388781e-01,3.539907390214794194e-03
2.155009096705743588e+00,-1.064942199135509027e-01,3.513025157854466826e-03
2.155064090624671636e+00,-1.064844337348175296e-01,3.522348579377976383e-03
2.155056365333682500e+00,-1.064938489948780292e-01,3.617442902847737337e-03
2.155082262483006605e+00,-1.065839172495464116e-01,3.584963471769468148e-03
2.155188044380472068e+00,-1.066523533129790091e-01,3.520002337652435465e-03
2.155240211423524510e+00,-1.066032133116605607e-01,3.411140776678982418e-03
2.155294911774629174e+00,-1.065998583779397407e-01,3.509941327770051914e-03
2.155423797105080919e+00,-1.066119931158226591e-01,3.524962409176123079e-03
2.155470044071646996e+00,-1.066208008719468359e-01,3.503548722083759965e-03
2.155595051515582394e+00,-1.066816884857720166e-01,3.473475573458446267e-03
2.155562198782187799e+00,-1.067175107147779189e-01,3.425178255922005886e-03
2.155708803817382613e+00,-1.066746595318286417e-01,3.374102023725731366e-03
2.155735691231835283e+00,-1.067016934355385083e-01,3.344800732463005816e-03
2.155755781565964480e+00,-1.067714456968825165e-01,3.292635715957840242e-03
2.155820546142089178e+00,-1.068222361655069425e-01,3.375516011698746419e-03
2.155834225881580135e+00,-1.067923178385134786e-01,3.331998714660749060e-03
2.155939104194824818e+00,-1.068265654942465448e-01,3.268400875437312784e-03
2.155954972645368173e+00,-1.068885007230258033e-01,3.260540552768617043e-03
2.156038159976903845e+00,-1.068729843716915429e-01,3.176794362131788244e-03
2.156080770903683330e+00,-1.069171173120168072e-01,3.216969784867284091e-03
2.156103595884043767e+00,-1.069079237726030807e-01,3.250842445754199925e-03
2.156129138901243358e+00,-1.069535765416290696e-01,3.277610297191914553e-03
2.156144466079245703e+00,-1.069108894020405626e-01,3.272036340005936468e-03
2.156217454106036602e+00,-1.069280179659334029e-01,3.244512080390149576e-03
2.156258328031274374e+00,-1.069302624430224224e-01,3.261484316294699023e-03
2.156437786322050965e+00,-1.069801017183636960e-01,3.257811535433853285e-03
2.156480293729233999e+00,-1.069582972382703417e-01,3.213781026201350741e-03
2.156600573421132871e+00,-1.069509942657547591e-01,3.187991950778142677e-03
2.156703913905137604e+00,-1.069571436396403730e-01,3.212777157804902386e-03
2.156805124334888912e+00,-1.069797396890100893e-01,3.284381619872031154e-03
2.156861317202110495e+00,-1.069976823049959280e-01,3.345461888256838403e-03
2.156866709019630957e+00,-1.070742693405497686e-01,3.380503973499633316e-03
2.156996983826286574e+00,-1.071564534661203355e-01,3.314594250130713585e-03
2.156996063652425910e+00,-1.072413852613518931e-01,3.364089330845817117e-03
2.157058364032952813e+00,-1.073351814276339022e-01,3.371918060707855200e-03
2.157108526766285284e+00,-1.073508956690732291e-01,3.395493074704994656e-03
2.157213079351063545e+00,-1.073738717326879616e-01,3.434975385280339584e-03
2.157271460097434979e+00,-1.074478946087802089e-01,3.530793470420696707e-03
2.157395023639618437e+00,-1.074227419021840935e-01,3.562760525675436659e-03
2.157469875035662898e+00,-1.074158016544887323e-01,3.586496950743695792e-03
2.157537310778981698e+00,-1.074531254671587666e-01,3.607578028710131234e-03
2.157652827024679087e+00,-1.074646383669802530e-01,3.526532026827505686e-03
2.157763593880467567e+00,-1.074393289368776178e-01,3.511110283055425031e-03
2.157838164952598614e+00,-1.074516977684845942e-01,3.494254512182639640e-03
2.157920733417914683e+00,-1.074751788267961222e-01,3.444199012096321993e-03
2.158012694325214476e+00,-1.075845154234908729e-01,3.399139725068616932e-03
2.158049097544595618e+00,-1.075826736660358690e-01,3.438079092540564756e-03
2.158089688532898176e+00,-1.077197293982745524e-01,3.393585713081728825e-03
2.158240182880073466e+00,-1.077024260627128249e-01,3.373472228621705090e-03
2.158296894978387392e+00,-1.077582218639676626e-01,3.330133728092976846e-03
2.158383050189183194e+00,-1.078214273484046359e-01,3.316768898913317800e-03
2.158388682705226991e+00,-1.078391265130898419e-01,3.347713139306908881e-03
2.158442411597266908e+00,-1.078029211232528345e-01,3.320985464536959069e-03
2.158482316995117944e+00,-1.077744125724970359e-01,3.319802415961762166e-03
2.158506161963757997e+00,-1.077239266168972670e-01,3.215744159147846792e-03
2.158544412269603363e+00,-1.077713492078310881e-01,3.211800149553189609e-03
2.158611927127380703e+00,-1.078342413821709589e-01,3.193592866121665579e-03
2.158727645500724268e+00,-1.078433447740018564e-01,3.138999645925850089e-03
2.158882176353482230e+00,-1.079224737812475993e-01,3.179222367435056550e-03
2.159024338550572963e+00,-1.079036330480675071e-01,3.223875559129769572e-03
2.159179675800730003e+00,-1.079633556132838651e-01,3.240967868739784517e-03
2.159213222886496197e+00,-1.079695495691904844e-01,3.145176290608629570e-03
2.159291472808492429e+00,-1.079944979742207128e-01,3.222981225235674926e-03
2.159423644480080728e+00,-1.079849215737733459e-01,3.153295039621099773e-03
2.159462323316799104e+00,-1.080118522302407902e-01,3.189978812542358048e-03
2.159519068839379052e+00,-1.079858441702877675e-01,3.183218836542029469e-03
2.159601754308693611e+00,-1.080407685534108680e-01,3.264924653606877166e-03
2.159700219882076055e+00,-1.080972202428963358e-01,3.291630445290199495e-03
2.159774780285967921e+00,-1.081350899813799810e-01,3.282155142514421413e-03
2.159795776276111301e+00,-1.081261087859061998e-01,3.169740048393045097e-03
2.159904839740719229e+00,-1.081359894499178825e-01,3.195943014103255590e-03
2.160000994750866266e+00,-1.081324708263822210e-01,3.155093750236828698e-03
2.160075377008431996e+00,-1.081479562355254220e-01,3.180911115709043717e-03
2.160103980410002844e+00,-1.081645014120136833e-01,3.192585402330961469e-03
2.160193306784786493e+00,-1.081580197416373568e-01,3.217627766047103603e-03
2.160317023185974517e+00,-1.082534810642618306e-01,3.254104306168985848e-03
2.160350913739357726e+00,-1.084195735695521051e-01,3.288245309521045483e-03
2.160408517532241390e+00,-1.084138304814575016e-01,3.230954508101759742e-03
2.160495542809559577e+00,-1.084724833797815063e-01,3.253839798826350244e-03
2.160633227414555879e+00,-1.085018491069381780e-01,3.199193867789384103e-03
2.160664321068086036e+00,-1.086001314136818274e-01,3.297570166807200533e-03
2.160741841129989016e+00,-1.086416232308193147e-01,3.232779051623769356e-03
2.160776947451306995e+00,-1.086763620067860148e-01,3.238127631578713739e-03
2.160841210060568951e+00,-1.087794335337825546e-01,3.155187339528454232e-03
2.160949856849987416e+00,-1.088478570102845572e-01,3.091511766689326521e-03
2.161105811426669465e+00,-1.088246949390053453e-01,3.086943042789796858e-03
2.161188402694059540e+00,-1.088621496525351839e-01,3.080612329437628586e-03
2.161322548345951944e+00,-1.088667952370060282e-01,3.113036837304902511e-03
2.161435849701345724e+00,-1.089077461357718796e-01,3.011201298212977991e-03
2.161511765168699917e+00,-1.089070602629290396e-01,3.032908405227836054e-03
2.161640490107511692e+00,-1.089565798745217168e-01,2.996573202493347816e-03
2.161738839321952987e+00,-1.089939649244162229e-01,3.143957805438508599e-03
2.161793299014452163e+00,-1.090760611008659009e-01,3.139889210067222172e-03
2.161874881514717739e+00,-1.090670178398304851e-01,3.102723393970914425e-03
2.161983798400351375e+00,-1.090756436988837841e-01,3.172508108523583448e-03
2.161993150922574713e+00,-1.090165419822210074e-01,3.209284924555914215e-03
2.162086125222392408e+00,-1.089352921656200623e-01,3.243837479836981629e-03
2.162214267463027362e+00,-1.089705577760998467e-01,3.233110457277340536e-03
2.162246844917250499e+00,-1.089147233532300335e-01,3.204116580030188718e-03
2.162345973631496499e+00,-1.088839678314477422e-01,3.288955748321673814e-03
2.162392506805770775e+00,-1.088715459764836441e-01,3.277050118024638775e-03
2.162438152457542007e+00,-1.088835679757180208e-01,3.210358600127448999e-03
2.162529675167044640e+00,-1.089420499727057623e-01,3.245077056580905617e-03
2.162655812960767143e+00,-1.089055478508369479e-01,3.307810687595692193e-03
2.162722122074074438e+00,-1.089502601493480549e-01,3.366068151642490069e-03
2.162878251657008200e+00,-1.090398387103077293e-01,3.330484048268240408e-03
2.162963209586689306e+00,-1.089653858043653639e-01,3.362158588324757041e-03
2.163039452589592404e+00,-1.090133222912597344e-01,3.375426329685673674e-03
2.163126347643514968e+00,-1.090263515755458129e-01,3.432991442003546865e-03
2.163245859315148234e+00,-1.091213184240572565e-01,3.373122412796208339e-03
2.163353661443681020e+00,-1.091691484667555306e-01,3.392395618659867131e-03
2.163536596302634507e+00,-1.091767203052901175e-01,3.507189427835409861e-03
2.163539146292639437e+00,-1.091576763778904641e-01,3.538510584477934286e-03
2.163565269156394244e+00,-1.092190436229794198e-01,3.541147825060307966e-03
2.163663356398173754e+00,-1.092175523941375515e-01,3.496993748934329373e-03
2.163744943378142160e+00,-1.092122029061342731e-01,3.558987480402390612e-03
2.163723788047943408e+00,-1.092880393114813858e-01,3.596771921911491501e-03
2.163837328123129566e+00,-1.093287772405552583e-01,3.646273576843440424e-03
2.163829666955663811e+00,-1.093947814804276802e-01,3.598474304924600704e-03
2.163937296264055732e+00,-1.093775996651542015e-01,3.524201024120220821e-03
2.163996382959924691e+00,-1.094928236717355313e-01,3.581652636485097106e-03
2.164072072899140498e+00,-1.094454359298348139e-01,3.541618851468205688e-03
2.164085412766077354e+00,-1.094415446101060230e-01,3.579755759404410886e-03
2.164128107743956253e+00,-1.094523980013138026e-01,3.611718414158551944e-03
2.164288871540648529e+00,-1.095715901030966805e-01,3.483512514584742245e-03
2.164381342113349760e+00,-1.095931237380176199e-01,3.496724836449780632e-03
2.164300979825645399e+00,-1.095757918459247943e-01,3.459936917664604289e-03
2.164381065449188402e+00,-1.096111289327687394e-01,3.494935226619224917e-03
2.164403906280351730e+00,-1.096500915497208573e-01,3.438740310555243006e-03
2.164445516246678469e+00,-1.097112150520756363e-01,3.396433192579491334e-03
2.164530203602473168e+00,-1.096772331636115400e-01,3.451027835170038336e-03
2.164554555417629977e+00,-1.097745180219507899e-01,3.482757382536011068e-03
2.164660512774771561e+00,-1.097587360733053991e-01,3.485355016622273313e-03
2.164744984172142228e+00,-1.097809357799717361e-01,3.424228943771287764e-03
2.164767895159716460e+00,-1.097875901012271005e-01,3.422779596648488354e-03
2.164819702054992412e+00,-1.098933388113516596e-01,3.496296592126368202e-03
2.164924599414409734e+00,-1.099131775978097886e-01,3.466612150287617846e-03
2.165015191470597955e+00,-1.099964413879204600e-01,3.446795466841058326e-03
2.165033408526130465e+00,-1.100648845131332043e-01,3.530856527961660253e-03
2.165128386835860841e+00,-1.100051726167450700e-01,3.550401025207989680e-03
2.165162687842041134e+00,-1.100054269014083264e-01,3.617153725096541959e-03
2.165280644555085843e+00,-1.099466159915893221e-01,3.650950542589179344e-03
2.165323018310017389e+00,-1.099346872754846105e-01,3.657834293399401561e-03
2.165430680806021524e+00,-1.099599462900774094e-01,3.687526569796220621e-03
2.165579603064747172e+00,-1.099476931661755724e-01,3.686717575584129783e-03
2.165719595012005616e+00,-1.099298939406188891e-01,3.737393151759014522e-03
2.165849241304092843e+00,-1.099173505105789511e-01,3.758226308249171775e-03
2.165904272031857314e+00,-1.099075085740244817e-01,3.709014339093043636e-03
2.165994296893019033e+00,-1.100326925059090799e-01,3.697364229811878587e-03
2.166057027215978703e+00,-1.100036148758470472e-01,3.691574863833960510e-03
2.166125354398050096e+00,-1.099721638903609217e-01,3.688927411757608309e-03
2.166198872511887252e+00,-1.099254969281694833e-01,3.746545219647915304e-03
2.166389464738325277e+00,-1.099634268445750240e-01,3.789871954435055940e-03
2.166475345801906371e+00,-1.099864914026475460e-01,3.857945344152995809e-03
2.166547089378648483e+00,-1.099966814708228935e-01,3.862372883832327405e-03
2.166634377249923915e+00,-1.100498895643954866e-01,3.831969259700522545e-03
2.166722680535459133e+00,-1.101380183016239939e-01,3.846449065761246323e-03
2.166743626801184597e+00,-1.101120911385354284e-01,3.760171813028278902e-03
2.166820229789240937e+00,-1.100805904147167946e-01,3.718880872296953782e-03
2.166938100258148481e+00,-1.100873244890799851e-01,3.704168363973994044e-03
2.166984085494730206e+00,-1.100861598881544418e-01,3.624848752444693751e-03
2.167012757447007054e+00,-1.101406453319179468e-01,3.562765664841055762e-03
2.167072043898878420e+00,-1.101579839798447480e-01,3.668962858500180672e-03
2.167138124357940843e+00,-1.102168224385629003e-01,3.567080751505948867e-03
2.167230265913144382e+00,-1.103276461923490964e-01,3.542509390165495507e-03
2.167288189708889146e+00,-1.103642278800459620e-01,3.548060122820218855e-03
2.167403091467441367e+00,-1.104627644291211463e-01,3.545903932697262294e-03
2.167459399288873101e+00,-1.104437790995370788e-01,3.477047295094206920e-03
2.167478603672030157e+00,-1.104373874589933691e-01,3.481297201920234823e-03
2.167621238344984658e+00,-1.105308963188219168e-01,3.533593450005167048e-03
2.167656150422027750e+00,-1.105581587439899011e-01,3.558435421401321373e-03
2.167711824442772883e+00,-1.105627173866159524e-01,3.538254435931224937e-03
2.167737160958596476e+00,-1.105830074013052777e-01,3.596585478337821842e-03
2.167790911495325545e+00,-1.106212735568071620e-01,3.485988862877033041e-03
2.167836982470042084e+00,-1.106471321501234645e-01,3.518359344258210897e-03
2.167913515808335578e+00,-1.106090949743186586e-01,3.530630344311932577e-03
2.167958046492136415e+00,-1.105683617447201783e-01,3.548921591375333705e-03
2.168022271073046792e+00,-1.106477759330510291e-01,3.602890763114476209e-03
2.168210804961839600e+00,-1.106363800366920863e-01,3.624987470196666412e-03
2.168352097239072407e+00,-1.107261032189383876e-01,3.722727532440428012e-03
2.168444807677148312e+00,-1.107121330821072974e-01,3.720315795108502990e-03
2.168585687614415836e+00,-1.107456130825101304e-01,3.742063001989147028e-03
2.168718255801630690e+00,-1.107265958457510774e-01,3.777669395378941385e-03
2.168762009747307484e+00,-1.107469585508181475e-01,3.821811330466422501e-03
2.168819259929362975e+00,-1.107483599965018162e-01,3.823156816331932471e-03
2.168920993289880972e+00,-1.107496903469722821e-01,3.835156078147625245e-03
2.168979342563136292e+00,-1.107686151486935028e-01,3.822443024306022927e-03
2.169059366598026894e+00,-1.108363375419849778e-01,3.879026308266984684e-03
2.169156509089246399e+00,-1.108705746208682730e-01,3.876997082007787795e-03
2.169235501792032395e+00,-1.109274897897612605e-01,3.865489674209981845e-03
2.169330618872468808e+00,-1.109621172787242371e-01,3.908698537214572687e-03
2.169390158402161983e+00,-1.109096213474900644e-01,3.881918360208195997e-03
2.169430270034987007e+00,-1.108828382406164131e-01,3.818275612519641659e-03
2.169459701334622626e+00,-1.109716508879719926e-01,3.781490122672661290e-03
2.169535458245812176e+00,-1.109177252822264037e-01,3.787048818269503694e-03
2.169590025140169409e+00,-1.109300054163936816e-01,3.706717740170405433e-03
2.169672692494911015e+00,-1.109631303328829366e-01,3.802535818246409547e-03
2.169683006479025789e+00,-1.109615641874321657e-01,3.797233863751400817e-03
2.169670202733162245e+00,-1.109907917539714045e-01,3.860365085742083289e-03
2.169730335970930124e+00,-1.110742130671131117e-01,3.828818395910829619e-03
2.169785099270566509e+00,-1.111028085976270702e-01,3.765530567905460077e-03
2.169894230435149840e+00,-1.111209059687781331e-01,3.784174505099667778e-03
2.169950829294188033e+00,-1.112162184639934603e-01,3.769870706005361196e-03
2.170013323945587658e+00,-1.112206600226771785e-01,3.772939796302674734e-03
2.170065018871097262e+00,-1.112301222329049877e-01,3.784413070332717441e-03
2.170221278730064540e+00,-1.113044837469718829e-01,3.797904480675568309e-03
2.170276265802656201e+00,-1.112862026131788973e-01,3.800872376115550441e-03
2.170402472704963781e+00,-1.112637847076470149e-01,3.807219419037115044e-03
2.170571773736858834e+00,-1.113259018076116075e-01,3.840246259865719072e-03
2.170662759088706206e+00,-1.113716616230433915e-01,3.850521775686393568e-03
2.170843575497206857e+00,-1.114119544639673026e-01,3.873382620788621330e-03
2.170860980083034963e+00,-1.114180474558419537e-01,3.993711878600670999e-03
2.170868261251849951e+00,-1.114443306772038983e-01,3.980258234183184536e-03
2.170922862853328361e+00,-1.114313064694446159e-01,3.987189084494791730e-03
2.170959221903594027e+00,-1.114958471468179002e-01,4.019750865515720611e-03
2.170866886583945110e+00,-1.114316377069165115e-01,4.033569682872130240e-03
2.170985538884721677e+00,-1.113673015197704369e-01,3.968595337643062923e-03
2.171129253749274124e+00,-1.113633254724204491e-01,4.002852814623354336e-03
2.171200391570911492e+00,-1.113918801307486606e-01,3.962966073643656335e-03
2.171254158657818678e+00,-1.114357938136774639e-01,3.950239893417500925e-03
2.171319045233183864e+00,-1.114267372557025959e-01,3.915014546617296212e-03
2.171341682458663325e+00,-1.114593635087335333e-01,3.915302525783604867e-03
2.171422149580596539e+00,-1.115125106285439344e-01,3.924130356185011673e-03
2.171441022405305787e+00,-1.116022618109230452e-01,3.954618148273602619e-03
2.171399089098403401e+00,-1.116988192526256474e-01,4.017305977542314985e-03
2.171510118938873912e+00,-1.117698415973931714e-01,4.097382771231780803e-03
2.171581529346920725e+00,-1.117954941988947015e-01,4.065044302044223262e-03
2.171641669895923332e+00,-1.117822405442784189e-01,4.118847127311395934e-03
2.171637679706578172e+00,-1.117770329175397231e-01,4.056621915891470143e-03
2.171765988107068779e+00,-1.117117908784904107e-01,4.021157010347681075e-03
2.171840338942516269e+00,-1.117637020954743848e-01,4.108143914949181387e-03
2.171945042645695434e+00,-1.118365603883594017e-01,4.191382246401557585e-03
2.171968667070386161e+00,-1.118101172845770847e-01,4.150219098867278210e-03
2.172043797463644843e+00,-1.118066529760204653e-01,4.134920642964536042e-03
2.172039690790187105e+00,-1.118221624107717804e-01,4.116715952698702871e-03
2.172160622264154295e+00,-1.118755318059544146e-01,4.105127725726994206e-03
2.172302063683508422e+00,-1.118683636974682483e-01,4.057114674622755782e-03
2.172463984970149031e+00,-1.118990420562461230e-01,4.015340284260744338e-03
2.172514824887908702e+00,-1.119728722192257914e-01,3.996187460814637320e-03
2.172522689112484251e+00,-1.119323968309507977e-01,3.904021651545646135e-03
2.172610138304864602e+00,-1.120484155142368599e-01,3.953407737574381707e-03
2.172724527258800720e+00,-1.120281766771098891e-01,3.943328761440964385e-03
2.172762173075882153e+00,-1.120737737303548615e-01,4.034351322644522467e-03
2.172803642703611260e+00,-1.121493644710141180e-01,4.028403141498132500e-03
2.172892986540631011e+00,-1.121397870786808998e-01,4.058868079618940111e-03
2.172909275381265992e+00,-1.121971553182440212e-01,3.947179167778379176e-03
2.172896862831513065e+00,-1.122785530978653024e-01,3.948200306035463264e-03
2.172976856177568639e+00,-1.124144879234324906e-01,3.975669021907235826e-03
2.172992804064214134e+00,-1.124373525491332293e-01,4.001065086875038243e-03
2.172988568086317684e+00,-1.125093780341141492e-01,3.983395277797303208e-03
2.173125107851750837e+00,-1.124691220305876760e-01,3.936543743634860967e-03
2.173127101693107743e+00,-1.125265288322311596e-01,3.880346161006971006e-03
2.173172198970483748e+00,-1.125861781853321059e-01,3.907895222905410047e-03
2.173257960140174916e+00,-1.126011608757229859e-01,3.921825221641643718e-03
2.173298457516093407e+00,-1.126000956350437787e-01,3.923791628648063551e-03
2.173357879315327423e+00,-1.126075105613034838e-01,3.893101576362570457e-03
2.173464404954957629e+00,-1.126556369066532420e-01,3.910914140021247778e-03
2.173573800970177938e+00,-1.126269127255732361e-01,3.866421778453113696e-03
2.173671421665185566e+00,-1.126651798749071370e-01,3.891668208380379395e-03
2.173811627874993047e+00,-1.127008383363019700e-01,3.939767029314917950e-03
2.173829477096782981e+00,-1.127069503117684030e-01,3.940791491376239089e-03
2.173961693639375081e+00,-1.127672703299127110e-01,3.906513418172001713e-03
2.174101737026830516e+00,-1.127957952639698364e-01,3.863195741928746128e-03
2.174109946915928404e+00,-1.128356062507364921e-01,3.841645775136137437e-03
2.174188558213939526e+00,-1.128615947233564953e-01,3.846744370556803155e-03
2.174279646849750947e+00,-1.129173340894891603e-01,3.821397687283224071e-03
2.174335241281876829e+00,-1.130310056701222809e-01,3.813900233960390834e-03
2.174417103279919772e+00,-1.129661942955162007e-01,3.704800907869529401e-03
2.174460982686606592e+00,-1.129158327235588316e-01,3.727693427971915524e-03
2.174547161330645739e+00,-1.128686647986813091e-01,3.717514416206504479e-03
2.174616509105835149e+00,-1.128718794317464802e-01,3.708475442688602929e-03
2.174697995167056419e+00,-1.128343584742405592e-01,3.668578252396193819e-03
2.174766071236079679e+00,-1.128450834637083483e-01,3.763802205386986184e-03
2.174889460865846669e+00,-1.128827289377991316e-01,3.768769980730345831e-03
2.174984920899252661e+00,-1.129124600823072228e-01,3.798527835927368885e-03
2.175139091259689739e+00,-1.128330104813871915e-01,3.795177843566618307e-03
2.175236126160510430e+00,-1.128553464882994101e-01,3.876861843289073663e-03
2.175253401740030679e+00,-1.128199548430824928e-01,3.922874886134947343e-03
2.175380227125704113e+00,-1.128396265817214611e-01,3.856765216589545190e-03
2.175484180965107761e+00,-1.128337748644001881e-01,3.888333366594355460e-03
2.175554011951701394e+00,-1.128743598244624918e-01,3.905344289314374804e-03
2.175579978829728756e+00,-1.128113743495252341e-01,3.947601239300468565e-03
2.175618507054116080e+00,-1.128690545523341332e-01,4.024021090558812207e-03
2.175687122331339651e+00,-1.128249995284500012e-01,4.069248923606864736e-03
2.175759383978926209e+00,-1.128100015982681503e-01,4.041651260364474176e-03
2.175821176824102476e+00,-1.128687454437486692e-01,4.013669297321702072e-03
2.175929981087946441e+00,-1.128876355122101216e-01,4.013252769716281303e-03
2.175974882546609201e+00,-1.128342567421748710e-01,4.063152205264919208e-03
2.176073299328337374e+00,-1.128657740926474889e-01,4.088110951639266355e-03
2.176198173182166240e+00,-1.128701439389229871e-01,4.051553343227811028e-03
2.176321924674442521e+00,-1.128580298378005636e-01,3.976528238628980298e-03
2.176381811490534002e+00,-1.129663396955606497e-01,3.964615794069418185e-03
2.176467644052111794e+00,-1.129174466933004772e-01,3.956550145336443919e-03
2.176611940928399935e+00,-1.129508211913244908e-01,3.942096802991502252e-03
2.176640156281453020e+00,-1.131017328930429555e-01,3.899726239037465663e-03
2.176868121443108706e+00,-1.130961168689115781e-01,3.857711363845554159e-03
2.176900356936138703e+00,-1.131222058128961844e-01,3.849966513046788885e-03
2.176920915629566355e+00,-1.131168700452323955e-01,3.866657782370279146e-03
2.177058160230890049e+00,-1.131583709381729225e-01,3.818013920066644709e-03
2.177084791841051636e+00,-1.132415221872366123e-01,3.708824542807692779e-03
2.177096907005002357e+00,-1.132682659640970313e-01,3.664531275867703632e-03
2.177132911113311753e+00,-1.132790431123500974e-01,3.687430693484198673e-03
2.177194979797090646e+00,-1.133582055364302094e-01,3.720436924436362237e-03
2.177265259628325289e+00,-1.133540794200732643e-01,3.713115214007488719e-03
2.177369155407872459e+00,-1.133406851784399816e-01,3.665385898776919379e-03
2.177478184036453435e+00,-1.133765284304581733e-01,3.526179581731975037e-03
2.177587608418058984e+00,-1.134648165000838177e-01,3.581467846800079347e-03
2.177636888440896978e+00,-1.134989708122600693e-01,3.585900443943203751e-03
2.177711920215001484e+00,-1.135897090496391232e-01,3.533823328650536645e-03
2.177770219171001109e+00,-1.136323292188153866e-01,3.597969672811275350e-03
2.177802082366104397e+00,-1.136190291572109629e-01,3.518074782988145181e-03
2.177952170187396952e+00,-1.136914344587762471e-01,3.578372148800019418e-03
2.178011731311200183e+00,-1.137527432879652384e-01,3.575549424544790297e-03
2.177990402993306596e+00,-1.137409378251769687e-01,3.594012362677841913e-03
2.178018271597838673e+00,-1.138256414588535159e-01,3.462275676626980908e-03
2.178100224900661352e+00,-1.138737486872295063e-01,3.424575165305401760e-03
2.178200577490985168e+00,-1.138687155943576418e-01,3.315226569602852842e-03
2.178217177386438941e+00,-1.139573040854251346e-01,3.360662956716450357e-03
2.178261869512020166e+00,-1.140335644368582757e-01,3.291673168057411038e-03
2.178381206700184425e+00,-1.140518519756075211e-01,3.320826938450452143e-03
2.178494198571714779e+00,-1.141942172101273328e-01,3.362427129820482353e-03
2.178549878311133892e+00,-1.142433295187020442e-01,3.396868524754442960e-03
2.178712274142905692e+00,-1.143215384786764877e-01,3.411738947425920366e-03
2.178843458584577508e+00,-1.143357054173045756e-01,3.402328429590578858e-03
2.178881476267646722e+00,-1.143287126534096448e-01,3.459560764718618703e-03
2.179007220681993484e+00,-1.143657633654425743e-01,3.505862875325386607e-03
2.179135334533738977e+00,-1.144486581772078820e-01,3.508472268953179932e-03
2.179143813222112591e+00,-1.144868539836499249e-01,3.516700185433839932e-03
2.179216152774342330e+00,-1.145902632581490138e-01,3.539276104089360015e-03
2.179258293503808730e+00,-1.146169276229774131e-01,3.550571235676710548e-03
2.179383105999796122e+00,-1.146942337668227369e-01,3.522822821574750178e-03
2.179460318187266044e+00,-1.147003706596483735e-01,3.536120258645205315e-03
2.179526609658364755e+00,-1.147750596830985070e-01,3.526787803661661502e-03
2.179671860841547293e+00,-1.148817486973438967e-01,3.553479890679389196e-03
2.179758111217667160e+00,-1.149354637901250087e-01,3.617027158045759729e-03
2.179836503281141535e+00,-1.149808716661148561e-01,3.546547361014400386e-03
2.179873818474585168e+00,-1.150347147275457005e-01,3.518785240493579446e-03
2.179973683615457070e+00,-1.150669949935435726e-01,3.577836234410129799e-03
2.180066314813270623e+00,-1.150976625558153832e-01,3.564499339886209074e-03
2.180170750717717265e+00,-1.151127438909762268e-01,3.555584025190869878e-03
2.180200782559268191e+00,-1.151984401007146719e-01,3.624392678635642625e-03
2.180204920464011931e+00,-1.152032510991404385e-01,3.555979099781441267e-03
2.180269364486477013e+00,-1.152040197737430050e-01,3.611741145462876029e-03
2.180417788681446201e+00,-1.153304821236634109e-01,3.596042744665396869e-03
2.180488018623974789e+00,-1.153725672806764913e-01,3.606937830554161634e-03
2.180590557381091532e+00,-1.153874278299139161e-01,3.545552539529134035e-03
2.180621114045624420e+00,-1.153575231399914941e-01,3.605119048003754562e-03
2.180750641446094207e+00,-1.154278173958373233e-01,3.640453660520987823e-03
2.180756642560462311e+00,-1.155544442507701330e-01,3.613468549896953815e-03
2.180900056251615649e+00,-1.155516582177681661e-01,3.592370709504860357e-03
2.180959602194089797e+00,-1.156475043895782151e-01,3.543030148126479362e-03
2.181056558156356573e+00,-1.157226736654026339e-01,3.528093936485661095e-03
2.181201999498252331e+00,-1.157674222094985800e-01,3.531387093543780342e-03
2.181274796304280006e+00,-1.158073176465768128e-01,3.529168403010927210e-03
2.181282061867252153e+00,-1.158256151975689263e-01,3.591321294482351014e-03
2.181432467505024064e+00,-1.158544259278233568e-01,3.571780975929948494e-03
2.181458566676323763e+00,-1.158477872107051831e-01,3.575804232006533911e-03
2.181395762171711716e+00,-1.157790218627304385e-01,3.636585788474057217e-03
2.181434048530155767e+00,-1.158606654943164643e-01,3.579773675679281258e-03
2.181493632949789596e+00,-1.158294142889440409e-01,3.557770725425844424e-03
2.181458116050996932e+00,-1.158637624976153607e-01,3.651251936551038000e-03
2.181571485676745858e+00,-1.159603634802149758e-01,3.716409715604095023e-03
2.181622426328289066e+00,-1.159859362598769927e-01,3.673397993782772340e-03
2.181746360379354321e+00,-1.159981691910401402e-01,3.655639805861191603e-03
2.181804545061172718e+00,-1.160313651696940201e-01,3.733711105785488243e-03
2.181836802009570864e+00,-1.161289155112276705e-01,3.692115029779182312e-03
2.181870086261224806e+00,-1.161915013943433800e-01,3.677649348241106373e-03
2.181986263326386233e+00,-1.162307546039969552e-01,3.748750285373130854e-03
2.181958821839095286e+00,-1.161986439828029127e-01,3.808543237585091095e-03
2.181994053546902013e+00,-1.162218664204528878e-01,3.828493189710910696e-03
2.182052108182379158e+00,-1.162623095202641593e-01,3.834102356080767993e-03
2.182095961069286272e+00,-1.164065592621631312e-01,3.823476812112680187e-03
2.182213865607197878e+00,-1.165778841426698825e-01,3.760947105482722111e-03
2.182284562628569624e+00,-1.165588571505394855e-01,3.776206567096305079e-03
2.182302070160401009e+00,-1.165817223449654300e-01,3.780742878043336086e-03
2.182375808877492052e+00,-1.166286025112331926e-01,3.784732192536660947e-03
2.182492488487924209e+00,-1.166522323098583558e-01,3.698257329073775541e-03
2.182644249454503527e+00,-1.166506728093630874e-01,3.621979120729133719e-03
2.182656079081635614e+00,-1.167635012583991966e-01,3.543006177521502726e-03
2.182815473755038038e+00,-1.168847897092392119e-01,3.685219296416869343e-03
2.182866471472637571e+00,-1.168598020413088023e-01,3.726128487773931915e-03
2.182842607538590496e+00,-1.168240193491719564e-01,3.764920045005472598e-03
2.182954320121103464e+00,-1.168676241864144150e-01,3.746641043837074803e-03
2.183014106793657039e+00,-1.168737198257721044e-01,3.685215737276778189e-03
2.183093801820929603e+00,-1.168644024187328045e-01,3.710213598306279920e-03
2.183135714016883444e+00,-1.168743123723934990e-01,3.698022359988958375e-03
2.183179953130965689e+00,-1.169252012618617470e-01,3.605259046839693563e-03
2.183233660464923620e+00,-1.169429983704508846e-01,3.539223203764649880e-03
2.183224149441421069e+00,-1.169963830322783283e-01,3.547089804429561823e-03
2.183286377975536485e+00,-1.170124392431330929e-01,3.517186626058803594e-03
2.183419529992051356e+00,-1.169926307636227070e-01,3.534428050933509629e-03
2.183506696957017823e+00,-1.169412356323055735e-01,3.521951962310587714e-03
2.183653398289461034e+00,-1.169641929162834049e-01,3.565055984103085614e-03
2.183741318246899876e+00,-1.170582578301044147e-01,3.524449814751782345e-03
2.183745413152032189e+00,-1.170406957973501305e-01,3.490396765649761250e-03
2.183805527676773384e+00,-1.170775595026782023e-01,3.525426244037579548e-03
2.183866524227532580e+00,-1.171229791120753511e-01,3.547813138004740369e-03
2.183981609687870584e+00,-1.171500457038008453e-01,3.580953258017631567e-03
2.184114953274219229e+00,-1.172159318702815090e-01,3.595564827204979740e-03
2.184182697411916063e+00,-1.172530324512410377e-01,3.637826200719980387e-03
2.184249076146311364e+00,-1.173125636453361265e-01,3.682331807373929924e-03
2.184361350663811763e+00,-1.173113981359791280e-01,3.753213619901961829e-03
2.184413694382786542e+00,-1.172699795207989559e-01,3.714520022562474693e-03
2.184537632495686221e+00,-1.173628239556170627e-01,3.795986050192705352e-03
2.184631782855241955e+00,-1.174334645729579046e-01,3.762609081471452940e-03
2.184726991235879101e+00,-1.174569115571378330e-01,3.798103395304388771e-03
2.184874830374602617e+00,-1.174058074275087377e-01,3.856699838249189570e-03
2.185016362533854561e+00,-1.174498594588389844e-01,3.918343579155636990e-03
2.185090980450969944e+00,-1.174978406556471677e-01,3.922558529535298023e-03
2.185209136877959146e+00,-1.174682492939605472e-01,4.008207066226823247e-03
2.185169968725202416e+00,-1.175671140876382720e-01,4.005824482365874517e-03
2.185235812713339332e+00,-1.176267743784000647e-01,3.962312340581729438e-03
2.185309001287908170e+00,-1.177354222910766135e-01,3.917305482297216319e-03
2.185213494621814245e+00,-1.177752364198208362e-01,3.873515518104234980e-03
2.185330913112529583e+00,-1.178010134630797789e-01,3.985072414360664797e-03
2.185492046874743632e+00,-1.179009068332384502e-01,3.944525980449150628e-03
2.185600378098286889e+00,-1.179234706436727703e-01,3.936456192247916874e-03
2.185679805153730282e+00,-1.178379474425676476e-01,3.978964794208712449e-03
2.185803287360035707e+00,-1.178383117680289888e-01,4.037623458940076647e-03
2.185962547252699117e+00,-1.178475796664358033e-01,4.010441075111572350e-03
2.186023327573552333e+00,-1.178795200878789140e-01,4.025027421761109142e-03
2.186080150397326172e+00,-1.179031899303152331e-01,4.023254433593350873e-03
2.186082897174323580e+00,-1.180051793079146122e-01,4.074404095906039407e-03
2.186127678786949691e+00,-1.180494059042695443e-01,4.022644870382108967e-03
2.186191465521519106e+00,-1.180689762678707733e-01,4.063804131049143613e-03
2.186326944735817346e+00,-1.180710771337143417e-01,4.076272830022231210e-03
2.186386697044818028e+00,-1.180749929299628881e-01,4.101700100659492684e-03
2.186470287115567235e+00,-1.181415332742172669e-01,4.114186456748128613e-03
2.186577239349863699e+00,-1.181699566809343988e-01,4.060720167214435308e-03
2.186736492886815597e+00,-1.182881870035304289e-01,4.074668413475564591e-03
2.186816201298505735e+00,-1.182669190231101092e-01,4.039758915153246650e-03
2.186900436861519914e+00,-1.182395726540094449e-01,4.115438585191448159e-03
2.187004829589783039e+00,-1.182192169884980215e-01,4.132610719610325424e-03
2.186996110656435288e+00,-1.182050096293499469e-01,4.177202224471458433e-03
2.187150292146650354e+00,-1.182085624951380309e-01,4.200467222879232694e-03
2.187185747577289785e+00,-1.182224840760702222e-01,4.182988000533935206e-03
2.187355059801368462e+00,-1.181358667564133130e-01,4.235042458088308232e-03
2.187457916706165850e+00,-1.181806123039159523e-01,4.184951369350896344e-03
2.187592081904652375e+00,-1.182807492033565860e-01,4.185811883174458264e-03
2.187649283008604506e+00,-1.183164166549516283e-01,4.126092360986158974e-03
2.187660913837177201e+00,-1.183591435585178292e-01,4.121226949156047564e-03
2.187793801112134506e+00,-1.184179386179137483e-01,4.141814849585361870e-03
2.187917278479766914e+00,-1.184348625062797838e-01,4.085366664288471450e-03
2.188042230992913950e+00,-1.184215695093401161e-01,4.070729716524235271e-03
2.188027482187478778e+00,-1.184350511890275431e-01,4.022616872066368462e-03
2.188106207484958876e+00,-1.183972327448434142e-01,4.013114673484928334e-03
2.188114301763906422e+00,-1.183741114924209553e-01,4.043467354082801515e-03
2.188147299617007935e+00,-1.183298256607285687e-01,4.137358679510121616e-03
2.188229929766044357e+00,-1.183254950988998910e-01,4.159803980037096727e-03
2.188301927475616804e+00,-1.183782485908268373e-01,4.102801374232422499e-03
2.188339214879059469e+00,-1.184323746625647045e-01,4.081355607378437528e-03
2.188401601912847827e+00,-1.185058728682518020e-01,4.105177792563132096e-03
2.188467978111121148e+00,-1.186420688565427289e-01,4.110619257740552243e-03
2.188493856054950726e+00,-1.186721589359622520e-01,4.223001370073888733e-03
2.188568669041082604e+00,-1.187558264730110280e-01,4.226326473120342250e-03
2.188545617001161236e+00,-1.187861902905450323e-01,4.167736122661249223e-03
2.188672020450874278e+00,-1.187652799405065074e-01,4.145602867514671178e-03
2.188705210567011505e+00,-1.188025367364327345e-01,4.060522508271288342e-03
2.188824933356566582e+00,-1.188789654651776495e-01,4.046450523898788114e-03
2.188882237320656010e+00,-1.188806843532047713e-01,4.011950579405148230e-03
2.188951053543294556e+00,-1.189083307356056940e-01,4.007686359957490785e-03
2.188983755630339090e+00,-1.189435697876140563e-01,3.975353372006562754e-03
2.189033670447618984e+00,-1.190074780262688481e-01,4.052147245166234403e-03
2.189087723152749909e+00,-1.189613825353318527e-01,4.062437037080554245e-03
2.189172282646385082e+00,-1.190303817612019532e-01,4.037236207577113087e-03
2.189178604020871610e+00,-1.190617338739025088e-01,4.075313146149847979e-03
2.189259624892479827e+00,-1.190505944364744911e-01,4.073309163159551625e-03
2.189352219283716483e+00,-1.189870861459298296e-01,4.064384328705134171e-03
2.189522459141590716e+00,-1.190718141521743545e-01,4.165419398080731639e-03
2.189584568745299276e+00,-1.191519927025348619e-01,4.185248761799626772e-03
2.189671610998402684e+00,-1.192406564879198438e-01,4.222302979928736939e-03
2.189706667202854007e+00,-1.192844389459612464e-01,4.258567563549696053e-03
2.189710951138103656e+00,-1.193785513920225388e-01,4.171202750068025641e-03
2.189738085014170110e+00,-1.193472916639911063e-01,4.207530797980142158e-03
2.189813680129740980e+00,-1.194122618478175302e-01,4.222459206493790404e-03
2.189846177144405992e+00,-1.193576630103346109e-01,4.263359757851454754e-03
2.189824063371734741e+00,-1.193946803550201552e-01,4.291292188874730462e-03
2.189874987754964586e+00,-1.193586534667718801e-01,4.302703150805287265e-03
2.189942543235059436e+00,-1.193040173635302043e-01,4.318941146302251316e-03
2.190073043731980640e+00,-1.193815621433298030e-01,4.330581621524352831e-03
2.190074365574741666e+00,-1.194396234461616718e-01,4.338425190198468874e-03
2.190072926931876829e+00,-1.194370061998653448e-01,4.369849830211905602e-03
2.190107534027484704e+00,-1.193911607616349735e-01,4.350231818230364082e-03
2.190195211469066372e+00,-1.194922307551386231e-01,4.367752253488854826e-03
2.190218543166165599e+00,-1.196255293490266353e-01,4.311782489940007082e-03
2.190353792270292921e+00,-1.197280397171570088e-01,4.280090352146049583e-03
2.190412684350406813e+00,-1.197146572642042162e-01,4.316785993328310297e-03
2.190478607484211526e+00,-1.196835583467958930e-01,4.332655982086947716e-03
2.190531035763273682e+00,-1.197418588556148356e-01,4.362494845688636921e-03
2.190571520398655991e+00,-1.198580018220617577e-01,4.389327490363246695e-03
2.190607862212368584e+00,-1.198504729639705002e-01,4.408296988487989294e-03
2.190595825778901329e+00,-1.198824704009912590e-01,4.407292724070947451e-03
2.190666756770773826e+00,-1.198985381843850617e-01,4.350528036593565191e-03
2.190723745192828087e+00,-1.200701524636606093e-01,4.311001440006070710e-03
2.190807630720992716e+00,-1.201146575989555793e-01,4.279762877709694310e-03
2.190909034389614707e+00,-1.202185470758066060e-01,4.276572697346343183e-03
2.190974928842349900e+00,-1.201581919771068652e-01,4.234657832597609091e-03
2.191004506574830479e+00,-1.201816417545865101e-01,4.247545086342043030e-03
2.191013074451714893e+00,-1.202751193177321182e-01,4.301417093943596913e-03
2.191108096340649070e+00,-1.203471053605709856e-01,4.369569384992694205e-03
2.191186195943089832e+00,-1.205193807953583024e-01,4.339093209540225045e-03
2.191306399230636970e+00,-1.205287408313600594e-01,4.311927517658765800e-03
2.191408005701118267e+00,-1.205622667096054174e-01,4.300983927325779943e-03
2.191431335586268681e+00,-1.206483084213729184e-01,4.339702516468516361e-03
2.191386517773708853e+00,-1.206154719249684093e-01,4.387917502793404860e-03
2.191511412919662671e+00,-1.206232959356369761e-01,4.400274183595149526e-03
2.191690019996094474e+00,-1.206756869841803942e-01,4.375530570677426193e-03
2.191777617360375352e+00,-1.207106490726699843e-01,4.371929170477645114e-03
2.191806265558073008e+00,-1.207675705655273518e-01,4.349659584752590610e-03
2.192011218812421891e+00,-1.207969756782007187e-01,4.351400616132777670e-03
2.192014709374216164e+00,-1.208145634751861541e-01,4.352534446187513936e-03
2.192059970971628413e+00,-1.208774809514679693e-01,4.501233026663965624e-03
2.192184525849189658e+00,-1.208855299739308997e-01,4.468777987323800140e-03
2.192145575050739925e+00,-1.209226544142118359e-01,4.533789440925804423e-03
2.192250101714662502e+00,-1.208866135307319067e-01,4.541621709741550279e-03
2.192322787918398852e+00,-1.208574159158267575e-01,4.551881315917708469e-03
2.192361550241841872e+00,-1.208899474493582982e-01,4.549839515295981199e-03
2.192424152105052926e+00,-1.209128702269963301e-01,4.553428419652207938e-03
2.192482805233971987e+00,-1.209829395900857280e-01,4.650412197359245735e-03
2.192605864234212554e+00,-1.210212295601666987e-01,4.667780446303285841e-03
2.192686830926292796e+00,-1.211239719050416636e-01,4.619213850046989013e-03
2.192831198854678032e+00,-1.210727562465789275e-01,4.621784645530410685e-03
2.192929851364461058e+00,-1.210907539377259617e-01,4.552669112306374777e-03
2.193042377474577087e+00,-1.211758783801002159e-01,4.522550724223284822e-03
2.193127478526262664e+00,-1.211812455912043979e-01,4.487493209677017453e-03
2.193208347365924293e+00,-1.212201991836222709e-01,4.429792479767179214e-03
2.193361970378012060e+00,-1.212594559648341869e-01,4.437747973617274175e-03
2.193462919556529389e+00,-1.213174464399325719e-01,4.445783520762319578e-03
2.193451873330404478e+00,-1.213818198881604360e-01,4.493351619689615190e-03
2.193583434169653401e+00,-1.214869692424302844e-01,4.364725859313119648e-03
2.193766509521563268e+00,-1.214805525342854686e-01,4.377299516038233272e-03
2.193929985602829813e+00,-1.214745992131221336e-01,4.341608739551701401e-03
2.193919363224035024e+00,-1.214760581583034099e-01,4.352949349699244443e-03
2.194134155283635312e+00,-1.214855542144372968e-01,4.491565215118380021e-03
2.194202322109967351e+00,-1.215232486918519234e-01,4.518417364251261364e-03
2.194290243162504872e+00,-1.215139736356234401e-01,4.556563492059250570e-03
2.194376128694397465e+00,-1.215472736677164767e-01,4.514580532456818028e-03
2.194481088722608497e+00,-1.216055940601589308e-01,4.539618524396210955e-03
2.194536389304514667e+00,-1.216148263984313665e-01,4.536335029510760002e-03
2.194732127150093248e+00,-1.216416512207824235e-01,4.535878327705883395e-03
2.194778517155953068e+00,-1.216568526226277647e-01,4.561489596680587920e-03
2.194952241223919298e+00,-1.217222608812329465e-01,4.594106841912831696e-03
2.195038027181686946e+00,-1.217460254059766073e-01,4.576537481212695005e-03
2.195079368082516691e+00,-1.218027144402742817e-01,4.455089968508962016e-03
2.195135038947895634e+00,-1.218185064333590778e-01,4.471699636730900630e-03
2.195212139457134892e+00,-1.218504080721234534e-01,4.442114729993173160e-03
2.195274652071404820e+00,-1.218329205173293017e-01,4.365336292878880912e-03
2.195344016341931770e+00,-1.218654378993587473e-01,4.350145073219170017e-03
2.195512943722517818e+00,-1.219594044292051926e-01,4.297707408863348129e-03
2.195570752260229686e+00,-1.219606608651189333e-01,4.282525870891722153e-03
2.195646312486318141e+00,-1.220147212366187173e-01,4.293212174197108370e-03
2.195821864267147649e+00,-1.220459370554512341e-01,4.228996306936336214e-03
2.195833915474161735e+00,-1.221513181623396366e-01,4.236740570285075363e-03
2.195902740580639279e+00,-1.221658494601605971e-01,4.307910790309044634e-03
2.195887032383110782e+00,-1.222830791850784693e-01,4.374383447955655126e-03
2.195956426841059184e+00,-1.223842256429249903e-01,4.426681764558228378e-03
2.196043243335854100e+00,-1.223425235074238893e-01,4.369366363210229649e-03
2.196225280603628871e+00,-1.224459322310600257e-01,4.451133332200850508e-03
2.196249230886661685e+00,-1.224679613026740527e-01,4.447193116411730408e-03
2.196330701462012591e+00,-1.225016713929289597e-01,4.499180654068552984e-03
2.196459250954160503e+00,-1.225752975798170274e-01,4.394561581893401472e-03
2.196481152717900009e+00,-1.226271422930600846e-01,4.442818271812283039e-03
2.196574306581716041e+00,-1.226669220054670273e-01,4.419452103433092749e-03
2.196679056677433017e+00,-1.226885513835415109e-01,4.403752017499786703e-03
2.196721089371258540e+00,-1.228232915731519298e-01,4.401740741227336794e-03
2.196771524592626701e+00,-1.228014664246831616e-01,4.489656822648675598e-03
2.196953719268588401e+00,-1.227762664785223973e-01,4.467642494249276022e-03
2.196973900617961384e+00,-1.228255107843162636e-01,4.488814531572320708e-03
2.197106710321772738e+00,-1.228674768209013779e-01,4.448704861845607407e-03
2.197181796517141184e+00,-1.228572918273644343e-01,4.493654057537459744e-03
2.197410048339095479e+00,-1.229402009362305231e-01,4.534827660935152049e-03
2.197527956618718914e+00,-1.229649634892238108e-01,4.533888395817774197e-03
2.197533805372059224e+00,-1.229969596080344035e-01,4.605576636063236917e-03
2.197577909452858691e+00,-1.229924236996051690e-01,4.566276648143353413e-03
2.197621503436532731e+00,-1.230432679515214844e-01,4.563734862456978077e-03
2.197804447670980377e+00,-1.231532775255501783e-01,4.607458213621023688e-03
2.197858635849933684e+00,-1.231264776971943975e-01,4.634008176736686274e-03
2.197959898267526579e+00,-1.231576825652263840e-01,4.667290553274238210e-03
2.198003873480883552e+00,-1.231789918889530100e-01,4.709628717632954355e-03
2.198024792414474682e+00,-1.232134222675073248e-01,4.751327665843138072e-03
2.198110791009437293e+00,-1.232443009450468058e-01,4.719364932361644685e-03
2.198115399397229552e+00,-1.233368635004372937e-01,4.761553226856320153e-03
2.198190387614107344e+00,-1.233263745041080633e-01,4.769823213113235684e-03
2.198237342791106830e+00,-1.233283346712665957e-01,4.795276446526195585e-03
2.198266838985105220e+00,-1.232834008774397749e-01,4.764814846852786709e-03
2.198307964508861012e+00,-1.233128781480866271e-01,4.761260528451030129e-03
2.198426048463530957e+00,-1.234124906441316782e-01,4.813922404249675394e-03
2.198526147588887536e+00,-1.233532152745064614e-01,4.791686841601001424e-03
2.198547236859988541e+00,-1.233745836523745948e-01,4.763432373367794750e-03
2.198638491910727133e+00,-1.233232782858906251e-01,4.765054760648933935e-03
2.198704037233723430e+00,-1.234431116297592251e-01,4.716752416707253176e-03
2.198749774202322982e+00,-1.235453347374661087e-01,4.725077275044453629e-03
2.198868761273459871e+00,-1.236459314960482447e-01,4.784542243301334076e-03
2.198889298439217654e+00,-1.236550849569577754e-01,4.793483027428888446e-03
2.198987896090658367e+00,-1.237116582216727240e-01,4.776211804298454051e-03
2.199086312973503876e+00,-1.237546442960302806e-01,4.782145040139869525e-03
2.199180549822908670e+00,-1.238184439633914641e-01,4.832058158244952918e-03
2.199252379829462978e+00,-1.237889621865727319e-01,4.934010800030844482e-03
2.199312851578990813e+00,-1.238789848980754449e-01,4.945365003731498794e-03
2.199408374134641520e+00,-1.238253686399330006e-01,5.072853165027963948e-03
2.199483570232838137e+00,-1.238489068005901722e-01,5.054083993728490133e-03
2.199539443812263073e+00,-1.238468716930672675e-01,4.993479908862646921e-03
2.199603996685790541e+00,-1.239221815918267605e-01,4.966729523757007839e-03
2.199758674608920828e+00,-1.240175880426250266e-01,5.008662369472159995e-03
2.199835158144286318e+00,-1.241176923192147952e-01,5.028869883818492398e-03
2.199955638380578282e+00,-1.240993467665416905e-01,4.969559532267710071e-03
2.200062557253219975e+00,-1.241996296472696187e-01,4.997943796565540442e-03
2.200138739592917059e+00,-1.243305575075987768e-01,5.028114187485189027e-03
2.200206064806524697e+00,-1.244005185003577846e-01,4.984216779619793716e-03
2.200266637999381381e+00,-1.244921809868164975e-01,4.952748066891915490e-03
2.200362287365252634e+00,-1.245677377600079294e-01,4.992430890205925426e-03
2.200399534390796052e+00,-1.247010144490110078e-01,4.999879900569626293e-03
2.200471344389872463e+00,-1.247432818293871815e-01,4.969526468830471992e-03
2.200523956206684950e+00,-1.247115507816185381e-01,4.993719835878923999e-03
2.200543048230252818e+00,-1.247235374862485369e-01,4.984908127251628206e-03
2.200586333168121023e+00,-1.247700030100164920e-01,4.970584827117708639e-03
2.200644439735703006e+00,-1.247845069930482720e-01,4.978460820124947644e-03
2.200691321264087286e+00,-1.248276064492429005e-01,4.897505931281508421e-03
2.200789258618972788e+00,-1.247879148085263706e-01,4.934717517751454480e-03
2.200842692737475570e+00,-1.248085093511073218e-01,4.914473894832228212e-03
2.200898726625387436e+00,-1.248025454415815499e-01,4.803702539341313769e-03
2.200974635297634929e+00,-1.249053898379508531e-01,4.812949717004080634e-03
2.201028481688974026e+00,-1.249331901923643323e-01,4.931454478672038684e-03
2.201052260825104856e+00,-1.249043059863265276e-01,4.904858768327366794e-03
2.201197214003680624e+00,-1.249135843574392390e-01,5.028313824228029111e-03
2.201268513810097804e+00,-1.249375359689785664e-01,5.040863383971332622e-03
2.201300555803799686e+00,-1.249302499319383114e-01,4.967857393576173390e-03
2.201381925666970663e+00,-1.250139100528557534e-01,4.980765279854784157e-03
2.201444022000855316e+00,-1.249862356785154810e-01,5.053290395456117717e-03
2.201583536222292636e+00,-1.249273258250000462e-01,4.964398582050533713e-03
2.201628654180926237e+00,-1.249669817556805645e-01,5.010951529522196524e-03
2.201688200952836461e+00,-1.249629494350795594e-01,5.002979410149700941e-03
2.201825652460586813e+00,-1.250412103015193233e-01,4.972615075074929454e-03
2.201906609207248788e+00,-1.250667020600209900e-01,4.960779291924201188e-03
2.201954224111525971e+00,-1.251212915788567914e-01,4.927660836121876102e-03
2.201990993189538948e+00,-1.250938633551319235e-01,4.943887960335554242e-03
2.202097791830125662e+00,-1.251789568687235177e-01,5.017917488153150057e-03
2.202225234988621771e+00,-1.253002990453693788e-01,5.012531764254703551e-03
2.202268034317065304e+00,-1.253601604793802837e-01,4.986314910479996455e-03
2.202300922047077503e+00,-1.253880251703889670e-01,4.953414167876922167e-03
2.202451463890650718e+00,-1.254368910956899230e-01,5.001866629434624859e-03
2.202537924857612239e+00,-1.254648655789741551e-01,5.002974303285488179e-03
2.202564504457715788e+00,-1.254909062863833469e-01,5.056563555107753197e-03
2.202708474179738474e+00,-1.255545583056675296e-01,5.005355184975119817e-03
2.202760081823531113e+00,-1.255944455648999036e-01,5.023270314043483745e-03
2.202813108748616688e+00,-1.256086053282683690e-01,5.040170333076122305e-03
2.202883887080793190e+00,-1.255767314891289843e-01,5.022540203151672385e-03
2.202977279379384701e+00,-1.256117639854083534e-01,4.991133876674953146e-03
2.203135898984493579e+00,-1.257516756127007584e-01,5.105052003093450523e-03
2.203198387652036683e+00,-1.258762647680699009e-01,5.084638057030201573e-03
2.203204978857773000e+00,-1.258220613577318847e-01,5.066011320874458553e-03
2.203283208907683477e+00,-1.258796746696994873e-01,5.095979525942788933e-03
2.203350071692171230e+00,-1.259249019924774671e-01,5.103539459703595321e-03
2.203411734767644958e+00,-1.259835522084424841e-01,5.221811454868319040e-03
2.203441865545050948e+00,-1.259388257173363612e-01,5.220755645463258030e-03
2.203495754141135077e+00,-1.260643562138816787e-01,5.246590878976433066e-03
2.203669577728655682e+00,-1.261180274080265229e-01,5.278351393410413324e-03
2.203721345856923808e+00,-1.262275678031839210e-01,5.306474343681344928e-03
2.203767299636789190e+00,-1.263414360541564863e-01,5.260357309419469440e-03
2.203842462980590611e+00,-1.263844119641944486e-01,5.220025336730060167e-03
2.203940108414218724e+00,-1.263843011772766145e-01,5.180482337741600454e-03
2.204032452830251732e+00,-1.263484825172397630e-01,5.237074358677431055e-03
2.204124059425158322e+00,-1.263410767662994094e-01,5.406941415906539421e-03
2.204102897610146883e+00,-1.264133248319241898e-01,5.347513811475018176e-03
2.204198540512412929e+00,-1.264785491407718343e-01,5.348339802458967028e-03
2.204239519278020865e+00,-1.265023459783042037e-01,5.367696689180675995e-03
2.204326507360675258e+00,-1.265828089566420900e-01,5.353467243222219916e-03
2.204425671338117176e+00,-1.266751665934621185e-01,5.321383801960441473e-03
2.204492017388895331e+00,-1.266423683292251801e-01,5.358058237477077677e-03
2.204529381137541044e+00,-1.266499322279318884e-01,5.306810760705488531e-03
2.204561857679181447e+00,-1.267316257534145674e-01,5.359560916276774264e-03
2.204677004589230993e+00,-1.268169001207090363e-01,5.349366740864278276e-03
2.204715497484428521e+00,-1.268454140897746218e-01,5.387855070024771126e-03
2.204754337583003654e+00,-1.269800476195896421e-01,5.489908025501985880e-03
2.204754194932748934e+00,-1.270960719538953010e-01,5.444143288040845761e-03
2.204774729438381708e+00,-1.271636689901583239e-01,5.497066610518897695e-03
2.204877818399963108e+00,-1.272726999691352334e-01,5.456731378256772513e-03
2.204865074252976953e+00,-1.272503924024094291e-01,5.442832527551379196e-03
2.204858316613135472e+00,-1.272863175546081471e-01,5.416135844016609947e-03
2.204962905147755503e+00,-1.272982592768252819e-01,5.450743815089848128e-03
2.204981281426660278e+00,-1.273496397595087759e-01,5.406003461965125378e-03
2.205092424542140606e+00,-1.273582276205528774e-01,5.436356381129627685e-03
2.205124795997447151e+00,-1.273255571227963900e-01,5.527727907388517263e-03
2.205146745988352919e+00,-1.273216087095632720e-01,5.530268830969897569e-03
2.205207232477849999e+00,-1.273504314259987780e-01,5.572230546817037028e-03
2.205273053644219772e+00,-1.273318389215946089e-01,5.524140293139033313e-03
